0.0000580110
0.0000580870
0.0000582000
0.0000582280
0.0000581100
0.0000643510
0.0000582400
0.0000581680
0.0000581000
0.0000581400
0.0000580340
0.0000581360
0.0000579920
0.0000579370
0.0000579610
0.0000579200
0.0000581200
0.0000579470
0.0000579380
0.0000579090
0.0000581310
0.0000578730
0.0000580310
0.0000579570
0.0000579690
0.0000580400
0.0000582090
0.0000580380
0.0000581020
0.0000582780
0.0000580130
0.0000579990
0.0000594350
0.0000580320
0.0000585270
0.0000580830
0.0000580570
0.0000583700
0.0000582130
0.0000580450
0.0000547750
0.0000580310
0.0000580690
0.0000580500
0.0000580380
0.0000581320
0.0000579200
0.0000581020
0.0000581770
0.0000581400
0.0000483740
0.0000557480
0.0000581400
0.0000580910
0.0000583480
0.0000580370
0.0000581100
0.0000581210
0.0000581190
0.0000581210
0.0000580370
0.0000583850
0.0000581580
0.0000551680
0.0000580420
0.0000580000
0.0000549290
0.0000370420
0.0000580420
0.0000582600
0.0000580340
0.0000582280
0.0000580180
0.0000554520
0.0000581710
0.0000582430
0.0000580800
0.0000582950
0.0000581160
0.0000580510
0.0000579930
0.0000580880
0.0000581990
0.0000579600
0.0000583300
0.0000580820
0.0000585260
0.0000579190
0.0000580670
0.0000581290
0.0000578440
0.0000580690
0.0000580400
0.0000581000
0.0000579680
0.0000303480
0.0000579740
0.0000580400
0.0000580380
0.0000580050
