0.0001152310
0.0001152690
0.0001147750
0.0001153190
0.0001153390
0.0001146780
0.0001017290
0.0001148950
0.0001146570
0.0001146570
0.0001123380
0.0001159950
0.0001149040
0.0001154180
0.0001154690
0.0001154800
0.0000916180
0.0001150850
0.0001156590
0.0001154980
0.0001144800
0.0001144270
0.0001144990
0.0001144580
0.0001144740
0.0001145210
0.0001276990
0.0001144800
0.0001144290
0.0000908300
0.0001147160
0.0001145280
0.0001145990
0.0001145300
0.0001143790
0.0001151690
0.0001021640
0.0001147260
0.0001145400
0.0001145680
0.0001425210
0.0001145370
0.0001151670
0.0000986610
0.0001144930
0.0001144490
0.0001144900
0.0001145900
0.0001145070
0.0001146370
