0.0002274950
0.0002281420
0.0001910570
0.0002274970
0.0002280970
0.0002275090
0.0002054210
0.0002275970
0.0002310670
0.0002274080
0.0002276340
0.0002275770
0.0002311330
0.0002277580
0.0002277790
0.0002275610
0.0002247790
0.0002274900
0.0001796820
0.0002274100
0.0002275330
0.0002052030
0.0002280670
0.0002240940
0.0002273490
0.0002173540
0.0002275490
0.0002153880
0.0002276090
0.0001798390
0.0002276490
0.0002284100
0.0002348300
0.0002276950
0.0002276590
0.0002276670
0.0002275900
0.0002276600
0.0002275820
0.0002060290
0.0002275270
0.0002011060
0.0002275580
0.0001947440
0.0002275090
0.0002279990
0.0002278310
0.0002284670
0.0002281600
0.0002285100
0.0002271520
0.0001794990
0.0002274420
0.0002174850
0.0002274850
0.0001780520
0.0002272870
0.0002177030
0.0002247930
0.0001855380
0.0002272350
0.0002277560
0.0001795190
0.0002275800
0.0002168460
0.0002281870
0.0002269730
0.0002273710
0.0002236490
0.0002281720
0.0002273010
0.0002273600
0.0002275960
0.0002254690
0.0002275300
0.0002273900
0.0002274600
0.0002276910
0.0002275390
0.0002273760
0.0002271610
0.0002271890
0.0002272310
0.0002276850
0.0002274990
0.0002274290
0.0002273660
0.0002272890
0.0002214130
0.0002276470
0.0002276970
0.0002000840
0.0002282790
0.0002098170
0.0002277680
0.0002205330
0.0002283680
0.0002337510
0.0002282090
0.0002301620
