0.0055993400
0.0055868930
0.0055829170
0.0056165580
0.0055978180
0.0055916080
0.0056355450
0.0056075900
0.0056014790
0.0056337060
0.0056129800
0.0055894620
0.0055854310
0.0056315200
0.0055811630
0.0056017140
0.0056082460
0.0056076120
0.0056199090
0.0056364290
0.0055925950
0.0055925610
0.0056084110
0.0055963180
0.0056003780
0.0056307230
0.0056156140
0.0056322320
0.0056100240
0.0056253340
0.0056271590
0.0056166040
0.0056134400
0.0055885740
0.0055995040
0.0055977550
0.0055908010
0.0056091930
0.0056357310
0.0056017740
0.0055937220
0.0055818060
0.0056199920
0.0056211150
0.0056274170
0.0055901590
0.0056194060
0.0056297390
0.0056089650
0.0056133510
0.0056427680
0.0055865940
0.0055994570
0.0055857650
0.0055984270
0.0056085030
0.0056098920
0.0056257550
0.0056187070
0.0056061330
0.0055960700
0.0056211390
0.0056126400
0.0056304700
0.0056062450
0.0055908070
0.0055852540
0.0055925040
0.0055974260
0.0055880940
0.0056157720
0.0056056240
0.0056233770
0.0056247890
0.0055952940
0.0056227100
0.0056308170
0.0056276560
0.0055926950
0.0055995870
0.0056264630
0.0056115960
0.0056276590
0.0056053780
0.0056366740
0.0055842420
0.0056037710
0.0056011800
0.0055873470
0.0056139290
0.0056123140
0.0055980800
0.0055886090
0.0056076970
0.0056249530
0.0056357560
0.0055947810
0.0056321870
0.0055868600
0.0055826240
