0.0000579480
0.0000580490
0.0000581110
0.0000583300
0.0000580880
0.0000582420
0.0000580500
0.0000551120
0.0000581120
0.0000581760
0.0000582100
0.0000580370
0.0000583100
0.0000579760
0.0000578670
0.0000607180
0.0000579660
0.0000578980
0.0000583070
0.0000579780
0.0000579460
0.0000580640
0.0000583670
0.0000585120
0.0000580620
0.0000580760
0.0000583090
0.0000583080
0.0000580780
0.0000581000
0.0000557780
0.0000583200
0.0000582170
0.0000581490
0.0000583400
0.0000580700
0.0000546710
0.0000581900
0.0000546280
0.0000580920
0.0000580770
0.0000592750
0.0000580900
0.0000580940
0.0000580710
0.0000661860
0.0000580090
0.0000580040
0.0000580360
0.0000579900
