0.0001715790
0.0001679950
0.0001712960
0.0001717570
0.0001712560
0.0001716670
0.0001711920
0.0001712450
0.0001711440
0.0001818130
0.0001710580
0.0001808890
0.0001709760
0.0001710660
0.0001711300
0.0001711770
0.0001556080
0.0001710600
0.0001709870
0.0001710960
0.0001718270
0.0001717150
0.0001720350
0.0001821090
0.0001715290
0.0001722940
0.0001715360
0.0001715670
0.0001806350
0.0001715610
0.0001710660
0.0001713540
0.0001712090
0.0001715880
0.0001713040
0.0001709370
0.0001767750
0.0001715410
0.0001708450
0.0001709320
0.0001718860
0.0001722450
0.0001723060
0.0001615790
0.0001712380
0.0001726260
0.0001712920
0.0001723340
0.0001660370
0.0001687030
