0.0000580220
0.0000580020
0.0000580310
0.0000424580
0.0000579590
0.0000588010
0.0000578210
0.0000580820
0.0000579600
0.0000578790
0.0000581590
0.0000581500
0.0000551370
0.0000585060
0.0000582700
0.0000519320
0.0000581810
0.0000581410
0.0000580890
0.0000580660
0.0000579830
0.0000581090
0.0000581890
0.0000581700
0.0000585790
0.0000581200
0.0000581150
0.0000584990
0.0000581410
0.0000579900
0.0000549130
0.0000580080
0.0000581500
0.0000580180
0.0000259270
0.0000583090
0.0000580080
0.0000583690
0.0000580220
0.0000579570
0.0000579540
0.0000549910
0.0000580010
0.0000584460
0.0000507200
0.0000581090
0.0000581120
0.0000580400
0.0000548170
0.0000581610
