0.0178712460
0.0178723410
0.0178741870
0.0178633230
0.0179051420
0.0178668910
0.0178808220
0.0178718140
0.0178535090
0.0178822540
0.0178840250
0.0178807610
0.0178627630
0.0179071500
0.0179066550
0.0178823490
0.0179004990
0.0178763060
0.0178853280
0.0178823970
0.0178897280
0.0178875450
0.0179056850
0.0178587590
0.0178745340
0.0178691800
0.0178722750
0.0178740190
0.0178874910
0.0178635030
0.0179031710
0.0178792940
0.0178871620
0.0178999220
0.0178615090
0.0178748700
0.0178844200
0.0178653310
0.0178531300
0.0178583380
0.0178905500
0.0179069330
0.0178938500
0.0178585130
0.0178590370
0.0178756010
0.0178565520
0.0179071030
0.0179040470
0.0178588120
