0.0000580930
0.0000580830
0.0000546970
0.0000584790
0.0000580610
0.0000579220
0.0000546880
0.0000581100
0.0000547500
0.0000584380
0.0000578720
0.0000582300
0.0000580260
0.0000580390
0.0000579410
0.0000579610
0.0000580150
0.0000581520
0.0000579810
0.0000580380
0.0000579070
0.0000580480
0.0000581600
0.0000580810
0.0000580780
0.0000582680
0.0000582290
0.0000580970
0.0000580860
0.0000418190
0.0000579760
0.0000580990
0.0000580800
0.0000585390
0.0000580100
0.0000581480
0.0000581070
0.0000581690
0.0000581410
0.0000581190
0.0000583390
0.0000581700
0.0000585160
0.0000581610
0.0000585640
0.0000583790
0.0000580400
0.0000584960
0.0000582910
0.0000648100
