0.0007229110
0.0007367500
0.0007303070
0.0007544710
0.0007362810
0.0007453600
0.0007118310
0.0007333900
0.0007554870
0.0007055210
0.0007549000
0.0007341480
0.0007281650
0.0007375830
0.0007368780
0.0007390520
0.0007593520
0.0007356630
0.0007302860
0.0007504240
0.0007240310
0.0007361790
0.0007209360
0.0007546480
0.0007232450
0.0007360300
0.0007252850
0.0007382620
0.0007363710
0.0007022270
0.0007568790
0.0007328040
0.0007320190
0.0007246890
0.0007388300
0.0007445390
0.0007355170
0.0007295150
0.0007328760
0.0007085410
0.0007118470
0.0007363700
0.0007232410
0.0007459890
0.0007369780
0.0007382210
0.0007028260
0.0007227260
0.0007125130
0.0007370680
0.0007320690
0.0007190420
0.0007177900
0.0007078600
0.0007361900
0.0007525810
0.0007281880
0.0007360100
0.0007321870
0.0007386200
0.0007415810
0.0007108010
0.0007366780
0.0007431200
0.0007364790
0.0007369470
0.0007247010
0.0007560900
0.0007106000
0.0007554090
0.0007362580
0.0007570180
0.0007063140
0.0007368070
0.0007314340
0.0007459780
0.0007329820
0.0007300420
0.0007105610
0.0007187490
0.0007053890
0.0007362880
0.0007085850
0.0007426410
0.0007368860
0.0007265310
0.0007417600
0.0007367570
0.0007322700
0.0007410010
0.0007363900
0.0007009940
0.0007461830
0.0007072690
0.0007424250
0.0007371850
0.0007065860
0.0007383870
0.0007326520
0.0007159910
