0.0000578100
0.0000579380
0.0000580060
0.0000579270
0.0000594820
0.0000579390
0.0000579590
0.0000579800
0.0000579160
0.0000579290
0.0000582080
0.0000580010
0.0000583280
0.0000581240
0.0000580500
0.0000165860
0.0000580480
0.0000581400
0.0000580870
0.0000581180
0.0000583120
0.0000545590
0.0000582100
0.0000546140
0.0000581390
0.0000581190
0.0000580280
0.0000581610
0.0000581910
0.0000581730
0.0000582390
0.0000582610
0.0000582620
0.0000582580
0.0000583270
0.0000582570
0.0000582330
0.0000583090
0.0000582680
0.0000581690
0.0000581910
0.0000582300
0.0000585700
0.0000585300
0.0000582390
0.0000154600
0.0000584290
0.0000581700
0.0000581700
0.0000582580
0.0000579510
0.0000580990
0.0000580870
0.0000582120
0.0000580320
0.0000145200
0.0000580020
0.0000580770
0.0000579890
0.0000580310
0.0000580230
0.0000580080
0.0000580720
0.0000580070
0.0000580400
0.0000580390
0.0000580630
0.0000580190
0.0000580980
0.0000579870
0.0000578990
0.0000581410
0.0000580800
0.0000581820
0.0000581760
0.0000581480
0.0000581900
0.0000585320
0.0000581580
0.0000581960
0.0000551630
0.0000581150
0.0000581450
0.0000584700
0.0000579960
0.0000552100
0.0000558110
0.0000581390
0.0000580090
0.0000581260
0.0000580330
0.0000583290
0.0000581580
0.0000583860
0.0000582990
0.0000582060
0.0000581190
0.0000580390
0.0000584490
0.0000580070
