0.0011716120
0.0011403000
0.0011721160
0.0011372710
0.0011739830
0.0011660930
0.0011509770
0.0011618080
0.0011706960
0.0011287380
0.0011278320
0.0011683090
0.0011350830
0.0011766750
0.0011485090
0.0011247780
0.0011596410
0.0011501710
0.0011305510
0.0011741560
0.0011407880
0.0011506320
0.0011649310
0.0011526170
0.0011358290
0.0011332230
0.0011289110
0.0011743440
0.0011394890
0.0011299080
0.0011253690
0.0011355600
0.0011284400
0.0011640320
0.0011330080
0.0011678280
0.0011352010
0.0011438390
0.0011312570
0.0011636870
0.0011707510
0.0011657910
0.0011572370
0.0011505810
0.0011279710
0.0011481010
0.0011654140
0.0011634680
0.0011223510
0.0011574090
0.0011252760
0.0011653090
0.0011395690
0.0011375410
0.0011698580
0.0011457370
0.0011403270
0.0011563720
0.0011372110
0.0011460880
0.0011390510
0.0011397190
0.0011489890
0.0011269200
0.0011573990
0.0011765120
0.0011490300
0.0011656630
0.0011771180
0.0011517890
0.0011683620
0.0011485940
0.0011266760
0.0011500810
0.0011324940
0.0011571010
0.0011697270
0.0011373060
0.0011502780
0.0011739020
0.0011604680
0.0011572180
0.0011749080
0.0011400200
0.0011525810
0.0011241900
0.0011423050
0.0011308800
0.0011726290
0.0011563240
0.0011574910
0.0011600190
0.0011221420
0.0011484210
0.0011658270
0.0011524200
0.0011590250
0.0011423580
0.0011638060
0.0011394980
