0.0000580440
0.0000580580
0.0000580120
0.0000581510
0.0000580670
0.0000580100
0.0000579830
0.0000581100
0.0000580470
0.0000580700
0.0000583260
0.0000582220
0.0000580160
0.0000581890
0.0000579960
0.0000583760
0.0000582400
0.0000579790
0.0000580090
0.0000580610
0.0000581690
0.0000581390
0.0000582910
0.0000581870
0.0000582500
0.0000583630
0.0000581490
0.0000582900
0.0000581800
0.0000582720
0.0000583090
0.0000582570
0.0000579910
0.0000583880
0.0000581570
0.0000579100
0.0000580690
0.0000578700
0.0000580590
0.0000158490
0.0000580350
0.0000581400
0.0000343690
0.0000580870
0.0000580800
0.0000581900
0.0000584330
0.0000580930
0.0000564860
0.0000583000
