0.0223592090
0.0223350800
0.0223661800
0.0223414570
0.0223386500
0.0223689860
0.0223481910
0.0223614380
0.0223459580
0.0223479590
0.0223153690
0.0223228630
0.0223490120
0.0223168910
0.0223536650
0.0223178430
0.0223463320
0.0223429280
0.0223462520
0.0223673730
0.0223392900
0.0223228170
0.0223528520
0.0223519860
0.0223144410
0.0223615420
0.0223574230
0.0223553750
0.0223356640
0.0223212120
0.0223616400
0.0223335420
0.0223239400
0.0223383120
0.0223308320
0.0223526890
0.0223277880
0.0223233470
0.0223166100
0.0223561000
0.0223473500
0.0223682170
0.0223561010
0.0223370900
0.0223350810
0.0223533130
0.0223602100
0.0223402710
0.0223180650
0.0223389370
