0.0028071420
0.0028195890
0.0028186500
0.0028019920
0.0027983010
0.0028277740
0.0028219200
0.0027938430
0.0027937350
0.0028476380
0.0028154520
0.0028432670
0.0028176660
0.0028290420
0.0028036750
0.0028313570
0.0028304570
0.0028025910
0.0028318310
0.0028304560
0.0028447130
0.0028257520
0.0027999080
0.0028028400
0.0028230650
0.0028270390
0.0028074230
0.0028319740
0.0028293340
0.0028183150
0.0028139670
0.0028088040
0.0028369030
0.0028265660
0.0028056450
0.0028415510
0.0027985640
0.0027971920
0.0028376060
0.0028151970
0.0028317070
0.0027952180
0.0028301780
0.0028417740
0.0028461520
0.0028170550
0.0027965330
0.0028474780
0.0028215190
0.0028468380
0.0028086440
0.0028130230
0.0028106890
0.0028448820
0.0028047080
0.0028230210
0.0028456630
0.0028318420
0.0028434500
0.0028196330
0.0028070740
0.0028423980
0.0028156410
0.0028169260
0.0028206960
0.0028417330
0.0028135630
0.0028013270
0.0027998200
0.0028032440
0.0028119200
0.0028439800
0.0028325070
0.0028283020
0.0028382230
0.0028355420
0.0028077970
0.0028444270
0.0028242540
0.0028251880
0.0028143300
0.0028442940
0.0028264870
0.0028197940
0.0028366740
0.0028252090
0.0028088800
0.0028533210
0.0028457060
0.0028066770
0.0028374570
0.0028278050
0.0028059560
0.0028169400
0.0028051470
0.0028392720
0.0028338650
0.0028080100
0.0028038210
0.0028455610
