0.0000581200
0.0000583010
0.0000580480
0.0000582260
0.0000581580
0.0000582820
0.0000582100
0.0000581720
0.0000582160
0.0000582010
0.0000579500
0.0000582130
0.0000580490
0.0000581010
0.0000213900
0.0000546210
0.0000581210
0.0000580300
0.0000581200
0.0000582380
0.0000581000
0.0000584060
0.0000585340
0.0000605780
0.0000580370
0.0000581500
0.0000580590
0.0000585280
0.0000581320
0.0000580320
0.0000580480
0.0000582600
0.0000584990
0.0000580590
0.0000584400
0.0000582780
0.0000583210
0.0000581300
0.0000584200
0.0000581320
0.0000580650
0.0000581480
0.0000581620
0.0000581870
0.0000583820
0.0000206600
0.0000580880
0.0000581090
0.0000581160
0.0000550490
0.0000578020
0.0000579570
0.0000578490
0.0000578470
0.0000579180
0.0000578770
0.0000579290
0.0000579280
0.0000579510
0.0000579600
0.0000581070
0.0000579770
0.0000580890
0.0000580790
0.0000580320
0.0000581220
0.0000581420
0.0000581410
0.0000581490
0.0000580820
0.0000579000
0.0000582360
0.0000579900
0.0000581100
0.0000580910
0.0000579680
0.0000579190
0.0000579370
0.0000579800
0.0000580420
0.0000580800
0.0000579820
0.0000583170
0.0000579550
0.0000601170
0.0000582980
0.0000552780
0.0000580270
0.0000580090
0.0000582810
0.0000583040
0.0000582700
0.0000584000
0.0000584490
0.0000582700
0.0000586990
0.0000585110
0.0000582980
0.0000583900
0.0000583170
