0.0000102870
0.0000095530
0.0000095900
0.0000096340
0.0000094670
0.0000095790
0.0000096270
0.0000095610
0.0000095200
0.0000096280
0.0000103500
0.0000095690
0.0000096170
0.0000096830
0.0000095990
0.0000095340
0.0000095360
0.0000136110
0.0000141110
0.0000096200
0.0000103580
0.0000095690
0.0000096540
0.0000095970
0.0000097150
0.0000096120
0.0000095770
0.0000096610
0.0000096450
0.0000097090
0.0000102100
0.0000095760
0.0000096050
0.0000095860
0.0000095510
0.0000095560
0.0000096780
0.0000095440
0.0000096160
0.0000097560
0.0000103080
0.0000096150
0.0000095300
0.0000095370
0.0000095980
0.0000096880
0.0000096350
0.0000095300
0.0000094540
0.0000097460
0.0000103560
0.0000095930
0.0000096170
0.0000096110
0.0000095750
0.0000096930
0.0000096370
0.0000096630
0.0000095540
0.0000097020
0.0000101880
0.0000095390
0.0000095980
0.0000094790
0.0000094840
0.0000095160
0.0000095820
0.0000095400
0.0000095770
0.0000096780
0.0000103080
0.0000096180
0.0000095480
0.0000096020
0.0000095840
0.0000095870
0.0000095720
0.0000095530
0.0000095600
0.0000096930
0.0000102790
0.0000095300
0.0000095360
0.0000095470
0.0000095520
0.0000095670
0.0000094740
0.0000094540
0.0000096250
0.0000096380
0.0000103820
0.0000098020
0.0000097300
0.0000097010
0.0000097680
0.0000096900
0.0000097220
0.0000097250
0.0000097240
0.0000090640
