0.0005794390
0.0006084070
0.0005651780
0.0005669370
0.0005974130
0.0005662450
0.0005655220
0.0005911210
0.0005693400
0.0005625600
0.0005654260
0.0005648420
0.0005778520
0.0005861980
0.0005692130
0.0005650100
0.0005647300
0.0005930850
0.0005881210
0.0005644460
0.0006115090
0.0006125050
0.0005690700
0.0005839220
0.0005979630
0.0005639570
0.0005648510
0.0005713460
0.0006174010
0.0005687290
0.0005753430
0.0006102840
0.0005645100
0.0005712400
0.0005686990
0.0005688510
0.0006168310
0.0005686550
0.0006179490
0.0005681980
0.0005959310
0.0005691800
0.0005648770
0.0005649930
0.0005972700
0.0005642430
0.0005954480
0.0006147130
0.0005706090
0.0006167880
0.0006144500
0.0005940540
0.0005857070
0.0005651020
0.0005691190
0.0006040990
0.0005689600
0.0005691250
0.0006018950
0.0005711960
0.0005672670
0.0005637650
0.0005642100
0.0005681880
0.0005680720
0.0005820610
0.0006178930
0.0006015040
0.0005641070
0.0006079640
0.0005674210
0.0005646310
0.0005993950
0.0005643740
0.0005664770
0.0005667080
0.0005639900
0.0005839000
0.0005683190
0.0005648270
0.0005679780
0.0005652320
0.0005689290
0.0005642980
0.0005774990
0.0005665490
0.0005686710
0.0005732270
0.0005998680
0.0005641770
0.0005690970
0.0005643560
0.0005646220
0.0006015580
0.0006061230
0.0005789070
0.0005688970
0.0006142600
0.0006136800
0.0005645690
0.0005979610
0.0005875460
0.0005667340
0.0006107890
0.0005642500
0.0005680780
0.0005677130
0.0006107310
0.0005678170
0.0005990100
0.0005863050
0.0005644610
0.0005615320
0.0005908610
0.0005677280
0.0006137880
0.0005854000
0.0005665300
0.0005945680
0.0005641700
0.0005691250
0.0005647990
0.0005646900
0.0005689310
0.0006014590
0.0005735920
0.0005641180
0.0006086140
0.0005997220
0.0005732570
