0.0000560390
0.0000550430
0.0000549930
0.0000555840
0.0000554980
0.0000555270
0.0000549590
0.0000550840
0.0000549510
0.0000548950
0.0000563780
0.0000553590
0.0000549240
0.0000556150
0.0000550320
0.0000553800
0.0000555300
0.0000548530
0.0000548160
0.0000554380
0.0000561440
0.0000550590
0.0000554280
0.0000550520
0.0000554680
0.0000555140
0.0000555210
0.0000550450
0.0000549650
0.0000553400
0.0000561230
0.0000553270
0.0000547500
0.0000554700
0.0000548310
0.0000555550
0.0000553030
0.0000551480
0.0000552860
0.0000555240
0.0000562550
0.0000549340
0.0000548410
0.0000555140
0.0000553770
0.0000554740
0.0000554170
0.0000548550
0.0000550750
0.0000549840
0.0000557350
0.0000554960
0.0000549490
0.0000553880
0.0000548400
0.0000548270
0.0000548760
0.0000555720
0.0000550020
0.0000548220
0.0000562110
0.0000549260
0.0000550680
0.0000552700
0.0000548210
0.0000547530
0.0000554860
0.0000550040
0.0000554650
0.0000554750
0.0000563520
0.0000554600
0.0000554910
0.0000548910
0.0000558610
0.0000550790
0.0000555590
0.0000554540
0.0000555310
0.0000554920
0.0000560470
0.0000554410
0.0000555150
0.0000555060
0.0000548530
0.0000555320
0.0000554390
0.0000549030
0.0000556780
0.0000548140
0.0000560650
0.0000548290
0.0000553190
0.0000554890
0.0000555350
0.0000554450
0.0000553590
0.0000547650
0.0000555610
0.0000550000
