0.0002105700
0.0002077730
0.0002222460
0.0001770770
0.0002254220
0.0001782940
0.0002284730
0.0002201070
0.0002283120
0.0002287300
0.0002279870
0.0002245630
0.0002281620
0.0002277280
0.0002277370
0.0002279270
0.0002108530
0.0002245700
0.0002048070
0.0002246350
0.0002289020
0.0001902730
0.0002282910
0.0002281210
0.0002286010
0.0002253210
0.0002283640
0.0002283910
0.0002321550
0.0002282380
0.0002283320
0.0002287620
0.0002281810
0.0002284590
0.0002304050
0.0002283110
0.0002004610
0.0002282190
0.0002284670
0.0002282440
0.0002291640
0.0002314650
0.0002274780
0.0002274320
0.0002274910
0.0002273120
0.0002280110
0.0002276110
0.0002270450
0.0002279130
0.0002282860
0.0001959490
0.0002249630
0.0002279990
0.0002279850
0.0002281890
0.0002096000
0.0002280830
0.0002136710
0.0002282000
0.0002286250
0.0002282550
0.0002282220
0.0002282850
0.0002285550
0.0002281330
0.0002282650
0.0002305810
0.0002283360
0.0002284810
0.0001817600
0.0002278490
0.0002283880
0.0002322500
0.0002281930
0.0002015930
0.0002278350
0.0002278920
0.0002281640
0.0002283610
0.0002284020
0.0002282710
0.0002281880
0.0002281790
0.0002153260
0.0002281550
0.0001840830
0.0002282910
0.0002282510
0.0002285980
0.0002280990
0.0002281940
0.0002254110
0.0001949530
0.0002283270
0.0002282330
0.0002283380
0.0002283620
0.0002282730
0.0002282410
