0.0001606560
0.0001602260
0.0001602760
0.0001601670
0.0001609940
0.0001603990
0.0001601410
0.0001615490
0.0001603190
0.0001610650
0.0001602640
0.0001601080
0.0001601230
0.0001599840
0.0001601010
0.0001839570
0.0001600520
0.0001602980
0.0001600970
0.0001601210
0.0001604790
0.0001602400
0.0001602670
0.0001602090
0.0001602550
0.0001602900
0.0001602720
0.0001601350
0.0001606660
0.0001605630
0.0001602720
0.0001602890
0.0001601060
0.0001600760
0.0001604450
0.0001600790
0.0001600680
0.0001601020
0.0001600390
0.0001601960
0.0001604080
0.0001600970
0.0001601710
0.0001603440
0.0001601590
0.0001601980
0.0001602020
0.0001601990
0.0001601540
0.0001602700
0.0001603570
0.0001602320
0.0001600250
0.0001600850
0.0001600280
0.0001601020
0.0001600890
0.0001600760
0.0001600640
0.0001600330
0.0001604710
0.0001600630
0.0001602900
0.0001601850
0.0001600830
0.0001600890
0.0001603440
0.0001601300
0.0001601440
0.0001601080
0.0001607770
0.0001603020
0.0001600570
0.0001600490
0.0001600610
0.0001600220
0.0001601050
0.0001727430
0.0001600410
0.0001600690
0.0001603800
0.0001600420
0.0001601110
0.0001600580
0.0001601220
0.0001600530
0.0001819770
0.0001600950
0.0001600490
0.0001600760
0.0001610170
0.0001602290
0.0001602070
0.0001603980
0.0001601340
0.0001602910
0.0001601340
0.0001603740
0.0001602310
0.0001601630
0.0001438730
0.0001432930
0.0001427460
0.0001428000
0.0001433630
0.0001431960
0.0001433020
0.0001427010
0.0001425690
0.0001427740
0.0001435010
0.0001425540
0.0001426970
0.0001432450
0.0001433480
0.0001431600
0.0001428940
0.0001429810
0.0001432590
0.0001425330
0.0001433750
0.0001426700
0.0001428040
0.0001432180
0.0001427950
0.0001428550
0.0001431840
0.0001425820
0.0001425850
0.0001430180
0.0001438880
0.0001428480
0.0001432360
0.0001426240
0.0001428000
0.0001431040
0.0001428130
0.0001524810
0.0001432510
0.0001428610
0.0001434540
0.0001432340
0.0001427310
0.0001426740
0.0001427220
0.0001426230
0.0001432560
0.0001432580
0.0001426470
0.0001428490
0.0001435000
0.0001431380
0.0001427730
0.0001432500
0.0001427540
0.0001429640
0.0001426900
0.0001430810
0.0001426840
0.0001432300
0.0001433590
0.0001431470
0.0001437530
0.0001431120
0.0001427080
0.0001429430
0.0001430970
0.0001430500
0.0001426520
0.0001426730
0.0001435980
0.0001426250
0.0001426270
0.0001432670
0.0001425960
0.0001430530
0.0001431870
0.0001428840
0.0001431190
0.0001428230
0.0001439610
0.0001431630
0.0001428760
0.0001432170
0.0001428570
0.0001426490
0.0001426180
0.0001427410
0.0001426760
0.0001425940
0.0001434080
0.0001426710
0.0001428250
0.0001426050
0.0001431380
0.0001425200
0.0001436430
0.0001429150
0.0001430610
0.0001430240
