0.0000134340
0.0000125180
0.0000119020
0.0000125010
0.0000125990
0.0000125500
0.0000125740
0.0000125600
0.0000126430
0.0000125370
0.0000133560
0.0000125600
0.0000118330
0.0000125750
0.0000124340
0.0000126070
0.0000125120
0.0000118330
0.0000119070
0.0000125360
0.0000128470
0.0000126310
0.0000126040
0.0000118390
0.0000125790
0.0000118330
0.0000117820
0.0000118520
0.0000118830
0.0000119620
0.0000127550
0.0000125650
0.0000124870
0.0000117750
0.0000124680
0.0000125250
0.0000125850
0.0000125320
0.0000125820
0.0000125210
0.0000125840
0.0000125160
0.0000125690
0.0000125750
0.0000125370
0.0000125030
0.0000125770
0.0000125090
0.0000125830
0.0000124740
0.0000133310
0.0000124580
0.0000124760
0.0000124660
0.0000125360
0.0000117870
0.0000125620
0.0000118440
0.0000126360
0.0000125570
0.0000131970
0.0000125520
0.0000125840
0.0000124890
0.0000125890
0.0000125490
0.0000125040
0.0000125060
0.0000118230
0.0000124940
0.0000132580
0.0000125420
0.0000125030
0.0000126120
0.0000125010
0.0000125880
0.0000125110
0.0000118300
0.0000126050
0.0000126180
0.0000132010
0.0000125550
0.0000125600
0.0000124830
0.0000118350
0.0000123620
0.0000124980
0.0000118320
0.0000125510
0.0000125320
0.0000132800
0.0000117980
0.0000126290
0.0000125150
0.0000125250
0.0000118110
0.0000125010
0.0000125450
0.0000125900
0.0000124380
