0.0000168270
0.0000161520
0.0000161430
0.0000162300
0.0000162890
0.0000161400
0.0000161790
0.0000163480
0.0000157110
0.0000162740
0.0000168290
0.0000162050
0.0000161080
0.0000162040
0.0000161570
0.0000162110
0.0000163010
0.0000162150
0.0000161710
0.0000163340
0.0000167460
0.0000161140
0.0000161930
0.0000162690
0.0000161060
0.0000161790
0.0000162200
0.0000162630
0.0000162860
0.0000161030
0.0000168600
0.0000162270
0.0000161730
0.0000161250
0.0000160510
0.0000162120
0.0000162470
0.0000161270
0.0000167370
0.0000162060
0.0000169120
0.0000161250
0.0000162120
0.0000160600
0.0000162660
0.0000162830
0.0000161980
0.0000162980
0.0000162300
0.0000161270
0.0000176100
0.0000161710
0.0000162110
0.0000162210
0.0000161490
0.0000162710
0.0000155400
0.0000162280
0.0000162110
0.0000161870
0.0000167680
0.0000160390
0.0000160850
0.0000163310
0.0000163190
0.0000161630
0.0000162730
0.0000162140
0.0000162400
0.0000162520
0.0000165900
0.0000158820
0.0000158060
0.0000157180
0.0000157840
0.0000158250
0.0000158290
0.0000157330
0.0000159460
0.0000158520
0.0000168830
0.0000161170
0.0000162900
0.0000155980
0.0000163400
0.0000163880
0.0000162090
0.0000155900
0.0000163090
0.0000162940
0.0000167700
0.0000160270
0.0000161320
0.0000162860
0.0000162510
0.0000162010
0.0000162430
0.0000162850
0.0000163220
0.0000161050
