0.0089387620
0.0089314840
0.0089353480
0.0089425780
0.0089400060
0.0089297240
0.0089461140
0.0089375540
0.0089573290
0.0089467100
0.0089340200
0.0089332000
0.0089452520
0.0089435530
0.0089623360
0.0089395130
0.0089332210
0.0089542410
0.0089612120
0.0089657430
0.0089386830
0.0089536230
0.0089675640
0.0089708190
0.0089684890
0.0089621250
0.0089592420
0.0089685190
0.0089287020
0.0089421520
0.0089377370
0.0089628130
0.0089636910
0.0089731460
0.0089590410
0.0089536750
0.0089381800
0.0089625070
0.0089704340
0.0089643760
0.0089422870
0.0089421810
0.0089555580
0.0089376990
0.0089568890
0.0089327360
0.0089377500
0.0089639650
0.0089590700
0.0089638230
0.0089486560
0.0089841950
0.0089589860
0.0089544250
0.0089612880
0.0089335140
0.0089840780
0.0089553500
0.0089473750
0.0089536840
0.0089309800
0.0089508290
0.0089330300
0.0089520800
0.0089545410
0.0089785900
0.0089399970
0.0089352420
0.0089459950
0.0089675610
0.0089837010
0.0089745930
0.0089658330
0.0089665920
0.0089462660
0.0089630570
0.0089782370
0.0089684530
0.0089503080
0.0089816610
0.0089631320
0.0089664920
0.0089789760
0.0089574650
0.0089663070
0.0089399850
0.0089380200
0.0089290670
0.0089421540
0.0089800940
0.0089399920
0.0089552020
0.0089617080
0.0089748930
0.0089524800
0.0089465010
0.0089620280
0.0089485830
0.0089635390
0.0089447590
