0.0022581930
0.0022381610
0.0022529020
0.0022707020
0.0022687730
0.0022726770
0.0022619110
0.0022749080
0.0022901510
0.0022372530
0.0022813210
0.0022612500
0.0022533340
0.0022805720
0.0022812030
0.0022598120
0.0022486690
0.0022553100
0.0022684000
0.0022767850
0.0022627740
0.0022824750
0.0022642600
0.0022378600
0.0022728800
0.0022360380
0.0022899470
0.0022620610
0.0022508390
0.0022598420
0.0022365070
0.0022516200
0.0022746870
0.0022433260
0.0022773920
0.0022801330
0.0022626090
0.0022451090
0.0022428490
0.0022646430
0.0022724240
0.0022724720
0.0022364150
0.0022896200
0.0022791900
0.0022669530
0.0022541330
0.0022606130
0.0022796860
0.0022851850
