0.0001150630
0.0001147240
0.0001146600
0.0001154650
0.0001396130
0.0001150780
0.0001146240
0.0000924970
0.0001146740
0.0001146250
0.0001150220
0.0001149630
0.0001151900
0.0001152140
0.0001149700
0.0001149380
0.0001151370
0.0001149460
0.0001152100
0.0001150730
0.0001149460
0.0001136740
0.0001146050
0.0001146650
0.0000916640
0.0001147360
0.0001153320
0.0001151660
0.0001147240
0.0001150240
0.0001152820
0.0001306620
0.0001153280
0.0001149620
0.0001046910
0.0001149500
0.0001152120
0.0001062350
0.0001152490
0.0001149560
0.0001149370
0.0001145600
0.0001146200
0.0001146890
0.0001144810
0.0001148050
0.0001145330
0.0001145440
0.0001147340
0.0001146310
