0.0056078950
0.0056335230
0.0055852840
0.0056126570
0.0056295270
0.0055930300
0.0056043960
0.0056103410
0.0055863500
0.0055926900
0.0055894070
0.0055951030
0.0056069360
0.0056339780
0.0055991230
0.0056113190
0.0056314310
0.0056281520
0.0056264560
0.0056127140
0.0056296930
0.0055829190
0.0056334450
0.0056069440
0.0055891320
0.0055952840
0.0055979510
0.0055845360
0.0056030530
0.0055958640
0.0056164320
0.0055892900
0.0056141280
0.0056350410
0.0056334440
0.0056108500
0.0056019940
0.0056104580
0.0055828720
0.0055824160
0.0055925730
0.0056144890
0.0056157080
0.0056073630
0.0056168580
0.0056186170
0.0055949120
0.0056274200
0.0056082760
0.0055873970
0.0056337660
0.0056236520
0.0056166630
0.0055989230
0.0056215210
0.0056162180
0.0056122560
0.0055988640
0.0055979240
0.0055919830
0.0055835500
0.0055811080
0.0056114100
0.0055830980
0.0055901400
0.0055887750
0.0056225180
0.0056060980
0.0056222460
0.0056023540
0.0056313880
0.0056118520
0.0055878190
0.0056239630
0.0056035460
0.0056365600
0.0056209570
0.0056144240
0.0056252630
0.0056265070
0.0056092460
0.0056221230
0.0056195420
0.0056134430
0.0055993230
0.0056128800
0.0055912020
0.0056147240
0.0056338410
0.0056219350
0.0055967490
0.0055878600
0.0056099370
0.0056347290
0.0056194940
0.0056359480
0.0056041730
0.0055992780
0.0056122810
0.0056042330
