0.0000582690
0.0000585590
0.0000583620
0.0000602700
0.0000584220
0.0000582070
0.0000155600
0.0000584110
0.0000582490
0.0000584180
0.0000583110
0.0000579790
0.0000580400
0.0000578700
0.0000581790
0.0000580090
0.0000582800
0.0000579680
0.0000579700
0.0000582290
0.0000554890
0.0000584020
0.0000582710
0.0000582320
0.0000583200
0.0000583500
0.0000583320
0.0000586980
0.0000585910
0.0000583400
0.0000581010
0.0000587070
0.0000582390
0.0000584670
0.0000581340
0.0000584990
0.0000580690
0.0000581060
0.0000105000
0.0000580590
0.0000405240
0.0000580880
0.0000581110
0.0000583800
0.0000578910
0.0000580790
0.0000570990
0.0000242900
0.0000584270
0.0000580910
0.0000582200
0.0000580100
0.0000579990
0.0000580790
0.0000581190
0.0000580800
0.0000583120
0.0000580790
0.0000547380
0.0000581180
0.0000581190
0.0000209310
0.0000584210
0.0000585460
0.0000584740
0.0000586510
0.0000582180
0.0000584800
0.0000581490
0.0000585300
0.0000585120
0.0000584200
0.0000582810
0.0000582490
0.0000582370
0.0000582400
0.0000582700
0.0000581890
0.0000581320
0.0000582370
0.0000582130
0.0000583790
0.0000582680
0.0000583340
0.0000583470
0.0000582740
0.0000428090
0.0000583800
0.0000582900
0.0000582820
0.0000583860
0.0000586720
0.0000582520
0.0000582420
0.0000582600
0.0000585710
0.0000586110
0.0000643490
0.0000583510
0.0000582690
