0.0000065130
0.0000058210
0.0000058230
0.0000057690
0.0000058710
0.0000057810
0.0000058610
0.0000058700
0.0000058050
0.0000057910
0.0000066400
0.0000058130
0.0000058420
0.0000058460
0.0000058380
0.0000058080
0.0000059000
0.0000058140
0.0000058690
0.0000058790
0.0000060730
0.0000058620
0.0000058530
0.0000058690
0.0000058320
0.0000058690
0.0000059100
0.0000058270
0.0000058360
0.0000058770
0.0000065350
0.0000058790
0.0000058110
0.0000058180
0.0000057710
0.0000057820
0.0000058840
0.0000059900
0.0000057990
0.0000058190
0.0000065970
0.0000058420
0.0000058680
0.0000057920
0.0000058110
0.0000057720
0.0000058460
0.0000058190
0.0000058510
0.0000058710
0.0000065110
0.0000057740
0.0000058840
0.0000058400
0.0000058460
0.0000058410
0.0000058590
0.0000058160
0.0000059400
0.0000059000
0.0000067090
0.0000057680
0.0000058610
0.0000058560
0.0000058590
0.0000058970
0.0000058330
0.0000059400
0.0000058990
0.0000058390
0.0000065170
0.0000058980
0.0000059140
0.0000058370
0.0000059450
0.0000059120
0.0000059450
0.0000058940
0.0000059220
0.0000059160
0.0000065840
0.0000058420
0.0000058200
0.0000058360
0.0000058850
0.0000058030
0.0000058370
0.0000058230
0.0000058060
0.0000058590
0.0000065950
0.0000058210
0.0000057440
0.0000058570
0.0000058410
0.0000059110
0.0000058050
0.0000058430
0.0000058520
0.0000058290
