0.0000050030
0.0000037040
0.0000044260
0.0000044180
0.0000037050
0.0000036920
0.0000037030
0.0000044960
0.0000044730
0.0000044560
0.0000051790
0.0000037260
0.0000037350
0.0000036860
0.0000037070
0.0000044810
0.0000036940
0.0000036490
0.0000036770
0.0000036980
0.0000050330
0.0000044640
0.0000044790
0.0000037050
0.0000044610
0.0000044640
0.0000037100
0.0000037350
0.0000037290
0.0000037010
0.0000044280
0.0000036870
0.0000036990
0.0000044530
0.0000044560
0.0000037130
0.0000044850
0.0000044760
0.0000036990
0.0000044710
0.0000046240
0.0000037240
0.0000044550
0.0000045190
0.0000044710
0.0000037080
0.0000044950
0.0000036780
0.0000045550
0.0000044560
0.0000052670
0.0000037040
0.0000037180
0.0000037500
0.0000044830
0.0000037140
0.0000044770
0.0000037160
0.0000044970
0.0000036860
0.0000051820
0.0000037210
0.0000043400
0.0000037180
0.0000036800
0.0000042660
0.0000044800
0.0000044400
0.0000044770
0.0000045050
0.0000044200
0.0000037020
0.0000045220
0.0000044660
0.0000036900
0.0000044740
0.0000044650
0.0000045000
0.0000044670
0.0000037240
0.0000044680
0.0000044390
0.0000037020
0.0000044450
0.0000045060
0.0000037080
0.0000044600
0.0000036970
0.0000036970
0.0000036870
0.0000047370
0.0000037090
0.0000044770
0.0000036920
0.0000044760
0.0000036840
0.0000037240
0.0000037360
0.0000045030
0.0000044750
