0.0000215220
0.0000207440
0.0000206690
0.0000207390
0.0000207650
0.0000207930
0.0000208160
0.0000208780
0.0000209030
0.0000208490
0.0000213840
0.0000205640
0.0000206010
0.0000214670
0.0000207930
0.0000207690
0.0000206990
0.0000206550
0.0000204870
0.0000208320
0.0000214470
0.0000206400
0.0000209990
0.0000206200
0.0000209090
0.0000207930
0.0000208560
0.0000208830
0.0000209110
0.0000208590
0.0000214650
0.0000205750
0.0000206510
0.0000206090
0.0000206770
0.0000207740
0.0000209210
0.0000208650
0.0000208280
0.0000206530
0.0000214980
0.0000205870
0.0000207470
0.0000212820
0.0000212620
0.0000208260
0.0000208300
0.0000206710
0.0000208440
0.0000217250
0.0000222110
0.0000206630
0.0000208040
0.0000208030
0.0000213650
0.0000208460
0.0000208070
0.0000208510
0.0000207950
0.0000208900
0.0000225010
0.0000206890
0.0000228000
0.0000208080
0.0000208380
0.0000208850
0.0000206860
0.0000210510
0.0000215580
0.0000208810
0.0000212880
0.0000207700
0.0000206800
0.0000206010
0.0000206620
0.0000206650
0.0000208480
0.0000208890
0.0000208170
0.0000207770
0.0000213680
0.0000206770
0.0000207170
0.0000207520
0.0000208830
0.0000206650
0.0000209840
0.0000208490
0.0000207910
0.0000211850
0.0000214950
0.0000206430
0.0000206400
0.0000207290
0.0000208460
0.0000208030
0.0000208410
0.0000209750
0.0000209020
0.0000208470
