0.0178650080
0.0178818630
0.0178660380
0.0178966590
0.0178665290
0.0179058890
0.0178833040
0.0178613860
0.0178553190
0.0178926310
0.0179016880
0.0178922870
0.0178901290
0.0178621450
0.0178874630
0.0178688520
0.0178817790
0.0178536020
0.0178920560
0.0178710470
0.0179009740
0.0179038080
0.0178690270
0.0178725640
0.0178924300
0.0178704090
0.0179031100
0.0178618050
0.0178731220
0.0178938150
0.0178536670
0.0178834370
0.0178527110
0.0178894830
0.0178987060
0.0179068620
0.0178988440
0.0178695840
0.0178742020
0.0178589080
0.0179052200
0.0178900720
0.0178856810
0.0178680830
0.0178947650
0.0178639430
0.0178945350
0.0178959060
0.0178903890
0.0178587880
