0.0000582300
0.0000582170
0.0000346070
0.0000582140
0.0000580470
0.0000582300
0.0000582380
0.0000582200
0.0000581800
0.0000581580
0.0000580150
0.0000581410
0.0000710750
0.0000584810
0.0000581410
0.0000581190
0.0000580800
0.0000580630
0.0000580390
0.0000585070
0.0000581960
0.0000580500
0.0000580110
0.0000582310
0.0000579880
0.0000583530
0.0000581770
0.0000581100
0.0000581400
0.0000580920
0.0000579930
0.0000580680
0.0000542000
0.0000580420
0.0000580490
0.0000580920
0.0000580130
0.0000583900
0.0000580900
0.0000580950
0.0000580810
0.0000580920
0.0000607590
0.0000580590
0.0000582140
0.0000584480
0.0000581520
0.0000579710
0.0000580090
0.0000580690
