0.0002852780
0.0003293960
0.0002847070
0.0002852850
0.0002848800
0.0003374990
0.0002852900
0.0002922280
0.0002877690
0.0002849690
0.0002848360
0.0002843600
0.0002831550
0.0003368990
0.0003378340
0.0003361900
0.0003367380
0.0002836800
0.0002834290
0.0002835280
0.0003331250
0.0002843390
0.0003067480
0.0003243680
0.0002835690
0.0003367920
0.0003371810
0.0002835680
0.0002839310
0.0002841190
0.0002837730
0.0003232930
0.0002834470
0.0002837980
0.0002836440
0.0002838070
0.0002842770
0.0002874320
0.0003288400
0.0002841500
0.0002857100
0.0003349450
0.0003101510
0.0002852400
0.0002854090
0.0003355410
0.0002855550
0.0002854780
0.0003188710
0.0003351110
0.0002845430
0.0003129680
0.0003372890
0.0003375390
0.0002846580
0.0002849310
0.0002956290
0.0002959440
0.0002845480
0.0002849290
0.0002841980
0.0003382500
0.0003375990
0.0003367000
0.0003016620
0.0002897300
0.0003352110
0.0003375310
0.0003359790
0.0003375710
0.0002960890
0.0002847890
0.0002942880
0.0002971120
0.0002849470
0.0002846090
0.0002847780
0.0002847090
0.0003080790
0.0002887860
0.0002860240
0.0003162900
0.0003375880
0.0003376570
0.0002853890
0.0002853890
0.0002856010
0.0002853970
0.0003193280
0.0003268000
0.0002900560
0.0002845370
0.0002939790
0.0002857110
0.0002848190
0.0002848590
0.0002846790
0.0002847890
0.0002849650
0.0002923620
