0.0000050170
0.0000044090
0.0000043330
0.0000050150
0.0000043650
0.0000043560
0.0000043010
0.0000051650
0.0000060910
0.0000043440
0.0000051050
0.0000044040
0.0000044510
0.0000044460
0.0000044820
0.0000044850
0.0000043830
0.0000044080
0.0000044030
0.0000044140
0.0000050940
0.0000044220
0.0000044120
0.0000044200
0.0000043960
0.0000043760
0.0000044220
0.0000044130
0.0000044500
0.0000044120
0.0000051360
0.0000044280
0.0000044000
0.0000044200
0.0000044510
0.0000044380
0.0000044210
0.0000044160
0.0000044010
0.0000044300
0.0000050830
0.0000044350
0.0000050000
0.0000044710
0.0000044180
0.0000044390
0.0000052750
0.0000044510
0.0000044480
0.0000044050
0.0000052510
0.0000044640
0.0000044300
0.0000044440
0.0000044580
0.0000044160
0.0000044570
0.0000044190
0.0000044110
0.0000044210
0.0000050670
0.0000044290
0.0000044250
0.0000043600
0.0000044340
0.0000044390
0.0000044090
0.0000043900
0.0000043870
0.0000043890
0.0000052230
0.0000044410
0.0000044100
0.0000044530
0.0000044180
0.0000044640
0.0000044510
0.0000044310
0.0000044220
0.0000044380
0.0000050940
0.0000044340
0.0000044570
0.0000044530
0.0000044100
0.0000043990
0.0000044170
0.0000043950
0.0000044390
0.0000044510
0.0000050910
0.0000043880
0.0000044240
0.0000044210
0.0000044910
0.0000044390
0.0000043880
0.0000044070
0.0000044380
0.0000044190
