0.0000834300
0.0000731940
0.0000741060
0.0000728250
0.0000729680
0.0000730610
0.0000731920
0.0000735770
0.0000733350
0.0000731520
0.0000742780
0.0000733420
0.0000728900
0.0000734940
0.0000731690
0.0000731110
0.0000728990
0.0000731210
0.0000735390
0.0000728280
0.0000743090
0.0000735010
0.0000733420
0.0000732030
0.0000731420
0.0000736140
0.0000734600
0.0000733260
0.0000733900
0.0000735390
0.0000742090
0.0000732510
0.0000729050
0.0000728680
0.0000728590
0.0000730730
0.0000735260
0.0000735120
0.0000730870
0.0000735270
0.0000742450
0.0000732130
0.0000729340
0.0000733630
0.0000732230
0.0000736430
0.0000733990
0.0000734690
0.0000735710
0.0000735560
0.0000739410
0.0000727960
0.0000735060
0.0000729980
0.0000730070
0.0000732140
0.0000731520
0.0000730810
0.0000732060
0.0000730710
0.0000741910
0.0000728950
0.0000735520
0.0000734950
0.0000729110
0.0000732260
0.0000730940
0.0000729370
0.0000730640
0.0000729470
0.0000743170
0.0000735190
0.0000728840
0.0000730000
0.0000736150
0.0000735480
0.0000728760
0.0000731790
0.0000732190
0.0000732020
0.0000748120
0.0000728530
0.0000732140
0.0000730240
0.0000730390
0.0000730840
0.0000735560
0.0000727860
0.0000736590
0.0000731540
0.0000741970
0.0000732150
0.0000735270
0.0000727650
0.0000732790
0.0000734220
0.0000734610
0.0000735300
0.0000735610
0.0000728100
