0.0000045360
0.0000037760
0.0000036380
0.0000036490
0.0000029670
0.0000029830
0.0000028670
0.0000036430
0.0000028680
0.0000029910
0.0000039230
0.0000029940
0.0000029120
0.0000028950
0.0000028900
0.0000029150
0.0000028630
0.0000036330
0.0000028630
0.0000028710
0.0000045570
0.0000029160
0.0000028540
0.0000028800
0.0000028450
0.0000028710
0.0000028690
0.0000028830
0.0000028970
0.0000028600
0.0000039270
0.0000029080
0.0000028720
0.0000028710
0.0000036510
0.0000028920
0.0000028770
0.0000029160
0.0000028740
0.0000028710
0.0000036130
0.0000028850
0.0000028880
0.0000028980
0.0000028780
0.0000028920
0.0000028770
0.0000028600
0.0000028580
0.0000028560
0.0000039020
0.0000036330
0.0000029760
0.0000029740
0.0000028840
0.0000036250
0.0000029930
0.0000028690
0.0000029830
0.0000029060
0.0000039280
0.0000030160
0.0000030230
0.0000029220
0.0000030030
0.0000028930
0.0000029130
0.0000030000
0.0000028880
0.0000029210
0.0000046170
0.0000037310
0.0000028870
0.0000029780
0.0000029320
0.0000028700
0.0000028720
0.0000029740
0.0000028890
0.0000036350
0.0000038730
0.0000029860
0.0000029300
0.0000029900
0.0000028720
0.0000036490
0.0000028910
0.0000029800
0.0000028900
0.0000028660
0.0000045360
0.0000030200
0.0000029100
0.0000157950
0.0000029230
0.0000028920
0.0000036490
0.0000036290
0.0000028790
0.0000028710
