0.0007309950
0.0007072000
0.0007162690
0.0007277790
0.0007417140
0.0007399360
0.0007143420
0.0007228230
0.0007400030
0.0007127320
0.0007259080
0.0007346190
0.0007371160
0.0007372740
0.0007060830
0.0007396490
0.0007254500
0.0007373520
0.0007006810
0.0007331270
0.0007387730
0.0007086680
0.0007169140
0.0007449960
0.0007259530
0.0007353720
0.0007192380
0.0007055700
0.0007076340
0.0007242390
0.0007156990
0.0007379870
0.0007099360
0.0007388630
0.0007385100
0.0007196240
0.0007122020
0.0007243130
0.0007308300
0.0007193920
0.0007206830
0.0007329100
0.0007554360
0.0007088320
0.0007096990
0.0007410250
0.0007381320
0.0007345860
0.0007378730
0.0007462650
0.0007446240
0.0007240570
0.0007447470
0.0007349090
0.0007370570
0.0007211580
0.0007250050
0.0007427510
0.0007343250
0.0007378710
0.0007567350
0.0007259400
0.0007309070
0.0007377360
0.0007384610
0.0007468300
0.0007447980
0.0007510630
0.0007369640
0.0007224020
0.0007310110
0.0007485350
0.0007344260
0.0007380490
0.0007178740
0.0007457120
0.0007335760
0.0007012160
0.0007094090
0.0007258310
0.0007442850
0.0007026330
0.0007418490
0.0007391770
0.0007425070
0.0007023860
0.0007358920
0.0007066990
0.0007245920
0.0007358410
0.0007086830
0.0007222240
0.0007286410
0.0007344700
0.0007046930
0.0007142890
0.0007373020
0.0007182380
0.0007539190
0.0007144050
