0.0000086390
0.0000079580
0.0000080500
0.0000080500
0.0000081590
0.0000080630
0.0000080530
0.0000080310
0.0000080480
0.0000082010
0.0000088210
0.0000080300
0.0000080570
0.0000078720
0.0000080260
0.0000079310
0.0000080100
0.0000080310
0.0000081000
0.0000080710
0.0000088070
0.0000080200
0.0000079910
0.0000080300
0.0000080260
0.0000080610
0.0000079100
0.0000080710
0.0000080130
0.0000081350
0.0000087040
0.0000080730
0.0000079320
0.0000080570
0.0000080280
0.0000079740
0.0000081050
0.0000080420
0.0000080320
0.0000080470
0.0000088200
0.0000080560
0.0000079520
0.0000080780
0.0000079430
0.0000080190
0.0000080010
0.0000081020
0.0000081320
0.0000080900
0.0000088330
0.0000080300
0.0000080240
0.0000080430
0.0000081210
0.0000080130
0.0000079840
0.0000080980
0.0000080040
0.0000081470
0.0000086620
0.0000080430
0.0000079340
0.0000080770
0.0000079900
0.0000079790
0.0000081200
0.0000079970
0.0000080470
0.0000080330
0.0000088630
0.0000080250
0.0000080140
0.0000081410
0.0000079270
0.0000079240
0.0000079710
0.0000079630
0.0000079770
0.0000080870
0.0000094300
0.0000080290
0.0000080630
0.0000079210
0.0000080370
0.0000080350
0.0000080400
0.0000080590
0.0000079900
0.0000080270
0.0000087920
0.0000079190
0.0000080570
0.0000081280
0.0000080400
0.0000080140
0.0000079270
0.0000081010
0.0000080060
0.0000081540
