0.0014516380
0.0014461890
0.0014387800
0.0014016410
0.0014526190
0.0014136920
0.0014147050
0.0014457190
0.0014194440
0.0014452230
0.0014006780
0.0014465610
0.0014423150
0.0014321920
0.0013991880
0.0013985020
0.0014399430
0.0014244350
0.0014024350
0.0014186710
0.0014475540
0.0013972810
0.0014312610
0.0014212920
0.0014240520
0.0014156740
0.0014358430
0.0014032960
0.0014135360
0.0014071950
0.0014163260
0.0014225250
0.0014139930
0.0014297790
0.0014190240
0.0014325760
0.0014328200
0.0014413970
0.0014413260
0.0014041070
0.0014276480
0.0014402790
0.0014056910
0.0014067290
0.0014468730
0.0014260530
0.0014448430
0.0014287890
0.0014116840
0.0014016110
