0.0044809000
0.0045082060
0.0045037340
0.0044906990
0.0044948400
0.0045013830
0.0044847210
0.0044927330
0.0044798100
0.0044943030
0.0045011940
0.0044672090
0.0044775380
0.0045090700
0.0044717450
0.0045153780
0.0044916110
0.0045165530
0.0045161960
0.0044990920
0.0045148740
0.0045084590
0.0044890300
0.0044738930
0.0045100520
0.0045143900
0.0044896990
0.0044933890
0.0044906320
0.0045090510
0.0044725460
0.0044708780
0.0045168790
0.0045201300
0.0045152020
0.0044671210
0.0044689810
0.0044983050
0.0044734840
0.0044964220
0.0044937730
0.0044855360
0.0044854320
0.0044840470
0.0044880060
0.0044727190
0.0045188370
0.0045179180
0.0044828780
0.0044994440
0.0044820710
0.0045111800
0.0044668220
0.0044983800
0.0045040340
0.0045061890
0.0045076220
0.0045165600
0.0045012990
0.0044715060
0.0044855280
0.0044911780
0.0044884450
0.0044708860
0.0044713010
0.0044988160
0.0044779140
0.0044734140
0.0044886980
0.0045042540
0.0045108890
0.0045101250
0.0045014690
0.0044775310
0.0044928230
0.0044705520
0.0044996540
0.0044733480
0.0044754980
0.0045144340
0.0045153450
0.0044974100
0.0044884590
0.0044922940
0.0045039670
0.0044794580
0.0044930830
0.0044734240
0.0044799410
0.0044732940
0.0044936550
0.0045045060
0.0044732310
0.0044880010
0.0044996240
0.0044813050
0.0044800640
0.0044868830
0.0044776040
0.0045078220
