0.0000155010
0.0000028670
0.0000031010
0.0000030790
0.0000031200
0.0000030870
0.0000030770
0.0000030730
0.0000031410
0.0000030410
0.0000040240
0.0000030540
0.0000030560
0.0000030700
0.0000030490
0.0000030390
0.0000030360
0.0000030190
0.0000030290
0.0000030310
0.0000040860
0.0000030050
0.0000030990
0.0000030220
0.0000030300
0.0000030230
0.0000030230
0.0000030050
0.0000030700
0.0000030190
0.0000043490
0.0000030650
0.0000030680
0.0000030440
0.0000030410
0.0000030780
0.0000030200
0.0000030050
0.0000030130
0.0000030000
0.0000042670
0.0000030670
0.0000030360
0.0000030270
0.0000030200
0.0000030780
0.0000030280
0.0000030080
0.0000030700
0.0000030390
0.0000046650
0.0000030570
0.0000030640
0.0000030810
0.0000030480
0.0000029890
0.0000030360
0.0000029950
0.0000029890
0.0000030470
0.0000039530
0.0000030410
0.0000030280
0.0000030850
0.0000030080
0.0000030160
0.0000030160
0.0000030440
0.0000030190
0.0000030100
0.0000036890
0.0000030680
0.0000030600
0.0000030810
0.0000030060
0.0000030430
0.0000030350
0.0000030160
0.0000030660
0.0000030720
0.0000036220
0.0000030200
0.0000030130
0.0000030250
0.0000030330
0.0000030680
0.0000030020
0.0000030340
0.0000030200
0.0000030160
0.0000039620
0.0000030350
0.0000030420
0.0000030590
0.0000030690
0.0000030200
0.0000030080
0.0000030190
0.0000030330
0.0000030310
