0.0000392710
0.0000386620
0.0000380790
0.0000386150
0.0000387840
0.0000381780
0.0000384840
0.0000380150
0.0000387340
0.0000387160
0.0000390390
0.0000381260
0.0000383230
0.0000381530
0.0000381360
0.0000384250
0.0000388220
0.0000381760
0.0000387300
0.0000380750
0.0000391870
0.0000381930
0.0000380770
0.0000387210
0.0000379230
0.0000387040
0.0000386890
0.0000380010
0.0000385170
0.0000380970
0.0000392790
0.0000386600
0.0000387840
0.0000386980
0.0000386180
0.0000386200
0.0000382470
0.0000386840
0.0000382300
0.0000380480
0.0000392600
0.0000385950
0.0000380730
0.0000384290
0.0000380650
0.0000385000
0.0000380310
0.0000381390
0.0000382370
0.0000382590
0.0000388900
0.0000381950
0.0000385210
0.0000386960
0.0000385920
0.0000386730
0.0000379540
0.0000380380
0.0000386690
0.0000380130
0.0000394350
0.0000386640
0.0000379770
0.0000386100
0.0000386690
0.0000386470
0.0000386500
0.0000384660
0.0000386760
0.0000386890
0.0000394200
0.0000386580
0.0000386640
0.0000379860
0.0000386970
0.0000379630
0.0000381400
0.0000380400
0.0000379840
0.0000379320
0.0000390590
0.0000386390
0.0000380280
0.0000384440
0.0000382770
0.0000387080
0.0000386750
0.0000380480
0.0000384370
0.0000379830
0.0000397100
0.0000379510
0.0000386880
0.0000380310
0.0000381770
0.0000380470
0.0000381850
0.0000389910
0.0000380650
0.0000381230
