0.0000300240
0.0000293090
0.0000292170
0.0000287770
0.0000294040
0.0000293220
0.0000293240
0.0000294070
0.0000293000
0.0000293430
0.0000298200
0.0000293110
0.0000293090
0.0000292370
0.0000291890
0.0000291940
0.0000292130
0.0000286500
0.0000286570
0.0000293500
0.0000297430
0.0000292030
0.0000292210
0.0000292490
0.0000294230
0.0000291570
0.0000292290
0.0000291690
0.0000294320
0.0000293790
0.0000299490
0.0000293500
0.0000293690
0.0000292960
0.0000286720
0.0000292670
0.0000291920
0.0000292830
0.0000293670
0.0000293730
0.0000299560
0.0000293290
0.0000292270
0.0000290190
0.0000292450
0.0000293240
0.0000293730
0.0000292060
0.0000293970
0.0000286970
0.0000298090
0.0000292120
0.0000293110
0.0000291830
0.0000292700
0.0000286390
0.0000293460
0.0000291240
0.0000293260
0.0000292620
0.0000298350
0.0000288250
0.0000292680
0.0000291680
0.0000293520
0.0000287620
0.0000293550
0.0000286370
0.0000286250
0.0000293430
0.0000297530
0.0000293420
0.0000293040
0.0000292710
0.0000292330
0.0000293190
0.0000290520
0.0000292780
0.0000293320
0.0000293670
0.0000304930
0.0000293010
0.0000292380
0.0000293040
0.0000293240
0.0000293440
0.0000293670
0.0000294010
0.0000286300
0.0000292480
0.0000296520
0.0000292500
0.0000293490
0.0000293390
0.0000292730
0.0000293890
0.0000292810
0.0000293380
0.0000291950
0.0000292880
