0.0011607370
0.0011492740
0.0011199970
0.0011205610
0.0011198010
0.0011193580
0.0011763750
0.0011201940
0.0011208080
0.0011198120
0.0011740390
0.0011200480
0.0011205940
0.0011466810
0.0011728310
0.0011365610
0.0011197440
0.0011732840
0.0011576280
0.0011204710
0.0011482510
0.0011481770
0.0011198150
0.0011471100
0.0011202350
0.0011729770
0.0011704530
0.0011734950
0.0011511370
0.0011199470
0.0011369100
0.0011733190
0.0011734070
0.0011705500
0.0011727510
0.0011196960
0.0011733750
0.0011204040
0.0011262360
0.0011737310
0.0011220680
0.0011549080
0.0011217920
0.0011217080
0.0011581590
0.0011212330
0.0011715050
0.0011216090
0.0011743080
0.0011213790
0.0011513160
0.0011198460
0.0011206130
0.0011609040
0.0011207460
0.0011205960
0.0011199500
0.0011203970
0.0011330990
0.0011206000
0.0011733850
0.0011718480
0.0011719580
0.0011345050
0.0011727790
0.0011193280
0.0011512390
0.0011727880
0.0011226210
0.0011721700
0.0011742040
0.0011199840
0.0011484030
0.0011199020
0.0011196370
0.0011200100
0.0011740440
0.0011417740
0.0011205140
0.0011684830
0.0011731630
0.0011206710
0.0011735350
0.0011411980
0.0011197000
0.0011204830
0.0011202180
0.0011207600
0.0011825220
0.0011205680
0.0011734710
0.0011203200
0.0011199090
0.0011728310
0.0011201310
0.0011324500
0.0011201340
0.0011209170
0.0011739330
0.0011197830
