0.0004361810
0.0004363570
0.0004367240
0.0004361950
0.0004361000
0.0004362190
0.0004360570
0.0004230320
0.0004362160
0.0004361970
0.0004362870
0.0004361260
0.0004361810
0.0004362350
0.0004361050
0.0004364530
0.0004360960
0.0004362790
0.0004362040
0.0004362240
0.0004366110
0.0004361820
0.0004362650
0.0004362540
0.0004362020
0.0004368720
0.0004362780
0.0004427860
0.0004360660
0.0004367050
0.0004362890
0.0004362170
0.0004761980
0.0004361480
0.0004363240
0.0004360940
0.0004361930
0.0004373010
0.0004361970
0.0004361840
0.0004365570
0.0004779070
0.0004362260
0.0004364290
0.0004361800
0.0004366760
0.0004210010
0.0004362930
0.0004362780
0.0004363210
0.0004365660
0.0004816280
0.0004363030
0.0004387740
0.0004361830
0.0004360120
0.0004340270
0.0004362560
0.0004374010
0.0004359660
0.0004389590
0.0004364640
0.0004363940
0.0004363180
0.0004365190
0.0004378390
0.0004365410
0.0004364090
0.0004364280
0.0004364220
0.0004363020
0.0004360440
0.0004363290
0.0004363810
0.0004361670
0.0004362610
0.0004363570
0.0004363220
0.0004362760
0.0004361250
0.0004364050
0.0004363800
0.0004366300
0.0004367060
0.0004362960
0.0004361880
0.0004364030
0.0004269080
0.0004361250
0.0004364880
0.0004369240
0.0004365420
0.0004365320
0.0004367670
0.0004366220
0.0004366020
0.0004364890
0.0004368060
0.0004600960
0.0004366020
0.0004365520
0.0004362900
0.0004669940
0.0004362910
0.0004362870
0.0004363060
0.0004362690
0.0004363520
0.0004362670
0.0004363280
0.0004363300
0.0004361770
0.0004362540
0.0004363510
0.0004362220
0.0004362150
0.0004362730
0.0004364080
0.0004361320
0.0004362080
0.0004365690
0.0004362320
0.0004363130
0.0004362370
0.0004363010
0.0004644200
0.0004363770
0.0004362200
0.0004362930
0.0004362290
0.0004363560
0.0004362530
0.0004649580
0.0004362060
0.0004363830
0.0004361390
0.0004365290
0.0004366690
0.0004361970
0.0004361990
0.0004364580
0.0004361520
0.0004569470
0.0004362130
0.0004360850
0.0004361910
0.0004360450
0.0004334830
0.0004361790
0.0004364000
0.0004368310
0.0004804230
0.0004379850
0.0004364500
0.0004366300
0.0004369430
0.0004359760
0.0004368990
0.0004365200
0.0004366780
0.0004364650
0.0004361640
0.0004613670
0.0004363510
0.0004361170
0.0004362110
0.0004361560
0.0004703910
0.0004362340
0.0004362260
0.0004363830
0.0004362390
0.0004551450
0.0004363900
0.0004362570
0.0004361960
0.0004361620
0.0004380030
0.0004361670
0.0004361760
0.0004364820
0.0004360780
0.0004361340
0.0004361850
0.0004361270
0.0004360510
0.0004360790
0.0004361610
0.0004360690
0.0004361370
0.0004362510
0.0004360860
0.0004363430
0.0004362740
0.0004362100
0.0004361460
0.0004361980
0.0004287520
0.0004362170
0.0004362140
0.0004364250
0.0004363230
0.0004645850
0.0004362380
0.0004362660
0.0004362740
0.0004360840
0.0004731890
0.0004360560
0.0004362950
0.0004362840
0.0004361110
0.0004362090
0.0004362140
0.0004361470
0.0004361260
0.0004361840
0.0004362040
0.0004363280
0.0004360780
0.0004371430
0.0004365610
0.0004365520
0.0004371580
0.0004366250
0.0004592720
0.0004364500
0.0004393290
0.0004364440
0.0004365360
0.0004366220
0.0004361860
0.0004630240
0.0004361910
0.0004361640
0.0004368440
0.0004365600
0.0004261080
0.0004361190
0.0004361310
0.0004364960
0.0004361850
0.0004361920
0.0004362480
0.0004361570
0.0004360610
0.0004361190
0.0004740610
0.0004362540
0.0004361460
0.0004365020
0.0004362940
0.0004567280
0.0004364030
0.0004361900
0.0004363300
0.0004362340
0.0004717650
0.0004361970
0.0004361950
0.0004369830
0.0004363900
0.0004364390
0.0004366750
0.0004365850
0.0004677680
0.0004364760
0.0004365420
0.0004364290
0.0004365060
0.0004368990
0.0004366280
0.0004366110
0.0004366470
0.0004365410
0.0004365450
0.0004365660
0.0004366000
0.0004365510
0.0004365890
0.0004365610
0.0004655550
0.0004363280
0.0004365370
0.0004365190
0.0004363110
0.0004516440
0.0004365010
0.0004364870
0.0004364930
0.0004366090
0.0004361170
0.0004801680
0.0004360960
0.0004362150
0.0004363810
0.0004362690
0.0004321870
0.0004363070
0.0004362680
