0.0001249290
0.0000626580
0.0000627020
0.0000626290
0.0000625800
0.0000626710
0.0000626650
0.0000627530
0.0000626710
0.0000626710
0.0001248940
0.0001248050
0.0001247950
0.0001249820
0.0001247810
0.0001247750
0.0001247840
0.0001248920
0.0001247460
0.0001247600
0.0001250680
0.0001250830
0.0001248320
0.0001249480
0.0001248340
0.0001248570
0.0001248060
0.0001248690
0.0001248000
0.0001248020
0.0001250120
0.0001247430
0.0001248750
0.0001247680
0.0001247560
0.0001247760
0.0001248900
0.0001247580
0.0001247660
0.0001248390
0.0001251940
0.0001251190
0.0001248950
0.0001248590
0.0001248520
0.0001250000
0.0001248550
0.0001249240
0.0001248020
0.0001249670
0.0001249000
0.0001247790
0.0001248590
0.0001247520
0.0001247710
0.0001248980
0.0001247610
0.0001247970
0.0001247620
0.0001247860
0.0001250930
0.0001248230
0.0001248800
0.0001250380
0.0001248280
0.0001248020
0.0001248320
0.0001249150
0.0001248200
0.0001248260
0.0001249550
0.0001247610
0.0001247500
0.0001247960
0.0001247530
0.0001247440
0.0001248350
0.0001247620
0.0001248890
0.0001247460
0.0001249200
0.0001249470
0.0001247510
0.0001247210
0.0001247740
0.0001248700
0.0001247540
0.0001246930
0.0001248080
0.0001247030
0.0001250590
0.0001248690
0.0001248750
0.0001248300
0.0001248280
0.0001248370
0.0001248010
0.0001248140
0.0001247980
0.0001249050
0.0001250320
0.0001248570
0.0001248220
0.0001250020
0.0001247460
0.0001248360
0.0001248210
0.0001249230
0.0001248320
0.0001247830
0.0001250140
0.0001248630
0.0001247750
0.0001248610
0.0001250350
0.0001248150
0.0001248020
0.0001248020
0.0001248750
0.0001248480
0.0001252430
0.0001249410
0.0001249270
0.0001248160
0.0001248780
0.0001248420
0.0001249120
0.0001248340
0.0001249130
0.0001248620
0.0001254370
0.0001248640
0.0001248750
0.0001249870
0.0001248550
0.0001248990
0.0001249370
0.0001249480
0.0001249520
0.0001249170
0.0001250350
0.0001249180
0.0001247350
0.0001248210
0.0001246650
0.0001248360
0.0001247560
0.0001247670
0.0001247620
0.0001248380
0.0001251830
0.0001248510
0.0001250540
0.0001248840
0.0001248130
0.0001248140
0.0001249370
0.0001248560
0.0001248210
0.0001248520
0.0001250200
0.0001247440
0.0001247930
0.0001247650
0.0001247670
0.0001247140
0.0001247190
0.0001247790
0.0001247190
0.0001249840
0.0001249770
0.0001250000
0.0001248610
0.0001248090
0.0001248370
0.0001248090
0.0001248530
0.0001250640
0.0001248230
0.0001249230
0.0001251410
0.0001251140
0.0001248390
0.0001249030
0.0001248970
0.0001249520
0.0001248540
0.0001248000
0.0001249060
0.0001222590
0.0001249260
0.0001251470
0.0001247340
0.0001249810
0.0001247490
0.0001248140
0.0001246840
0.0001248640
0.0001247680
0.0001247740
0.0001248880
0.0001247270
0.0001249260
0.0001247210
0.0001246990
0.0001247890
0.0001248460
0.0001247200
0.0001247340
0.0001247570
