0.0000625830
0.0000624470
0.0000624850
0.0000624950
0.0000624980
0.0000624880
0.0000624120
0.0000624100
0.0000624150
0.0000624510
0.0000626480
0.0000624720
0.0000624880
0.0000624920
0.0000624240
0.0000624890
0.0000624920
0.0000624100
0.0000624520
0.0000624920
0.0000627660
0.0000625530
0.0000624920
0.0000625020
0.0000624900
0.0000625280
0.0000624970
0.0000625010
0.0000625290
0.0000625240
0.0000626120
0.0000626660
0.0000624580
0.0000624920
0.0000624110
0.0000624840
0.0000624890
0.0000624150
0.0000624100
0.0000624370
0.0000626780
0.0000624720
0.0000624540
0.0000624700
0.0000624890
0.0000624910
0.0000626700
0.0000624890
0.0000624560
0.0000624810
0.0000626490
0.0000624790
0.0000625020
0.0000624930
0.0000624990
0.0000625200
0.0000624920
0.0000625000
0.0000625050
0.0000625150
0.0000626620
0.0000624450
0.0000624090
0.0000624590
0.0000625820
0.0000624860
0.0000624220
0.0000624120
0.0000624100
0.0000624910
0.0000629700
0.0000625530
0.0000625110
0.0000624850
0.0000624990
0.0000625300
0.0000624960
0.0000624840
0.0000625340
0.0000624780
0.0000626790
0.0000624860
0.0000625030
0.0000627250
0.0000624790
0.0000624790
0.0000625140
0.0000624880
0.0000624610
0.0000624850
0.0000626590
0.0000627370
0.0000624930
0.0000624940
0.0000624590
0.0000624850
0.0000624600
0.0000625130
0.0000624530
0.0000625330
0.0000627040
0.0000624950
0.0000624730
0.0000624880
0.0000624890
0.0000624880
0.0000625410
0.0000626260
0.0000625280
0.0000624920
0.0000626410
0.0000625220
0.0000624850
0.0000625100
0.0000624940
0.0000625460
0.0000625000
0.0000625040
0.0000625000
0.0000624830
0.0000626530
0.0000625080
0.0000625050
0.0000624950
0.0000625050
0.0000624950
0.0000624990
0.0000626160
0.0000625400
0.0000624770
0.0000626880
0.0000625240
0.0000625110
0.0000625040
0.0000627170
0.0000625380
0.0000624950
0.0000625230
0.0000624990
0.0000625390
0.0000626620
0.0000624730
0.0000624110
0.0000624260
0.0000624190
0.0000624830
0.0000624790
0.0000625140
0.0000624060
0.0000624130
0.0000626350
0.0000625190
0.0000624850
0.0000624620
0.0000624730
0.0000625010
0.0000625140
0.0000625990
0.0000624520
0.0000624860
0.0000626250
0.0000625760
0.0000625220
0.0000624610
0.0000624830
0.0000624780
0.0000624840
0.0000624870
0.0000625140
0.0000625430
0.0000626410
0.0000625220
0.0000624920
0.0000624860
0.0000624670
0.0000624750
0.0000624850
0.0000624610
0.0000624530
0.0000624830
0.0000626950
0.0000625180
0.0000624960
0.0000624680
0.0000624840
0.0000626450
0.0000625020
0.0000625020
0.0000624980
0.0000625000
0.0000626910
0.0000624660
0.0000625310
0.0000625180
0.0000624710
0.0000625100
0.0000624960
0.0000625270
0.0000625220
0.0000624860
0.0000626000
0.0000624760
0.0000625030
0.0000624950
0.0000624620
0.0000624850
0.0000624640
0.0000624530
0.0000624960
0.0000624930
0.0000626530
0.0000627200
0.0000624940
0.0000624880
0.0000624790
0.0000624900
0.0000625050
0.0000624980
0.0000624950
0.0000624500
0.0000627320
0.0000624780
0.0000624860
0.0000624750
0.0000624840
0.0000624940
0.0000624580
0.0000624680
0.0000624890
0.0000624920
0.0000626300
0.0000624680
0.0000624950
0.0000624990
0.0000624820
0.0000625030
0.0000625130
0.0000625420
0.0000625430
0.0000624840
0.0000626060
0.0000624760
0.0000625300
0.0000624920
0.0000624900
0.0000624960
0.0000625240
0.0000624730
0.0000624900
0.0000624900
0.0000627020
0.0000624380
0.0000624830
0.0000624080
0.0000624940
0.0000624970
0.0000624120
0.0000624470
0.0000624200
0.0000624470
0.0000627360
0.0000624580
0.0000624920
0.0000624820
0.0000624530
0.0000624960
0.0000625000
0.0000624750
0.0000625010
0.0000624600
0.0000627040
0.0000624800
0.0000625040
0.0000624730
0.0000624820
0.0000624710
0.0000624900
0.0000624830
0.0000625160
0.0000624990
0.0000626820
0.0000624750
0.0000624930
0.0000624820
0.0000625000
0.0000625620
0.0000625310
0.0000625000
0.0000625330
0.0000624770
0.0000626960
0.0000625500
0.0000625280
0.0000625260
0.0000624790
0.0000624710
0.0000624860
0.0000625230
0.0000624990
0.0000625230
