0.0033811680
0.0033792270
0.0033958830
0.0033652980
0.0033634280
0.0033532420
0.0033818360
0.0033787170
0.0033629140
0.0033634650
0.0033558300
0.0033913950
0.0033844840
0.0033802850
0.0034101950
0.0033628040
0.0034028380
0.0033632590
0.0033633740
0.0033626230
0.0033639820
0.0034086160
0.0033995110
0.0033813450
0.0034019880
0.0033629160
0.0033947560
0.0033542440
0.0033583140
0.0033861820
0.0034008180
0.0033630240
0.0033659630
0.0034162070
0.0033969910
0.0033649120
0.0033922830
0.0034076570
0.0033653630
0.0033631750
0.0033917040
0.0034084470
0.0034024030
0.0033623850
0.0033723110
0.0033879510
0.0033631440
0.0033633980
0.0033634000
0.0034042950
0.0033675860
0.0033595970
0.0034157130
0.0034057590
0.0033813700
0.0033835780
0.0033632100
0.0033934450
0.0033813360
0.0033784170
0.0034137370
0.0033746850
0.0034202200
0.0033723480
0.0033970560
0.0034439040
0.0033877550
0.0033909030
0.0033981930
0.0033808110
0.0033525180
0.0034080640
0.0034052730
0.0033836320
0.0033634930
0.0033660330
0.0033846740
0.0033639040
0.0033628390
0.0033944360
0.0033635500
0.0033659040
0.0034098480
0.0033599820
0.0034072650
0.0033896310
0.0034190090
0.0033632520
0.0033621040
0.0033969760
0.0033640840
0.0033649640
0.0033792230
0.0033934650
0.0033789380
0.0033638190
0.0033637220
0.0033915920
0.0033591780
0.0033965180
0.0033669520
0.0033505720
0.0034040830
0.0033703820
0.0033666190
0.0033970810
0.0033662130
0.0033619450
0.0033971330
0.0033662930
0.0034057290
0.0033856090
0.0033771540
0.0033971490
0.0033554300
0.0033630500
0.0033497990
0.0033891250
0.0033906360
0.0033910040
0.0034080640
0.0033632150
0.0033552210
0.0033837420
0.0034077460
0.0033632420
0.0033637550
0.0033792790
0.0033630350
0.0033575140
0.0033961640
0.0033646020
0.0033986880
0.0033994180
0.0033632460
0.0033835330
0.0033569510
0.0033632670
0.0034113610
0.0033633430
0.0033616810
0.0033634220
0.0033636020
0.0033664240
0.0033635310
0.0034090790
0.0033703700
0.0033637490
0.0033840550
0.0034129990
0.0033643580
0.0033940130
0.0034081120
0.0033533780
0.0033632890
0.0033631060
0.0033941460
0.0034186760
0.0033639260
0.0033633700
0.0033664770
0.0033810980
0.0033948290
0.0033635710
0.0033790840
0.0033596270
0.0033635910
0.0033637870
0.0033628750
0.0033848130
0.0033643690
0.0033810170
0.0033638610
0.0034098320
0.0033615300
0.0033602740
0.0033633620
0.0033633230
0.0033883860
0.0033626630
0.0034064910
0.0033639880
0.0033627700
0.0033626010
0.0033633990
0.0033626590
0.0033995970
0.0034113960
0.0033827300
0.0033628830
0.0033600230
0.0033626820
0.0033636190
0.0033920190
0.0033605580
0.0033977170
0.0033538430
0.0034252900
0.0033570660
0.0033627050
0.0034049410
0.0033541490
0.0034117070
0.0033554810
0.0033921220
0.0033636270
0.0034022100
0.0033873720
0.0033509080
0.0033899660
0.0034130700
0.0033516600
0.0034081960
0.0033990830
0.0033860910
0.0033628330
0.0033617900
0.0034040780
0.0034105720
0.0033656170
0.0033631790
0.0033633750
0.0033946120
0.0033752870
0.0033511210
0.0033636610
0.0033642990
0.0033989780
0.0033598280
0.0033831780
0.0033850390
0.0033653630
0.0033883270
0.0033953230
0.0033629000
0.0033501330
0.0033539450
0.0034122700
0.0033633350
0.0033533200
0.0033653900
0.0033653830
0.0033994990
0.0033682240
0.0034012620
0.0033938380
0.0033910970
0.0033650000
0.0033549690
0.0033631370
0.0034104680
0.0033635910
0.0033632910
0.0033634740
0.0033939690
0.0033977660
0.0033891310
0.0033586010
0.0033921810
0.0033632710
0.0034026670
0.0033625220
0.0033938490
0.0033838760
0.0033984290
0.0034077840
0.0033627530
0.0034070910
0.0033632720
0.0033511720
0.0033655600
0.0033801110
0.0033643880
0.0033829290
0.0033640450
0.0033658160
0.0033817800
0.0033897630
0.0033843940
0.0033669890
0.0033871280
0.0033678590
0.0033632990
0.0034019530
0.0034111040
0.0033858060
0.0033650070
0.0033811500
0.0033827870
0.0033635840
0.0033606930
0.0033619840
0.0033636860
0.0033589470
0.0033524690
0.0033636260
0.0033991290
0.0033594270
0.0033925480
0.0033632090
