0.0000626740
0.0000626590
0.0000626390
0.0000626560
0.0000626830
0.0000628060
0.0000626860
0.0000626010
0.0000626120
0.0000626790
0.0000627680
0.0000625710
0.0000624970
0.0000624840
0.0000625350
0.0000625010
0.0000625340
0.0000625370
0.0000624970
0.0000624980
0.0000626210
0.0000624700
0.0000624530
0.0000624030
0.0000624090
0.0000626420
0.0000624730
0.0000624030
0.0000624150
0.0000624240
0.0000627170
0.0000624940
0.0000624960
0.0000625020
0.0000624940
0.0000624840
0.0000626460
0.0000625070
0.0000624910
0.0000624970
0.0000626330
0.0000624810
0.0000624070
0.0000626360
0.0000624770
0.0000624950
0.0000624120
0.0000624150
0.0000624230
0.0000624600
0.0000626330
0.0000624710
0.0000624760
0.0000624580
0.0000624170
0.0000624920
0.0000624470
0.0000624270
0.0000624610
0.0000625530
0.0000627410
0.0000625740
0.0000625260
0.0000625120
0.0000625650
0.0000625200
0.0000624720
0.0000625170
0.0000624920
0.0000624810
0.0000625880
0.0000624390
0.0000626820
0.0000624760
0.0000624200
0.0000624630
0.0000624620
0.0000624040
0.0000624450
0.0000624050
0.0000627240
0.0000626800
0.0000624810
0.0000624770
0.0000624580
0.0000624770
0.0000624770
0.0000624510
0.0000625250
0.0000624940
0.0000626460
0.0000624880
0.0000624600
0.0000624960
0.0000624990
0.0000624950
0.0000624970
0.0000624940
0.0000624970
0.0000624650
0.0000626350
0.0000625130
0.0000624730
0.0000625310
0.0000625260
0.0000625200
0.0000624950
0.0000624760
0.0000624690
0.0000625030
0.0000626540
0.0000624820
0.0000624810
0.0000624470
0.0000624750
0.0000624810
0.0000624830
0.0000624750
0.0000624690
0.0000624690
0.0000626270
0.0000624440
0.0000624790
0.0000624500
0.0000624920
0.0000624270
0.0000624690
0.0000624570
0.0000624050
0.0000624050
0.0000625860
0.0000624610
0.0000626420
0.0000624380
0.0000624330
0.0000624400
0.0000624220
0.0000624100
0.0000624450
0.0000624070
0.0000626740
0.0000624800
0.0000624520
0.0000624810
0.0000627170
0.0000624800
0.0000624500
0.0000624740
0.0000624620
0.0000624570
0.0000629220
0.0000625400
0.0000625200
0.0000624920
0.0000624930
0.0000624730
0.0000625110
0.0000624930
0.0000625210
0.0000624970
0.0000627570
0.0000624830
0.0000624930
0.0000624940
0.0000624820
0.0000625620
0.0000625290
0.0000625290
0.0000625390
0.0000625270
0.0000626160
0.0000624800
0.0000624080
0.0000626040
0.0000624600
0.0000624940
0.0000624550
0.0000624510
0.0000624050
0.0000624860
0.0000627910
0.0000624620
0.0000624990
0.0000624980
0.0000624630
0.0000624800
0.0000624530
0.0000623900
0.0000624440
0.0000624130
0.0000626200
0.0000624660
0.0000625040
0.0000624900
0.0000624870
0.0000624940
0.0000624750
0.0000624720
0.0000624020
0.0000624100
0.0000626570
0.0000625140
0.0000624750
0.0000624410
0.0000624650
0.0000626330
0.0000624770
0.0000624730
0.0000624820
0.0000624710
