0.0000626930
0.0000625040
0.0000625210
0.0000625140
0.0000625510
0.0000624770
0.0000624760
0.0000625110
0.0000625370
0.0000625140
0.0000626480
0.0000623530
0.0000624730
0.0000624560
0.0000623750
0.0000624130
0.0000624010
0.0000624280
0.0000624350
0.0000624600
0.0000626460
0.0000625130
0.0000624410
0.0000624600
0.0000623700
0.0000624270
0.0000623790
0.0000624130
0.0000624780
0.0000624100
0.0000626820
0.0000624900
0.0000625280
0.0000625000
0.0000625140
0.0000625270
0.0000625330
0.0000625040
0.0000625440
0.0000624920
0.0000626420
0.0000624450
0.0000624990
0.0000624510
0.0000624800
0.0000624870
0.0000624680
0.0000624970
0.0000624670
0.0000624430
0.0000628020
0.0000625170
0.0000624990
0.0000624910
0.0000624750
0.0000625140
0.0000639560
0.0000625020
0.0000624790
0.0000625220
0.0000626010
0.0000624980
0.0000624230
0.0000624780
0.0000624410
0.0000624630
0.0000624760
0.0000624030
0.0000624400
0.0000624820
0.0000626700
0.0000625050
0.0000624990
0.0000625030
0.0000624640
0.0000625190
0.0000625240
0.0000625270
0.0000624820
0.0000624680
0.0000626410
0.0000624730
0.0000624880
0.0000624490
0.0000626930
0.0000624800
0.0000625010
0.0000624720
0.0000624400
0.0000624460
0.0000626840
0.0000624940
0.0000624410
0.0000625090
0.0000624960
0.0000627050
0.0000625070
0.0000624950
0.0000624480
0.0000624990
