0.0000626440
0.0000624450
0.0000624790
0.0000624170
0.0000624520
0.0000624450
0.0000624150
0.0000624470
0.0000624880
0.0000623920
0.0000626980
0.0000625040
0.0000624820
0.0000624790
0.0000624890
0.0000624810
0.0000624480
0.0000624880
0.0000624600
0.0000624410
0.0000626680
0.0000624880
0.0000624910
0.0000624610
0.0000624980
0.0000624770
0.0000624930
0.0000624840
0.0000624910
0.0000624880
0.0000626060
0.0000624740
0.0000624720
0.0000624790
0.0000624050
0.0000624400
0.0000624070
0.0000624480
0.0000624280
0.0000624130
0.0000625850
0.0000624400
0.0000624710
0.0000624800
0.0000624920
0.0000624720
0.0000626120
0.0000624360
0.0000624200
0.0000624780
0.0000626380
0.0000624770
0.0000624530
0.0000626920
0.0000624780
0.0000625330
0.0000624970
0.0000624960
0.0000625050
0.0000624880
0.0000626970
0.0000624490
0.0000624840
0.0000624940
0.0000625310
0.0000624880
0.0000624980
0.0000624970
0.0000624430
0.0000624540
0.0000625570
0.0000624350
0.0000624820
0.0000624070
0.0000624880
0.0000624530
0.0000624110
0.0000624710
0.0000624060
0.0000624110
0.0000627350
0.0000624640
0.0000624900
0.0000624990
0.0000625320
0.0000624470
0.0000624640
0.0000624880
0.0000624630
0.0000624780
0.0000626560
0.0000624830
0.0000624190
0.0000624150
0.0000624970
0.0000624780
0.0000624030
0.0000624060
0.0000624170
0.0000624850
