0.0002499540
0.0002496580
0.0002498530
0.0002496110
0.0002499890
0.0002495170
0.0002495300
0.0002497940
0.0002495540
0.0002495580
0.0003120490
0.0003120970
0.0003123980
0.0003128720
0.0003121470
0.0003121170
0.0003121470
0.0002885830
0.0003119710
0.0003119420
0.0003126900
0.0003117880
0.0003120760
0.0003118890
0.0003120010
0.0003119650
0.0003121350
0.0003125250
0.0003122980
0.0003123840
0.0003119510
0.0003116680
0.0003116470
0.0003031770
0.0003117740
0.0003117110
0.0003115860
0.0003116250
0.0003116370
0.0003117310
0.0003119850
0.0003115750
0.0003115930
0.0003117440
0.0003117040
0.0003116940
0.0003117070
0.0003120240
0.0003116850
0.0003389060
0.0003120100
0.0003120300
0.0003118760
0.0003119970
0.0003118020
0.0003120370
0.0003118050
0.0003119060
0.0002956740
0.0003119010
0.0003121500
0.0003119690
0.0003119200
0.0003119850
0.0003118270
0.0003119700
0.0003120050
0.0003118360
0.0003121810
0.0003119010
0.0003121520
0.0003119980
0.0003127170
0.0003123060
0.0003120420
0.0003121590
0.0003119810
0.0003122020
0.0003118960
0.0003129930
0.0003119720
0.0003118310
0.0003117910
0.0003119200
0.0003122880
0.0003120220
0.0003117370
0.0003118400
0.0003117350
0.0003118340
0.0003123660
0.0003118930
0.0003122370
0.0003119280
0.0003122460
0.0003117150
0.0003116410
0.0003118960
0.0003117140
0.0003118440
0.0003117600
0.0003116220
0.0003118630
0.0002977510
0.0003121180
0.0003117220
0.0003115660
0.0003116130
0.0003116210
0.0003116610
0.0003117690
0.0003115290
0.0003117730
0.0003115830
0.0003115780
0.0003116460
0.0003116410
0.0003116250
0.0003116620
0.0002952540
0.0003120430
0.0003119080
0.0003121430
0.0003118290
0.0003119450
0.0003119420
0.0003119540
0.0003120880
0.0003118290
0.0003120550
0.0003138740
0.0003116020
0.0003009840
0.0003116040
0.0003118470
0.0003116950
0.0003116180
0.0003121530
0.0003114850
0.0003121610
0.0003120740
0.0003121420
0.0003119660
0.0003119430
0.0003121140
0.0003119600
0.0003119320
0.0003119010
0.0003118470
0.0003120530
0.0003124560
0.0003117840
0.0002952900
0.0003118340
0.0003116630
0.0003118130
0.0003115830
0.0003116540
0.0003117420
0.0003116830
0.0003122780
0.0003115700
0.0003115870
0.0003116410
0.0003118870
0.0003115650
0.0003116220
0.0003116260
0.0003116060
0.0003117960
0.0003119040
0.0003118190
0.0003117960
0.0003118310
0.0003116390
0.0003117790
0.0003116090
0.0003117610
0.0003117050
0.0002884490
0.0003119440
0.0003115920
0.0003115760
0.0003118540
0.0003117000
0.0003116030
0.0003116150
0.0003116150
0.0003116350
0.0002917160
0.0003119800
0.0003118610
0.0003118660
0.0003119550
0.0003119870
0.0003119580
0.0003119030
0.0003118900
0.0003119390
0.0003119440
0.0003120620
0.0003117120
0.0003117000
0.0003117680
0.0003117810
0.0003123060
0.0003116820
0.0003117780
0.0003116740
0.0003122000
