0.0000627250
0.0000624770
0.0000625000
0.0000625210
0.0000625240
0.0000625030
0.0000625720
0.0000624750
0.0000625460
0.0000627170
0.0000626510
0.0000625040
0.0000624990
0.0000627280
0.0000625230
0.0000625360
0.0000625190
0.0000625190
0.0000625290
0.0000625480
0.0000626690
0.0000625220
0.0000627160
0.0000670200
0.0000624880
0.0000625020
0.0000625000
0.0000624990
0.0000624980
0.0000625020
0.0000627190
0.0000627490
0.0000624560
0.0000624610
0.0000624750
0.0000624710
0.0000624980
0.0000624880
0.0000625050
0.0000624840
0.0000627430
0.0000625430
0.0000625070
0.0000625480
0.0000625280
0.0000627500
0.0000624980
0.0000624800
0.0000625310
0.0000625120
0.0000627760
0.0000625060
0.0000625070
0.0000624660
0.0000625050
0.0000624520
0.0000624790
0.0000624560
0.0000624950
0.0000624720
0.0000627330
0.0000625030
0.0000625880
0.0000625100
0.0000624810
0.0000624990
0.0000624880
0.0000625160
0.0000624920
0.0000625040
0.0000626780
0.0000625310
0.0000625460
0.0000625690
0.0000624840
0.0000625500
0.0000625520
0.0000625140
0.0000624990
0.0000624660
0.0000627290
0.0000624700
0.0000624860
0.0000624930
0.0000624630
0.0000624840
0.0000624860
0.0000624920
0.0000625070
0.0000624800
0.0000627430
0.0000625410
0.0000625000
0.0000624920
0.0000624900
0.0000625010
0.0000624840
0.0000624940
0.0000625440
0.0000625180
