0.0033978610
0.0033970150
0.0033810680
0.0033604380
0.0033638100
0.0033644970
0.0033965370
0.0034020710
0.0033803030
0.0033634690
0.0045489190
0.0045110040
0.0044939000
0.0045326590
0.0044828080
0.0044802950
0.0045198100
0.0045176260
0.0045212120
0.0044992940
0.0045348840
0.0045315410
0.0044909240
0.0044825900
0.0044707690
0.0045061300
0.0044841080
0.0045244080
0.0045307810
0.0045255600
0.0044889420
0.0044883440
0.0044892570
0.0045011350
0.0044868070
0.0044884600
0.0045106860
0.0044879730
0.0044902110
0.0044881980
0.0044883160
0.0044827740
0.0045296290
0.0045090210
0.0045171510
0.0045110370
0.0045185620
0.0045442570
0.0044892510
0.0044858650
0.0045102600
0.0045113990
0.0045086690
0.0045081210
0.0045058150
0.0045166630
0.0044859430
0.0045381510
0.0045413610
0.0045016580
0.0045517710
0.0044879020
0.0045135430
0.0045132510
0.0045315690
0.0045248170
0.0044880470
0.0044878850
0.0045522520
0.0045077790
0.0045214960
0.0045197480
0.0045208460
0.0044955600
0.0045516780
0.0045354060
0.0045153720
0.0045036480
0.0044864620
0.0045245530
0.0045454010
0.0045750060
0.0045431530
0.0045120760
0.0044770450
0.0045271460
0.0045055010
0.0045033700
0.0044749300
0.0045246700
0.0045156940
0.0044868370
0.0045372730
0.0044869760
0.0044893410
0.0045214750
0.0044876040
0.0044818840
0.0044896470
0.0045148760
0.0045247620
0.0044796700
0.0045191430
0.0044913280
0.0044888760
0.0044876690
0.0044820500
0.0044776000
0.0045394090
0.0045196350
0.0044905200
0.0044826070
0.0045334840
0.0044864360
0.0045366930
0.0044865140
0.0045316950
0.0044879090
0.0045195890
0.0045170570
0.0045446050
0.0045225290
0.0045256940
0.0045096080
0.0044901730
0.0045096350
0.0045096790
0.0045132150
0.0045287720
0.0045066400
0.0045412220
0.0044880720
0.0044893600
0.0045217920
0.0045516620
0.0045198890
0.0044732930
0.0045329460
0.0044890720
0.0045820810
0.0045207650
0.0044876270
0.0045090940
0.0045216660
0.0045331760
0.0045369640
0.0044705530
0.0045215200
0.0044872900
0.0044869700
0.0044827870
0.0045220860
0.0044846640
0.0044876950
0.0045350540
0.0045300490
0.0045164930
0.0044919910
0.0044881290
0.0044971070
0.0044906040
0.0044848240
0.0045373790
0.0045148780
0.0044740140
0.0045394770
0.0044848300
0.0044779580
0.0044776770
0.0044892170
0.0045381210
0.0045218680
0.0044871690
0.0045190410
0.0045251260
0.0045259210
0.0045249120
0.0044880930
0.0044814710
0.0044895560
0.0045242000
0.0045402830
0.0045119550
0.0044925290
0.0044859150
0.0045197370
0.0044852530
0.0045096200
0.0045365310
0.0045268820
0.0044876590
0.0045391560
0.0044871190
0.0044832600
0.0045077120
0.0044881290
0.0045026680
0.0045170930
0.0045298750
0.0045039290
0.0045093590
0.0044871200
0.0044858070
0.0045031960
0.0045382820
0.0045214510
0.0045146610
0.0044903390
0.0044881570
0.0044856880
