0.0016978400
0.0016816570
0.0016947790
0.0016819070
0.0016816990
0.0016818220
0.0016820730
0.0016838110
0.0016817770
0.0016815150
0.0017058980
0.0017271900
0.0016901500
0.0016820300
0.0016820640
0.0016816730
0.0017104790
0.0016823890
0.0016816480
0.0016819920
0.0017334220
0.0016817860
0.0017388720
0.0017006580
0.0016814240
0.0016817260
0.0016814730
0.0016832750
0.0016774020
0.0016817680
0.0017519450
0.0016819470
0.0016850230
0.0016813550
0.0016816560
0.0016814890
0.0016812170
0.0016769780
0.0016817830
0.0016818480
0.0016824500
0.0017384870
0.0017382280
0.0016817420
0.0016821420
0.0016818910
0.0017318070
0.0017387970
0.0016994370
0.0016841150
0.0017210410
0.0016815330
0.0017033210
0.0017123610
0.0016815810
0.0016815670
0.0016817420
0.0016815180
0.0017106960
0.0016814910
0.0016847380
0.0016811700
0.0016817220
0.0017341120
0.0016817420
0.0016813130
0.0016812820
0.0017006290
0.0017382100
0.0016808480
0.0017197880
0.0016828210
0.0017268170
0.0016981110
0.0016828970
0.0016828800
0.0016826980
0.0017049740
0.0017080520
0.0016827990
0.0017105370
0.0017347270
0.0016840760
0.0016814350
0.0016816090
0.0016815390
0.0016816350
0.0016906950
0.0016820710
0.0016865160
0.0017113960
0.0017272530
0.0017284750
0.0016818410
0.0016816820
0.0016816030
0.0017273060
0.0017239010
0.0016817940
0.0016814430
