0.0001589440
0.0001248790
0.0001250800
0.0001254000
0.0001248380
0.0001248290
0.0001248710
0.0001248730
0.0001248620
0.0001248320
0.0001249870
0.0001247370
0.0001247950
0.0001247640
0.0001249920
0.0001247580
0.0001247790
0.0001247530
0.0001247760
0.0001247980
0.0001249760
0.0001248480
0.0001247490
0.0001247090
0.0001247420
0.0001247260
0.0001247630
0.0001247250
0.0001247250
0.0001247350
0.0001250180
0.0001248430
0.0001249140
0.0001248430
0.0001249230
0.0001247920
0.0001248750
0.0001248380
0.0001262140
0.0001487560
0.0001249150
0.0001247560
0.0001247740
0.0001247910
0.0001247210
0.0001248190
0.0001247630
0.0001247380
0.0001247870
0.0001248000
0.0001249260
0.0001247650
0.0001248430
0.0001248060
0.0001249130
0.0001248340
0.0001247320
0.0001247670
0.0001248670
0.0001247630
0.0001250410
0.0001248270
0.0001250340
0.0001248530
0.0001248250
0.0001248550
0.0001249360
0.0001248310
0.0001248470
0.0001247980
0.0001251130
0.0001247620
0.0001248110
0.0001247870
0.0001248440
0.0001247700
0.0001248130
0.0001247640
0.0001248040
0.0001247830
0.0001250400
0.0001250240
0.0001250290
0.0001247750
0.0001247880
0.0001248830
0.0001247930
0.0001247760
0.0001247920
0.0001249620
0.0001250930
0.0001248980
0.0001248120
0.0001248080
0.0001248190
0.0001248930
0.0001248080
0.0001247660
0.0001248510
0.0001248750
