0.0000627160
0.0000626300
0.0000626500
0.0000626810
0.0000626630
0.0000626730
0.0000626790
0.0000626250
0.0000627080
0.0000626800
0.0000626130
0.0000626530
0.0000624550
0.0000624360
0.0000624690
0.0000624790
0.0000624450
0.0000624680
0.0000624640
0.0000672730
0.0000626930
0.0000625220
0.0000624650
0.0000624610
0.0000624990
0.0000624720
0.0000624730
0.0000626820
0.0000624750
0.0000624850
0.0000626190
0.0000625070
0.0000625620
0.0000624640
0.0000624820
0.0000624740
0.0000624320
0.0000624320
0.0000624610
0.0000624360
0.0000626590
0.0000624880
0.0000624570
0.0000624900
0.0000624830
0.0000624790
0.0000626260
0.0000624770
0.0000624750
0.0000624740
0.0000626320
0.0000624240
0.0000624310
0.0000624330
0.0000624170
0.0000625690
0.0000624150
0.0000624890
0.0000624540
0.0000624490
0.0000626080
0.0000624340
0.0000624400
0.0000624570
0.0000624960
0.0000624500
0.0000626120
0.0000624770
0.0000624260
0.0000624600
0.0000626270
0.0000624820
0.0000624860
0.0000624330
0.0000624840
0.0000624070
0.0000624680
0.0000624540
0.0000624870
0.0000624350
0.0000626860
0.0000624590
0.0000626040
0.0000623950
0.0000624330
0.0000624490
0.0000624210
0.0000624320
0.0000624190
0.0000624280
0.0000626130
0.0000625070
0.0000624640
0.0000624540
0.0000623960
0.0000624600
0.0000624020
0.0000624880
0.0000624420
0.0000624820
0.0000626280
0.0000624930
0.0000624840
0.0000624670
0.0000624670
0.0000624730
0.0000624730
0.0000624730
0.0000624700
0.0000624600
0.0000626970
0.0000625090
0.0000624490
0.0000624910
0.0000624960
0.0000624610
0.0000624670
0.0000624580
0.0000624680
0.0000624790
0.0000626690
0.0000624490
0.0000624720
0.0000624410
0.0000624780
0.0000624650
0.0000624100
0.0000626460
0.0000624490
0.0000624600
0.0000626170
0.0000624650
0.0000624780
0.0000624710
0.0000624900
0.0000626330
0.0000624840
0.0000624810
0.0000624070
0.0000624710
0.0000626570
0.0000624650
0.0000624920
0.0000624960
0.0000625040
0.0000624470
0.0000624600
0.0000624770
0.0000624640
0.0000624620
0.0000625930
0.0000624220
0.0000624710
0.0000624400
0.0000624710
0.0000624440
0.0000626010
0.0000624120
0.0000624640
0.0000624110
0.0000625970
0.0000625040
0.0000624580
0.0000624850
0.0000624540
0.0000624770
0.0000624450
0.0000624610
0.0000624880
0.0000624380
0.0000627250
0.0000624500
0.0000624770
0.0000624690
0.0000624660
0.0000624410
0.0000624590
0.0000624760
0.0000624680
0.0000624710
0.0000627150
0.0000624480
0.0000624580
0.0000624750
0.0000625260
0.0000624790
0.0000625130
0.0000624900
0.0000624650
0.0000624650
0.0000626330
0.0000624830
0.0000624220
0.0000624540
0.0000624380
0.0000624490
0.0000624790
0.0000624440
0.0000624240
0.0000624040
0.0000626630
0.0000624590
0.0000624360
0.0000624320
0.0000624280
0.0000624260
0.0000624620
0.0000624740
0.0000624300
0.0000624240
