0.0001873180
0.0001871740
0.0001869800
0.0001870550
0.0001678000
0.0001867720
0.0001868110
0.0001869290
0.0001868800
0.0001869700
0.0001874900
0.0001872290
0.0001871590
0.0001872740
0.0001875570
0.0001872710
0.0001833710
0.0001870680
0.0001872060
0.0001870440
0.0001874840
0.0001871630
0.0001872260
0.0001871920
0.0001623870
0.0001873960
0.0001873210
0.0001873440
0.0001872320
0.0001871670
0.0001872350
0.0001872010
0.0001870520
0.0001874760
0.0001871200
0.0001870420
0.0001725510
0.0001871980
0.0001870470
0.0001870910
0.0001879030
0.0001871610
0.0001875120
0.0001871520
0.0001491750
0.0001872990
0.0001875190
0.0001871670
0.0001872680
0.0001872580
0.0001874980
0.0001872870
0.0001872850
0.0001875710
0.0001659340
0.0001874000
0.0001873880
0.0001871890
0.0001872700
0.0001873730
0.0001878340
0.0001872330
0.0001872000
0.0001871300
0.0001872420
0.0001871500
0.0001872040
0.0001871540
0.0001871350
0.0001871520
0.0001872720
0.0001870520
0.0001870550
0.0001870200
0.0001869900
0.0001870000
0.0001734720
0.0001870240
0.0001869730
0.0001871240
0.0001877330
0.0001872190
0.0001872610
0.0001871920
0.0001592360
0.0001871820
0.0001876540
0.0001871260
0.0001872750
0.0001871680
0.0001873970
0.0001872520
0.0001871610
0.0001873690
0.0001892350
0.0001871600
0.0001872640
0.0001876840
0.0001871640
0.0001871200
