0.0000627200
0.0000625130
0.0000624810
0.0000624100
0.0000624730
0.0000624540
0.0000624020
0.0000624690
0.0000624020
0.0000624450
0.0000626450
0.0000624740
0.0000624840
0.0000624500
0.0000624860
0.0000624730
0.0000625230
0.0000624910
0.0000624960
0.0000624870
0.0000625890
0.0000624530
0.0000623970
0.0000624670
0.0000624450
0.0000624810
0.0000624040
0.0000624180
0.0000624070
0.0000624000
0.0000626370
0.0000624300
0.0000624000
0.0000624720
0.0000623290
0.0000624130
0.0000623990
0.0000624370
0.0000624350
0.0000623810
0.0000626790
0.0000625370
0.0000624990
0.0000625110
0.0000625510
0.0000624690
0.0000624980
0.0000624840
0.0000624820
0.0000624880
0.0000626990
0.0000624690
0.0000624650
0.0000624710
0.0000624500
0.0000624900
0.0000624750
0.0000624500
0.0000624700
0.0000625220
0.0000627190
0.0000624050
0.0000624640
0.0000624480
0.0000624420
0.0000625410
0.0000624470
0.0000623840
0.0000624040
0.0000623130
0.0000626660
0.0000625390
0.0000624810
0.0000624540
0.0000624930
0.0000624900
0.0000626310
0.0000624760
0.0000624510
0.0000624760
0.0000626820
0.0000625040
0.0000625430
0.0000625090
0.0000625050
0.0000625120
0.0000624920
0.0000625320
0.0000624730
0.0000624780
0.0000626640
0.0000625460
0.0000624860
0.0000625010
0.0000625210
0.0000624910
0.0000624970
0.0000625320
0.0000624700
0.0000624840
