0.0008731560
0.0008729740
0.0008729390
0.0008733650
0.0008731100
0.0008702480
0.0008728570
0.0008728210
0.0008730740
0.0008729440
0.0008724770
0.0008723450
0.0008720250
0.0008721250
0.0008721460
0.0008501570
0.0008720640
0.0008721200
0.0008729300
0.0008721530
0.0008725950
0.0008723310
0.0008722440
0.0008723530
0.0008724380
0.0008719890
0.0008722970
0.0008722820
0.0008721530
0.0008709240
0.0008795170
0.0008724310
0.0008722890
0.0008986140
0.0008725270
0.0008725800
0.0008465640
0.0008726000
0.0008726260
0.0008724300
0.0008727310
0.0008723170
0.0008723880
0.0008724690
0.0008452440
0.0008721980
0.0008722550
0.0008394440
0.0008722890
0.0008722200
0.0008735900
0.0008732870
0.0008729310
0.0008649440
0.0008729920
0.0008729440
0.0008731020
0.0008728880
0.0008727150
0.0008728470
0.0008910770
0.0008723850
0.0008618500
0.0008723990
0.0008721230
0.0008416850
0.0008722110
0.0008721690
0.0008721420
0.0008719680
0.0008737240
0.0008729570
0.0008730480
0.0009012530
0.0008730250
0.0008727790
0.0008732090
0.0008730720
0.0008738880
0.0008729360
0.0008720690
0.0008716880
0.0008716790
0.0008715130
0.0008716730
0.0008644510
0.0008716260
0.0008719360
0.0008716990
0.0008718380
0.0008726670
0.0008721540
0.0008416080
0.0008723160
0.0008725410
0.0008723070
0.0008722910
0.0008723470
0.0008721900
0.0008723000
0.0008722840
0.0008904920
0.0008721370
0.0008722200
0.0008722060
0.0008720180
0.0008644100
0.0008720230
0.0008721200
0.0008639960
0.0008732400
0.0008525350
0.0008728540
0.0008729400
0.0008728530
0.0008729270
0.0008751510
0.0008731420
0.0008727420
0.0008731750
0.0008743310
0.0008720800
0.0008461370
0.0008721280
0.0008721740
0.0008865710
0.0008719870
0.0008721460
0.0008737760
0.0008721490
0.0008736640
0.0008505530
0.0008729640
0.0008729040
0.0008728700
0.0008730230
0.0008707550
0.0008729320
0.0008729550
0.0008729890
0.0008731720
0.0008730980
0.0008728840
0.0008730290
0.0008728930
0.0008728670
0.0008729620
0.0008729050
0.0008870530
0.0008728250
0.0008725390
0.0008723910
0.0008722900
0.0008721850
0.0008722270
0.0008454040
0.0008723240
0.0008721100
0.0008716140
0.0008722910
0.0008735160
0.0008425740
0.0008728230
0.0008728390
0.0008730560
0.0008729030
0.0009000080
0.0008729100
0.0008731290
0.0008729250
0.0008724300
0.0008719410
0.0008719510
0.0008717680
0.0008724100
0.0008721050
0.0008720890
0.0008721960
0.0008721120
0.0008988210
0.0008948770
0.0008718640
0.0008679990
0.0008720340
0.0008721540
0.0008720930
0.0008720590
0.0008494790
0.0008721230
0.0008721110
0.0008732640
0.0008907090
0.0008729690
0.0008729170
0.0008729270
0.0008728090
0.0008507750
0.0008730240
0.0008729290
0.0008730050
0.0008725040
0.0008721960
0.0008722670
0.0008721530
0.0008720890
0.0008872420
0.0008721470
0.0008719650
0.0008719930
0.0008721280
0.0008435410
0.0008721840
0.0008894940
0.0008722680
0.0008723270
0.0008631740
0.0008718870
0.0008723620
0.0008719780
0.0008721100
0.0008726570
0.0008722680
0.0008723390
0.0008721940
0.0008721400
0.0008723260
0.0008723680
0.0008484320
0.0008721640
0.0008721630
0.0008930220
0.0008722080
0.0008458700
0.0008720830
0.0008722070
0.0008721480
0.0008721710
0.0008423790
0.0008719910
0.0008720830
0.0008722980
0.0008721200
0.0008718700
0.0008721900
0.0008684530
0.0008722470
0.0008718220
0.0008722350
0.0008721740
0.0008689250
0.0008727840
0.0008722890
0.0008721730
0.0008721090
0.0008722030
0.0008514320
0.0008720680
0.0008724150
0.0008718980
0.0008720460
0.0008729090
0.0008720400
0.0008722290
0.0008721630
0.0008723280
0.0008712780
0.0008723180
0.0008724140
0.0008542340
0.0008724050
0.0008727490
0.0008720870
0.0008724600
0.0008721520
0.0008660680
0.0008719590
0.0008721320
0.0008722060
0.0008721950
0.0008721890
0.0008725400
0.0008721970
0.0008725370
0.0008721510
0.0008722320
0.0008938960
0.0008723070
0.0008723140
0.0008721850
0.0008720000
0.0008753900
0.0008722080
0.0008722350
0.0008721200
0.0008721720
0.0008989760
0.0008722320
0.0008720160
0.0008719960
0.0008721320
