0.0000627730
0.0000625270
0.0000624620
0.0000625240
0.0000624520
0.0000624790
0.0000624440
0.0000624860
0.0000624680
0.0000624440
0.0000626160
0.0000624730
0.0000624600
0.0000624050
0.0000624810
0.0000624710
0.0000624070
0.0000624650
0.0000624070
0.0000623740
0.0000626230
0.0000624500
0.0000624350
0.0000624350
0.0000624130
0.0000624260
0.0000624360
0.0000624290
0.0000624160
0.0000624320
0.0000626280
0.0000625720
0.0000624740
0.0000626180
0.0000625520
0.0000625190
0.0000625030
0.0000625290
0.0000624950
0.0000625560
0.0000627250
0.0000624770
0.0000624910
0.0000624830
0.0000624750
0.0000624550
0.0000624790
0.0000624820
0.0000624580
0.0000625040
0.0000627020
0.0000625300
0.0000624960
0.0000624880
0.0000624980
0.0000624900
0.0000624530
0.0000624640
0.0000624870
0.0000624810
0.0000627070
0.0000624800
0.0000624490
0.0000624800
0.0000624910
0.0000624790
0.0000624670
0.0000624500
0.0000624950
0.0000624830
0.0000626600
0.0000624630
0.0000624620
0.0000624630
0.0000624780
0.0000624800
0.0000624450
0.0000624820
0.0000624750
0.0000624850
0.0000626630
0.0000624330
0.0000624710
0.0000624430
0.0000624670
0.0000626270
0.0000624410
0.0000624810
0.0000624710
0.0000624870
0.0000626610
0.0000624670
0.0000624200
0.0000624580
0.0000625900
0.0000624710
0.0000624080
0.0000623980
0.0000623980
0.0000624060
