0.0008724430
0.0008721450
0.0008726830
0.0008733600
0.0008733240
0.0008418930
0.0008732770
0.0008734450
0.0008728400
0.0008732050
0.0011234820
0.0011220410
0.0011226960
0.0011216470
0.0011678890
0.0011225580
0.0011230290
0.0011220790
0.0011215220
0.0011218510
0.0011223720
0.0011426930
0.0011842980
0.0011221250
0.0011218000
0.0011221690
0.0011562590
0.0011220020
0.0011222540
0.0011224370
0.0011225020
0.0011223330
0.0011221930
0.0011221920
0.0011841770
0.0011849190
0.0011840740
0.0011220800
0.0011221650
0.0011218950
0.0011859140
0.0011223980
0.0011227220
0.0011232590
0.0011575090
0.0011233340
0.0011701220
0.0011853780
0.0011229010
0.0011723400
0.0011235530
0.0011220020
0.0011220190
0.0011779730
0.0011218680
0.0011850930
0.0011221140
0.0011214570
0.0011842450
0.0011217900
0.0011859210
0.0011223000
0.0011411930
0.0011220440
0.0011224960
0.0011516340
0.0011227480
0.0011512320
0.0011219350
0.0011221070
0.0011791750
0.0011220940
0.0011223960
0.0011208550
0.0011219960
0.0011844100
0.0011221490
0.0011844640
0.0011372570
0.0011222910
0.0011887000
0.0011512390
0.0011233690
0.0011855790
0.0011240590
0.0011230840
0.0011226680
0.0011863010
0.0011233700
0.0011229050
0.0011853730
0.0011219240
0.0011222870
0.0011695860
0.0011222470
0.0011222220
0.0011227020
0.0011220660
0.0011755350
0.0011215910
0.0011848970
0.0011849690
0.0011222470
0.0011252690
0.0011224630
0.0011482880
0.0011220570
0.0011222990
0.0011667540
0.0011843510
0.0011855410
0.0011226330
0.0011413480
0.0011224190
0.0011226140
0.0011218230
0.0011222580
0.0011698770
0.0011221780
0.0011608750
0.0011858020
0.0011320630
0.0011224480
0.0011220990
0.0011226660
0.0011226550
0.0011441170
0.0011222950
0.0011223550
0.0011223430
0.0011845100
0.0011840690
0.0011213790
0.0011719810
0.0011223100
0.0011452750
0.0011221400
0.0011846230
0.0011222490
0.0011226450
0.0011848040
0.0011214600
0.0011221700
0.0011220140
0.0011848570
0.0011233290
0.0011221490
0.0011571920
0.0011219010
0.0011219210
0.0011853940
0.0011435100
0.0011221420
0.0011849870
0.0011228520
0.0011858680
0.0011743310
0.0011218870
0.0011660890
0.0011218530
0.0011853070
0.0011222340
0.0011227670
0.0011222390
0.0011221010
0.0011559980
0.0011224100
0.0011222420
0.0011221850
0.0011912850
0.0011837860
0.0011839040
0.0011521980
0.0011215700
0.0011215090
0.0011488880
0.0011213950
0.0011679240
0.0011208990
0.0011219350
0.0011850720
0.0011484210
0.0011222640
0.0011763280
0.0011221420
0.0011216270
0.0011221390
0.0011218350
0.0011440990
0.0011220030
0.0011748500
0.0011662420
0.0011219580
0.0011219710
0.0011219970
0.0011847750
0.0011491730
0.0011223920
0.0011718390
0.0011221610
0.0011230560
0.0011557910
0.0011217560
0.0011212700
0.0011213060
0.0011838730
0.0011544640
0.0011213500
0.0011214260
0.0011209650
