0.0000626620
0.0000625040
0.0000625090
0.0000624440
0.0000625030
0.0000625060
0.0000624760
0.0000624630
0.0000625140
0.0000625050
0.0000626920
0.0000624600
0.0000624360
0.0000624520
0.0000624740
0.0000624590
0.0000624280
0.0000624270
0.0000624520
0.0000624600
0.0000627420
0.0000624620
0.0000625070
0.0000677760
0.0000625160
0.0000624900
0.0000624890
0.0000624800
0.0000624730
0.0000624600
0.0000627100
0.0000624490
0.0000624420
0.0000625020
0.0000624260
0.0000623990
0.0000624800
0.0000624320
0.0000625010
0.0000624360
0.0000628540
0.0000624700
0.0000625240
0.0000625000
0.0000625330
0.0000624660
0.0000624880
0.0000624670
0.0000624750
0.0000625330
0.0000626870
0.0000624530
0.0000623630
0.0000623920
0.0000624400
0.0000624060
0.0000624300
0.0000624390
0.0000624750
0.0000624350
0.0000626730
0.0000625120
0.0000624800
0.0000625200
0.0000625120
0.0000624900
0.0000626960
0.0000624730
0.0000625010
0.0000625180
0.0000626700
0.0000628000
0.0000624600
0.0000624920
0.0000625050
0.0000624690
0.0000624770
0.0000624790
0.0000624560
0.0000626490
0.0000626330
0.0000624870
0.0000625310
0.0000625000
0.0000624560
0.0000624330
0.0000625480
0.0000624050
0.0000624720
0.0000624800
0.0000628950
0.0000625130
0.0000625200
0.0000625050
0.0000625200
0.0000625600
0.0000625240
0.0000625120
0.0000625430
0.0000625290
0.0000626420
0.0000625140
0.0000624750
0.0000626430
0.0000624920
0.0000624540
0.0000625030
0.0000624600
0.0000624840
0.0000624920
0.0000626240
0.0000624700
0.0000624610
0.0000624340
0.0000624430
0.0000624200
0.0000624360
0.0000624290
0.0000623980
0.0000624040
0.0000627610
0.0000625480
0.0000624960
0.0000624980
0.0000625480
0.0000624990
0.0000625540
0.0000625860
0.0000625290
0.0000624700
0.0000626740
0.0000624500
0.0000624910
0.0000624780
0.0000624090
0.0000624810
0.0000624240
0.0000624590
0.0000624340
0.0000624110
0.0000626620
0.0000624790
0.0000624620
0.0000624260
0.0000624610
0.0000626420
0.0000624730
0.0000624230
0.0000624770
0.0000624450
0.0000627930
0.0000625090
0.0000624940
0.0000624890
0.0000625130
0.0000624850
0.0000624940
0.0000626130
0.0000625230
0.0000625120
0.0000626580
0.0000624240
0.0000624400
0.0000624610
0.0000624590
0.0000624950
0.0000624340
0.0000624160
0.0000624870
0.0000626570
0.0000626990
0.0000625220
0.0000625050
0.0000625410
0.0000625200
0.0000624700
0.0000625060
0.0000624620
0.0000624830
0.0000624490
0.0000626720
0.0000625450
0.0000625220
0.0000624970
0.0000624790
0.0000625110
0.0000625330
0.0000625150
0.0000624830
0.0000625200
0.0000627200
0.0000625250
0.0000625160
0.0000624760
0.0000625010
0.0000625000
0.0000624910
0.0000624840
0.0000625010
0.0000624970
0.0000626540
0.0000624540
0.0000625130
0.0000624570
0.0000624290
0.0000624600
0.0000624660
0.0000624610
0.0000624820
0.0000624680
0.0000627360
0.0000625170
0.0000624910
0.0000625040
0.0000625330
0.0000624780
0.0000625430
0.0000624990
0.0000625200
0.0000625210
0.0000625700
0.0000624440
0.0000624520
0.0000624320
0.0000624330
0.0000624200
0.0000624190
0.0000624130
0.0000624110
0.0000624180
0.0000627220
0.0000625090
0.0000624930
0.0000624990
0.0000625280
0.0000624870
0.0000625220
0.0000625290
0.0000624980
0.0000624890
0.0000626530
0.0000624660
0.0000624230
0.0000624570
0.0000624400
0.0000627040
0.0000624600
0.0000624770
0.0000624250
0.0000624390
0.0000626570
0.0000624930
0.0000624810
0.0000624810
0.0000624940
0.0000624870
0.0000624830
0.0000624720
0.0000624720
0.0000624800
0.0000627500
0.0000625360
0.0000625160
0.0000625010
0.0000625690
0.0000625730
0.0000625090
0.0000625380
0.0000626920
0.0000624950
0.0000627140
0.0000626870
0.0000625020
0.0000625250
0.0000625050
0.0000625280
0.0000625160
0.0000624870
0.0000625390
0.0000625830
0.0000626350
0.0000625950
0.0000624370
0.0000624520
0.0000624850
0.0000624980
0.0000624870
0.0000624680
0.0000624380
0.0000624690
0.0000625760
0.0000625140
0.0000624320
0.0000624900
0.0000624900
0.0000624710
0.0000625090
0.0000625140
0.0000624920
0.0000624890
