0.0002497700
0.0002497300
0.0002495490
0.0002258430
0.0002494400
0.0002494740
0.0002495140
0.0002495220
0.0002495650
0.0002494990
0.0002496320
0.0002495530
0.0002493370
0.0002493270
0.0002492950
0.0002493430
0.0002496760
0.0002493360
0.0002495050
0.0002493060
0.0002493720
0.0002500060
0.0002493210
0.0002494480
0.0002493730
0.0002494780
0.0002492910
0.0002494010
0.0002494110
0.0002493530
0.0002495850
0.0002494860
0.0002493530
0.0002493650
0.0002493010
0.0002492380
0.0002493160
0.0002492620
0.0002493490
0.0002493270
0.0002495380
0.0002494240
0.0002497050
0.0002493230
0.0002494270
0.0002494830
0.0002493660
0.0002492670
0.0002494080
0.0002493480
0.0002495140
0.0002494100
0.0002493440
0.0002496590
0.0002492370
0.0002495050
0.0002494120
0.0002493890
0.0002493470
0.0002491340
0.0002499730
0.0002494780
0.0002496470
0.0002651600
0.0002497690
0.0002494970
0.0002496660
0.0002496440
0.0002496130
0.0002496090
0.0002496130
0.0002494540
0.0002493400
0.0002494240
0.0002493330
0.0002496320
0.0002493820
0.0002494320
0.0002492510
0.0002492780
0.0002496080
0.0002494490
0.0002496720
0.0002383060
0.0002494840
0.0002494670
0.0002494420
0.0002495490
0.0002495010
0.0002495080
0.0002493700
0.0002498070
0.0002492240
0.0002491800
0.0002491490
0.0002492110
0.0002492990
0.0002492090
0.0002493500
0.0002491920
0.0002499150
0.0002495340
0.0002496720
0.0002495670
0.0002494090
0.0002495030
0.0002495040
0.0002495700
0.0002495370
0.0002495400
0.0002497700
0.0002495260
0.0002545320
0.0002197090
0.0002494880
0.0002495760
0.0002496790
0.0002500180
0.0002494590
0.0002495280
0.0002495780
0.0002494730
0.0002493290
0.0002494060
0.0002178770
0.0002493780
0.0002493020
0.0002493730
0.0002493130
0.0002494780
0.0002495350
0.0002493670
0.0002498950
0.0002493650
0.0002496250
0.0002493000
0.0002493590
0.0002492710
0.0002496970
0.0002493550
0.0002498390
0.0002496030
0.0002495650
0.0002496980
0.0002495880
0.0002494850
0.0002496570
0.0002499690
0.0002495200
0.0002496090
0.0002495060
0.0002493340
0.0002493640
0.0002493350
0.0002493660
0.0002493320
0.0002493670
0.0002493870
0.0002492680
0.0002493790
0.0002495450
0.0002493580
0.0002495150
0.0002493890
0.0002493350
0.0002495580
0.0002495860
0.0002493790
0.0002493490
0.0002494690
0.0002496770
0.0002493160
0.0002493940
0.0002493130
0.0002496610
0.0002493280
0.0002493800
0.0002493120
0.0002493730
0.0002493780
0.0002496490
0.0002497620
0.0002496000
0.0002710410
0.0002494390
0.0002496660
0.0002495700
0.0002496450
0.0002495130
0.0002494580
0.0002494970
0.0002493950
0.0002494650
0.0002495540
0.0002493100
0.0002493920
0.0002492670
0.0002493480
0.0002494430
0.0002495560
0.0002498530
0.0002494110
0.0002495990
0.0002272780
0.0002494140
0.0002493780
0.0002493960
0.0002493860
0.0002494040
0.0002494700
0.0002496730
0.0002494580
0.0002494870
0.0002493840
0.0002493500
0.0002493940
0.0002493810
0.0002493160
0.0002493150
0.0002494050
0.0002496550
0.0002493100
0.0002494880
0.0002492980
0.0002493460
0.0002495540
0.0002494900
0.0002493600
0.0002493260
0.0002493430
0.0002501380
0.0002499370
0.0002496150
0.0002371250
0.0002493950
0.0002493410
0.0002493380
0.0002493820
0.0002492780
0.0002496410
0.0002497270
0.0002498510
0.0002496910
0.0002654120
0.0002495210
0.0002495780
0.0002495410
0.0002498920
0.0002495020
0.0002496810
0.0002497140
0.0002493830
0.0002500360
0.0002478150
0.0002493370
0.0002493810
0.0002495070
0.0002494020
0.0002494310
0.0002494350
0.0002497420
0.0002495180
0.0002494340
0.0002300850
0.0002494900
0.0002494110
0.0002494210
0.0002495030
0.0002494830
0.0002494740
0.0002495180
0.0002499220
0.0002496060
0.0002492390
0.0002492880
0.0002493330
0.0002542600
0.0002494590
0.0002493150
0.0002495080
0.0002497290
0.0002545470
0.0002497010
0.0002247570
0.0002496240
0.0002500300
0.0002495330
0.0002498330
0.0002495170
0.0002498040
0.0002496810
0.0002493750
0.0002494370
0.0002493620
0.0002493850
0.0002493620
0.0002497080
0.0002493870
0.0002492790
0.0002493390
