0.0001249810
0.0000624930
0.0000624270
0.0000625120
0.0000624600
0.0000624500
0.0000624340
0.0000624460
0.0000624960
0.0000624480
0.0000626200
0.0000624930
0.0000624820
0.0000624680
0.0000625000
0.0000624570
0.0000624650
0.0000624920
0.0000624630
0.0000624630
0.0000627140
0.0000624750
0.0000624590
0.0000624890
0.0000625200
0.0000624390
0.0000624620
0.0000624810
0.0000624860
0.0000624720
0.0000626200
0.0000624390
0.0000624890
0.0000624660
0.0000624600
0.0000625070
0.0000624750
0.0000624520
0.0000624940
0.0000624730
0.0000626630
0.0000625460
0.0000624970
0.0000625260
0.0000624980
0.0000624650
0.0000625130
0.0000625240
0.0000625100
0.0000624990
0.0000625880
0.0000626980
0.0000624620
0.0000624820
0.0000624610
0.0000624600
0.0000624570
0.0000624690
0.0000624860
0.0000624640
0.0000626040
0.0000624600
0.0000624680
0.0000624810
0.0000624550
0.0000624440
0.0000624800
0.0000624840
0.0000624600
0.0000624960
0.0000626720
0.0000624920
0.0000624730
0.0000624460
0.0000624220
0.0000624780
0.0000624160
0.0000624590
0.0000624070
0.0000624390
0.0000626220
0.0000624610
0.0000624510
0.0000625200
0.0000625120
0.0000624750
0.0000625400
0.0000624800
0.0000624360
0.0000625200
0.0000625840
0.0000624250
0.0000624780
0.0000624690
0.0000624490
0.0000624640
0.0000624230
0.0000624410
0.0000624370
0.0000624560
0.0000626520
0.0000625490
0.0000625310
0.0000625290
0.0000625620
0.0000625630
0.0000625660
0.0000624850
0.0000624870
0.0000625510
0.0000626960
0.0000627670
0.0000624930
0.0000624680
0.0000624750
0.0000624920
0.0000624650
0.0000625110
0.0000625000
0.0000625030
0.0000627190
0.0000625110
0.0000625740
0.0000625370
0.0000625760
0.0000625240
0.0000625690
0.0000625710
0.0000625230
0.0000625260
0.0000627210
0.0000627830
0.0000625140
0.0000625330
0.0000625550
0.0000625400
0.0000625590
0.0000625330
0.0000625380
0.0000625580
0.0000627400
0.0000625030
0.0000625120
0.0000624840
0.0000625160
0.0000625270
0.0000624760
0.0000625200
0.0000624890
0.0000625070
0.0000626600
0.0000624640
0.0000624730
0.0000624260
0.0000624360
0.0000624650
0.0000624390
0.0000624430
0.0000624350
0.0000624530
0.0000625920
0.0000624650
0.0000624770
0.0000627280
0.0000625350
0.0000625230
0.0000624900
0.0000624780
0.0000624810
0.0000624860
0.0000626470
0.0000625080
0.0000624620
0.0000624920
0.0000625140
0.0000627700
0.0000625300
0.0000624680
0.0000624760
0.0000625110
0.0000627220
0.0000625350
0.0000624990
0.0000627170
0.0000625160
0.0000625160
0.0000625370
0.0000624940
0.0000625200
0.0000625290
0.0000626700
0.0000624370
0.0000625010
0.0000624700
0.0000624940
0.0000626990
0.0000624840
0.0000624880
0.0000624980
0.0000624750
0.0000627360
0.0000624630
0.0000624660
0.0000624580
0.0000625080
0.0000624330
0.0000624680
0.0000624780
0.0000624550
0.0000624710
0.0000628200
0.0000624610
0.0000624640
0.0000625360
0.0000624630
0.0000624780
0.0000625530
0.0000624500
0.0000624600
0.0000624240
0.0000626070
0.0000625320
0.0000624800
0.0000624950
0.0000624490
0.0000624730
0.0000624530
0.0000624870
0.0000624730
0.0000624280
0.0000625970
0.0000624950
0.0000624190
0.0000624530
0.0000624870
0.0000624240
0.0000624900
0.0000624990
0.0000624770
0.0000624450
0.0000627330
0.0000625000
0.0000625290
0.0000624930
0.0000624880
0.0000624750
0.0000625210
0.0000624710
0.0000624930
0.0000624710
0.0000626310
0.0000624820
0.0000624730
0.0000624440
0.0000625030
0.0000624470
0.0000624670
0.0000624560
0.0000624920
0.0000624890
0.0000626900
0.0000625310
0.0000624480
0.0000624940
0.0000624760
0.0000625020
0.0000624770
0.0000624790
0.0000625910
0.0000625290
0.0000627650
0.0000625430
0.0000625400
0.0000625610
0.0000625230
0.0000624880
0.0000625260
0.0000624990
0.0000624960
0.0000625660
0.0000626600
0.0000624840
0.0000624130
0.0000624830
0.0000624850
0.0000624610
0.0000624430
0.0000624490
0.0000625230
0.0000624620
0.0000627000
0.0000625130
0.0000625220
0.0000625020
0.0000624850
0.0000624710
0.0000625150
0.0000624890
0.0000625080
0.0000625150
