0.0000628530
0.0000625280
0.0000625220
0.0000625290
0.0000625160
0.0000624190
0.0000624510
0.0000626000
0.0000351480
0.0000624840
0.0000627300
0.0000624590
0.0000624880
0.0000624660
0.0000624840
0.0000624790
0.0000624370
0.0000624640
0.0000397700
0.0000625140
0.0000626490
0.0000625260
0.0000624840
0.0000625050
0.0000624960
0.0000625020
0.0000624930
0.0000624790
0.0000625720
0.0000624720
0.0000626370
0.0000624470
0.0000625210
0.0000624730
0.0000624960
0.0000624870
0.0000625000
0.0000624540
0.0000624720
0.0000625990
0.0000627310
0.0000625010
0.0000624690
0.0000624320
0.0000624380
0.0000624250
0.0000624560
0.0000624740
0.0000624220
0.0000625550
0.0000626640
0.0000626240
0.0000624870
0.0000624720
0.0000624830
0.0000624840
0.0000624520
0.0000624870
0.0000625300
0.0000626020
0.0000626220
0.0000624610
0.0000624730
0.0000624880
0.0000625010
0.0000624540
0.0000624700
0.0000624620
0.0000624680
0.0000626070
0.0000627310
0.0000625230
0.0000625100
0.0000624480
0.0000624830
0.0000624860
0.0000625050
0.0000624990
0.0000625480
0.0000625530
0.0000627910
0.0000625190
0.0000625720
0.0000625580
0.0000625600
0.0000624610
0.0000625030
0.0000624900
0.0000848480
0.0000625120
0.0000627840
0.0000624620
0.0000624930
0.0000624930
0.0000625080
0.0000624870
0.0000625180
0.0000625220
0.0000468030
0.0000624610
