0.0000626420
0.0000624190
0.0000624710
0.0000624740
0.0000624590
0.0000623920
0.0000623990
0.0000623980
0.0000624020
0.0000624050
0.0000625860
0.0000624510
0.0000624310
0.0000624450
0.0000624310
0.0000624260
0.0000625590
0.0000624360
0.0000624400
0.0000624080
0.0000627240
0.0000624540
0.0000625270
0.0000624740
0.0000624480
0.0000624860
0.0000624900
0.0000624920
0.0000624900
0.0000624850
0.0000626860
0.0000624740
0.0000624890
0.0000625220
0.0000624700
0.0000625030
0.0000625030
0.0000624850
0.0000624490
0.0000624900
0.0000626540
0.0000624940
0.0000624730
0.0000624980
0.0000624670
0.0000624900
0.0000624940
0.0000624900
0.0000624920
0.0000624820
0.0000628870
0.0000624980
0.0000625050
0.0000624860
0.0000625070
0.0000624930
0.0000624920
0.0000624890
0.0000625260
0.0000625060
0.0000628470
0.0000624910
0.0000624910
0.0000624840
0.0000624870
0.0000624870
0.0000624580
0.0000624430
0.0000625350
0.0000624520
0.0000627180
0.0000624890
0.0000625000
0.0000624720
0.0000625020
0.0000624700
0.0000624790
0.0000624650
0.0000625220
0.0000624750
0.0000628870
0.0000625010
0.0000624820
0.0000624520
0.0000624770
0.0000624430
0.0000624380
0.0000624910
0.0000624750
0.0000624720
0.0000626900
0.0000624650
0.0000625110
0.0000624960
0.0000624970
0.0000624670
0.0000626530
0.0000624770
0.0000624810
0.0000624860
