0.0022939520
0.0022442500
0.0022935300
0.0022946700
0.0022447640
0.0022447490
0.0022439460
0.0022440250
0.0022760940
0.0023075340
0.0022957720
0.0022440680
0.0022436100
0.0023120500
0.0022439390
0.0023067480
0.0022929020
0.0022448100
0.0022714480
0.0022435350
0.0023035650
0.0022443410
0.0023063200
0.0022663690
0.0022439890
0.0022443710
0.0022439600
0.0022441950
0.0022806670
0.0022439710
0.0022978510
0.0022413880
0.0022432660
0.0023094010
0.0022441140
0.0022892330
0.0022713640
0.0022651570
0.0022443920
0.0022446100
0.0022435790
0.0023049990
0.0022430110
0.0022749840
0.0022749820
0.0022977750
0.0022442120
0.0022435680
0.0022453660
0.0022438370
0.0022469400
0.0022434400
0.0022440420
0.0022716770
0.0022446480
0.0022440090
0.0022863880
0.0022448730
0.0022806000
0.0022504190
0.0022678600
0.0022439860
0.0022949180
0.0022469670
0.0022714310
0.0022435190
0.0022440990
0.0022765490
0.0022437240
0.0022869130
0.0022642450
0.0022977750
0.0022864200
0.0022949610
0.0022434180
0.0022435910
0.0022591100
0.0022440160
0.0022654660
0.0022436160
0.0022443120
0.0022446660
0.0022696110
0.0022451130
0.0022449750
0.0022449580
0.0022871490
0.0022615630
0.0022447330
0.0022449620
0.0022459360
0.0022465250
0.0022457590
0.0022695690
0.0022473820
0.0022707170
0.0022456370
0.0022460520
0.0022421580
0.0022597110
