0.0000627060
0.0000626310
0.0000626770
0.0000627340
0.0000626930
0.0000627390
0.0000626430
0.0000627300
0.0000626570
0.0000626860
0.0000626610
0.0000625060
0.0000624840
0.0000624770
0.0000624670
0.0000624860
0.0000624440
0.0000624410
0.0000624000
0.0000277320
0.0000625990
0.0000624950
0.0000624990
0.0000624210
0.0000626660
0.0000624330
0.0000624350
0.0000624200
0.0000624430
0.0000626290
0.0000627120
0.0000625390
0.0000625720
0.0000625600
0.0000625930
0.0000624970
0.0000625120
0.0000625520
0.0000576410
0.0000626280
0.0000626710
0.0000624730
0.0000624930
0.0000624710
0.0000625080
0.0000624530
0.0000624670
0.0000624560
0.0000624720
0.0000335090
0.0000626650
0.0000624350
0.0000625020
0.0000624900
0.0000624920
0.0000624760
0.0000625090
0.0000624280
0.0000624900
0.0000289750
0.0000626880
0.0000624860
0.0000624850
0.0000625160
0.0000624950
0.0000625070
0.0000625090
0.0000624280
0.0000625140
0.0000262500
0.0000626570
0.0000624660
0.0000624830
0.0000624450
0.0000624300
0.0000626820
0.0000627000
0.0000624260
0.0000624920
0.0000625180
0.0000626540
0.0000625450
0.0000627190
0.0000624830
0.0000625470
0.0000624910
0.0000625260
0.0000625040
0.0000625100
0.0000625250
0.0000627670
0.0000625360
0.0000625260
0.0000625400
0.0000625420
0.0000625400
0.0000625330
0.0000625030
0.0000264120
0.0000625050
0.0000626460
0.0000625170
0.0000624670
0.0000624880
0.0000626620
0.0000624970
0.0000624770
0.0000625030
0.0000624940
0.0000229770
0.0000626610
0.0000625130
0.0000627390
0.0000625520
0.0000624850
0.0000625110
0.0000625440
0.0000624680
0.0000625370
0.0000625270
0.0000627230
0.0000625580
0.0000625270
0.0000624790
0.0000625160
0.0000625210
0.0000627460
0.0000625630
0.0000625510
0.0000625230
0.0000626820
0.0000625220
0.0000624720
0.0000624970
0.0000624750
0.0000624190
0.0000625080
0.0000624330
0.0000624250
0.0000789880
0.0000626200
0.0000624610
0.0000624780
0.0000625090
0.0000624630
0.0000625160
0.0000624430
0.0000624840
0.0000625060
0.0000626580
0.0000626970
0.0000625210
0.0000625050
0.0000627400
0.0000625450
0.0000625260
0.0000625130
0.0000624990
0.0000656000
0.0000625210
0.0000626800
0.0000625050
0.0000626820
0.0000625070
0.0000625120
0.0000625010
0.0000625200
0.0000625220
0.0000625900
0.0000625060
0.0000626910
0.0000625140
0.0000625100
0.0000625180
0.0000625290
0.0000627430
0.0000625300
0.0000625020
0.0000390090
0.0000625270
0.0000625990
0.0000624480
0.0000625090
0.0000624380
0.0000624930
0.0000625110
0.0000624920
0.0000624620
0.0000624850
0.0000210950
0.0000627160
0.0000625430
0.0000625340
0.0000624550
0.0000625120
0.0000625010
0.0000626820
0.0000625340
0.0000624940
0.0000624890
0.0000626670
0.0000625280
0.0000625010
0.0000625230
0.0000625070
0.0000625220
0.0000625240
0.0000625050
0.0000625390
0.0000627020
