0.0067044620
0.0067028180
0.0067069110
0.0067220600
0.0067284150
0.0066977720
0.0067273430
0.0067575190
0.0067173870
0.0067462820
0.0090305280
0.0090189470
0.0089687670
0.0089933540
0.0089709780
0.0089756660
0.0090082930
0.0089547590
0.0089592070
0.0089594620
0.0089936910
0.0089649000
0.0089904570
0.0090588780
0.0089824670
0.0089995210
0.0089921090
0.0089757500
0.0089712170
0.0089940020
0.0090693180
0.0089607380
0.0090040440
0.0089995020
0.0089907430
0.0089958670
0.0090421710
0.0089491960
0.0089936700
0.0089569490
0.0089536320
0.0090043710
0.0089433270
0.0089533530
0.0089615260
0.0089881960
0.0089800900
0.0089563680
0.0089914150
0.0089734380
0.0089511440
0.0090341240
0.0089652680
0.0089787550
0.0089502310
0.0089627940
0.0089989480
0.0089918190
0.0089687470
0.0089590930
0.0089943110
0.0089732350
0.0089803650
0.0089956380
0.0089944740
0.0090000380
0.0089762180
0.0089919500
0.0089907500
0.0089751050
0.0089966170
0.0090022510
0.0089705270
0.0090095530
0.0089746870
0.0089939560
0.0089635890
0.0090016860
0.0089964830
0.0089698090
0.0089921400
0.0089904720
0.0089761330
0.0089482780
0.0089555930
0.0089701330
0.0090045890
0.0089520720
0.0089507000
0.0089466800
0.0090215400
0.0089921930
0.0089969510
0.0089951810
0.0089579430
0.0089590340
0.0089861900
0.0089631100
0.0089903420
0.0089948360
0.0089990800
0.0089901660
0.0090078350
0.0089467930
0.0089973890
0.0089937400
0.0089930550
0.0089709960
0.0089937760
0.0090527600
0.0090107460
0.0089866360
0.0089964580
0.0089517400
0.0089923750
0.0089681080
0.0089722510
0.0089937760
0.0089637090
0.0089766620
0.0089712850
0.0089687140
0.0089775300
0.0090182160
0.0089969160
0.0089985980
0.0089944090
0.0090095840
0.0089561790
0.0089895900
0.0089955960
0.0089783180
0.0089578890
0.0089665050
0.0089984440
0.0090139730
0.0089537040
0.0089740820
0.0090012750
0.0089941200
0.0090132800
0.0089939170
0.0090124860
0.0089638320
0.0089913280
0.0090544670
0.0089693560
0.0090738490
0.0090227780
0.0090161650
0.0089949370
0.0090058200
0.0089960480
0.0089968510
0.0089569320
0.0089646640
0.0089812490
0.0089992760
0.0089778700
0.0089680650
0.0089645640
0.0089823700
0.0089630610
0.0089951300
0.0089545560
0.0089935000
0.0089601200
0.0089731120
0.0089657330
0.0089916980
0.0089582400
0.0090126120
0.0089587540
0.0090003270
0.0090116690
0.0089700500
0.0090264470
0.0089600420
0.0089698550
0.0089918730
0.0089674210
0.0090034930
0.0089973660
0.0089839000
0.0090060990
0.0090013200
0.0089896810
0.0089583500
0.0089641340
0.0090011280
0.0090001980
0.0089616870
0.0089985970
0.0089918420
0.0089674910
0.0089743390
0.0089986750
0.0090083510
0.0089956230
0.0089938150
0.0089777650
0.0089815530
0.0089650810
0.0089514840
0.0089749660
0.0089942300
0.0089770430
0.0089921120
0.0089638200
0.0089648050
