0.0000626900
0.0000625210
0.0000625270
0.0000624920
0.0000625530
0.0000625040
0.0000624970
0.0000624920
0.0000624750
0.0000624940
0.0000626290
0.0000624680
0.0000624620
0.0000624080
0.0000624110
0.0000624750
0.0000624940
0.0000625530
0.0000624930
0.0000624440
0.0000627380
0.0000624960
0.0000625210
0.0000624940
0.0000625230
0.0000624850
0.0000624840
0.0000624880
0.0000624890
0.0000624780
0.0000626440
0.0000624830
0.0000625100
0.0000625370
0.0000625140
0.0000624740
0.0000624680
0.0000624500
0.0000624710
0.0000624630
0.0000626540
0.0000627160
0.0000624730
0.0000624440
0.0000624450
0.0000624850
0.0000624530
0.0000624640
0.0000624770
0.0000624560
0.0000626420
0.0000624650
0.0000624070
0.0000625970
0.0000624850
0.0000624350
0.0000624820
0.0000624130
0.0000624530
0.0000624090
0.0000627120
0.0000625070
0.0000625020
0.0000624920
0.0000625010
0.0000625000
0.0000625330
0.0000624500
0.0000624920
0.0000624890
0.0000626130
0.0000625050
0.0000624810
0.0000624610
0.0000625830
0.0000624740
0.0000624090
0.0000624880
0.0000624920
0.0000624910
0.0000626890
0.0000625330
0.0000624840
0.0000624590
0.0000624910
0.0000624830
0.0000624780
0.0000624900
0.0000624990
0.0000624490
0.0000626370
0.0000625100
0.0000625290
0.0000624690
0.0000625000
0.0000626310
0.0000625290
0.0000624520
0.0000624930
0.0000624510
