0.0000627060
0.0000625080
0.0000624870
0.0000624930
0.0000624810
0.0000624790
0.0000624790
0.0000624990
0.0000624980
0.0000624880
0.0000626370
0.0000624750
0.0000627140
0.0000624960
0.0000625730
0.0000625260
0.0000625170
0.0000625020
0.0000624740
0.0000625350
0.0000626910
0.0000624990
0.0000624800
0.0000624540
0.0000625460
0.0000626590
0.0000624910
0.0000625070
0.0000624480
0.0000624950
0.0000626120
0.0000624420
0.0000624920
0.0000624900
0.0000624810
0.0000624840
0.0000624890
0.0000624120
0.0000624800
0.0000624090
0.0000626660
0.0000625240
0.0000624770
0.0000625140
0.0000625170
0.0000625220
0.0000625240
0.0000625160
0.0000625200
0.0000624770
0.0000626580
0.0000625770
0.0000624640
0.0000624870
0.0000625230
0.0000626920
0.0000624720
0.0000625350
0.0000624830
0.0000625180
0.0000626430
0.0000624730
0.0000624750
0.0000624970
0.0000624750
0.0000624820
0.0000624950
0.0000624920
0.0000624020
0.0000624450
0.0000627540
0.0000624960
0.0000625010
0.0000624810
0.0000624820
0.0000625220
0.0000624840
0.0000624860
0.0000624720
0.0000624800
0.0000625760
0.0000624880
0.0000624990
0.0000624690
0.0000624760
0.0000624810
0.0000626360
0.0000624820
0.0000624770
0.0000624800
0.0000626200
0.0000624450
0.0000624840
0.0000626490
0.0000624050
0.0000624880
0.0000623990
0.0000624840
0.0000624000
0.0000624810
0.0000626620
0.0000625120
0.0000624990
0.0000624940
0.0000625000
0.0000625080
0.0000624760
0.0000624810
0.0000624880
0.0000624950
0.0000626540
0.0000625050
0.0000625530
0.0000627340
0.0000625260
0.0000625150
0.0000624810
0.0000651680
0.0000625160
0.0000624770
0.0000627200
0.0000625030
0.0000624970
0.0000624690
0.0000626380
0.0000625040
0.0000624880
0.0000624680
0.0000624820
0.0000624860
0.0000626710
0.0000624990
0.0000625030
0.0000624510
0.0000624750
0.0000624620
0.0000624940
0.0000624710
0.0000624390
0.0000624750
0.0000625950
0.0000624100
0.0000624360
0.0000625850
0.0000624230
0.0000623900
0.0000624310
0.0000624110
0.0000624250
0.0000623980
0.0000627030
0.0000625760
0.0000625390
0.0000624850
0.0000624830
0.0000625560
0.0000626890
0.0000625210
0.0000624660
0.0000625130
0.0000627180
0.0000624820
0.0000624860
0.0000624920
0.0000625280
0.0000625050
0.0000624950
0.0000625020
0.0000624520
0.0000625060
0.0000625870
0.0000624850
0.0000624670
0.0000626110
0.0000624840
0.0000624660
0.0000624750
0.0000624440
0.0000624680
0.0000624760
0.0000626480
0.0000624760
0.0000624800
0.0000624730
0.0000624830
0.0000624870
0.0000624820
0.0000624730
0.0000624930
0.0000624820
0.0000626460
0.0000625010
0.0000624760
0.0000625320
0.0000625090
0.0000624880
0.0000624800
0.0000625230
0.0000625420
0.0000624950
0.0000625630
0.0000624950
0.0000624900
0.0000624980
0.0000624990
0.0000624840
0.0000624840
0.0000626470
0.0000624570
0.0000624350
0.0000626850
0.0000624420
0.0000624810
0.0000624720
0.0000624840
0.0000624280
0.0000624690
0.0000625050
0.0000624410
0.0000624930
0.0000626130
0.0000624600
0.0000624930
0.0000624900
0.0000624850
0.0000624480
0.0000624670
0.0000624110
0.0000624890
0.0000624100
0.0000627060
0.0000625330
0.0000625330
0.0000624860
0.0000627050
0.0000625570
0.0000625270
0.0000625220
0.0000626350
0.0000624930
0.0000627380
0.0000624640
0.0000624760
0.0000624900
0.0000624780
0.0000624840
0.0000624750
0.0000624880
0.0000625260
0.0000624800
0.0000625930
0.0000624150
0.0000625400
0.0000624410
0.0000625980
0.0000624830
0.0000625000
0.0000624790
0.0000624860
0.0000624710
0.0000627060
0.0000624730
0.0000624870
0.0000624760
0.0000624720
0.0000624770
0.0000624970
0.0000624560
0.0000625060
0.0000624860
0.0000626320
0.0000624540
0.0000624820
0.0000625510
0.0000624330
0.0000624790
0.0000624760
0.0000624070
0.0000624640
0.0000624550
0.0000626860
0.0000625150
0.0000625330
0.0000624970
0.0000625250
0.0000624860
0.0000624880
0.0000624730
0.0000625230
0.0000624900
0.0000625830
0.0000624140
0.0000624970
0.0000624900
0.0000624940
0.0000626080
0.0000624790
0.0000624090
0.0000624070
0.0000624070
