0.0004365870
0.0004367990
0.0004365860
0.0004365560
0.0004368450
0.0004363710
0.0004365200
0.0004368790
0.0004370270
0.0004365810
0.0006234520
0.0005609680
0.0006229360
0.0005606990
0.0005607910
0.0006229230
0.0006227950
0.0005814950
0.0005607740
0.0005680820
0.0005634680
0.0006230120
0.0006229700
0.0005981090
0.0006229590
0.0005608700
0.0006228820
0.0005606260
0.0006229700
0.0005608040
0.0006237810
0.0006229130
0.0005608130
0.0006229340
0.0006229370
0.0006229540
0.0006229560
0.0005910840
0.0006228080
0.0006228790
0.0006237100
0.0006209210
0.0005610620
0.0005615630
0.0005612470
0.0005612800
0.0005610460
0.0005611090
0.0006115830
0.0005610940
0.0006240860
0.0006009210
0.0005612240
0.0005613180
0.0005611320
0.0005615320
0.0005611120
0.0005612520
0.0005936040
0.0005612140
0.0006161490
0.0005610310
0.0006229970
0.0005857220
0.0005607070
0.0005609610
0.0005608230
0.0005609990
0.0006230100
0.0005609090
0.0006230660
0.0006225640
0.0006226730
0.0006230740
0.0006223400
0.0006225080
0.0006224960
0.0005607370
0.0006225350
0.0006226400
0.0006236060
0.0005611480
0.0005607700
0.0005610130
0.0005608610
0.0005609290
0.0005606970
0.0005609900
0.0005608800
0.0005610020
0.0006236230
0.0005607040
0.0005607650
0.0005608520
0.0006227340
0.0006229500
0.0005805750
0.0006229580
0.0006229020
0.0006229630
0.0006234270
0.0005609090
0.0006228590
0.0006229610
0.0005760090
0.0006228450
0.0006229170
0.0006228970
0.0006230160
0.0006230030
0.0006241260
0.0005611100
0.0006223840
0.0005612460
0.0005610250
0.0005611230
0.0005610210
0.0005614110
0.0005610190
0.0005613660
0.0006230800
0.0005607440
0.0006228360
0.0006228640
0.0005606650
0.0006228580
0.0005607240
0.0005606440
0.0006229770
0.0006227680
0.0006234750
0.0005607220
0.0006229690
0.0005609330
0.0005608030
0.0005611370
0.0005606680
0.0005790850
0.0006230420
0.0005607390
0.0006237940
0.0005608790
0.0005608080
0.0005606620
0.0006179780
0.0006229820
0.0006228510
0.0006229030
0.0006229100
0.0006229530
0.0006238560
0.0005791250
0.0005611350
0.0005611860
0.0005611860
0.0005610140
0.0005611370
0.0005611140
0.0005610210
0.0005611250
0.0006233360
0.0005608250
0.0006229980
0.0006227390
0.0006227900
0.0006228470
0.0006124740
0.0006229620
0.0006229530
0.0005797530
0.0005868600
0.0006229620
0.0006230080
0.0006011690
0.0006230190
0.0005606940
0.0005608510
0.0005608040
0.0005607460
0.0006229360
0.0006127330
0.0005606840
0.0005617100
0.0006195640
0.0005607030
0.0006231770
0.0005608690
0.0006229680
0.0005608240
0.0006230930
0.0006234030
0.0006229960
0.0006229730
0.0006226850
0.0005969650
0.0006230730
0.0006229920
0.0006229450
0.0005614410
0.0005606570
0.0006237310
0.0006228620
0.0006229310
0.0005607730
0.0005608920
0.0006231130
0.0006229530
0.0006202420
0.0006229810
0.0006230020
