0.0067625670
0.0066996450
0.0067425170
0.0067595510
0.0067117230
0.0067705390
0.0067176180
0.0067019380
0.0067036410
0.0067385520
0.0067466210
0.0067145750
0.0067124780
0.0067221200
0.0067203670
0.0067300310
0.0067403920
0.0067521090
0.0067254610
0.0067551900
0.0067733190
0.0067120810
0.0067563980
0.0067181580
0.0067349270
0.0067568650
0.0067474330
0.0067019150
0.0067559760
0.0067057680
0.0067402260
0.0067572110
0.0067311320
0.0067289890
0.0067281600
0.0067024510
0.0067247880
0.0067243650
0.0067482790
0.0067554700
0.0067078480
0.0067435160
0.0067480510
0.0067396030
0.0067281850
0.0067438240
0.0067161570
0.0067409500
0.0067435840
0.0067218860
0.0067102850
0.0067075160
0.0066973940
0.0067057410
0.0067254080
0.0067397460
0.0067269670
0.0067267850
0.0067616120
0.0067438020
0.0067087630
0.0067367530
0.0067559910
0.0067442780
0.0067575780
0.0067665790
0.0067237300
0.0067507980
0.0067534250
0.0067556510
0.0067331060
0.0067574720
0.0067565760
0.0067233250
0.0067082750
0.0067509000
0.0067291340
0.0067566270
0.0067260340
0.0067535600
0.0067224260
0.0067353650
0.0067239330
0.0067053340
0.0067204710
0.0067381170
0.0067594110
0.0067474440
0.0067264800
0.0067578600
0.0067277390
0.0067458690
0.0067225550
0.0067002500
0.0067680220
0.0067481140
0.0067338070
0.0067200010
0.0067377070
0.0067243090
0.0067099060
0.0067465780
0.0067265730
0.0066986520
0.0067578190
0.0067540630
0.0066971010
0.0067459360
0.0067197280
0.0067291420
0.0067099820
0.0067252120
0.0067171430
0.0067435370
0.0067157180
0.0067012390
0.0067257600
0.0067021560
0.0067311290
0.0067284670
0.0067206310
0.0067050040
0.0067262680
0.0067410200
0.0067434280
0.0067123000
0.0067273100
0.0067547680
0.0067375060
0.0066997030
0.0066994690
0.0067458350
0.0067270620
0.0067280590
0.0067240740
0.0067331670
0.0067475720
0.0067016360
0.0067048150
0.0067523430
0.0066994170
0.0067290390
0.0067391290
0.0067086440
0.0067431580
0.0067431640
0.0067573640
0.0067027790
0.0067576780
0.0067118690
0.0067419400
0.0067507220
0.0067268480
0.0067176340
0.0066972260
0.0067473760
0.0067415990
0.0067100970
0.0067468390
0.0067199420
0.0067535330
0.0067527190
0.0067259590
0.0067326240
0.0067080610
0.0067168870
0.0067366250
0.0067113360
0.0067312800
0.0067272110
0.0067046300
0.0067476190
0.0066977110
0.0067331940
0.0067219360
0.0067012890
0.0066984750
0.0067497110
0.0067557440
0.0067423070
0.0067161520
0.0067579450
0.0066997690
0.0067113540
0.0066968700
0.0067394120
0.0067188800
0.0067488300
0.0066991330
0.0067150240
0.0067277290
0.0067264670
0.0067109160
0.0067342840
0.0067225400
0.0067372590
0.0067416140
0.0067020380
0.0067307050
0.0067550980
0.0067514010
0.0067165250
0.0067393950
0.0067484720
0.0067585960
0.0067194340
0.0067787930
0.0067083990
0.0067257770
0.0066972380
0.0067567010
0.0067551250
0.0067461270
0.0067526610
0.0067554890
0.0067395760
0.0067475120
0.0067047880
0.0067761560
0.0067586030
0.0067194270
0.0067447970
0.0067531450
0.0067057430
0.0067264980
0.0067052160
0.0067562180
0.0067489250
0.0067564360
0.0067435440
0.0067074910
0.0067112040
0.0067671490
0.0067252020
0.0067499450
0.0067000520
0.0067178460
0.0067140380
0.0067067570
0.0067115950
0.0067236020
0.0067528370
0.0067329840
0.0067510530
0.0067286980
0.0067253490
0.0067129040
0.0066990640
0.0067196530
0.0067558290
0.0067258480
0.0067445430
0.0066987290
0.0067411760
0.0067042430
0.0067372360
0.0067567580
0.0067506410
0.0067270800
0.0067103440
0.0067500610
0.0067139840
0.0067269640
0.0067256020
0.0067405570
0.0067190250
0.0067259890
0.0067155250
0.0067536440
0.0067514240
0.0067141040
0.0067417070
0.0067413800
0.0067449140
0.0067004350
0.0067246230
0.0067543800
0.0067434620
0.0067320800
0.0067281700
0.0067390780
0.0067132940
0.0067128390
0.0067049300
0.0067094990
0.0067362560
0.0067285930
0.0067153770
0.0067180880
0.0067257110
0.0067088310
0.0067347670
0.0067287770
0.0067248910
0.0066978460
0.0067096070
0.0067344790
0.0067342080
0.0067392470
0.0067123130
