0.0000008390
0.0000005170
0.0000005060
0.0000006270
0.0000004910
0.0000004880
0.0000003260
0.0000003630
0.0000003080
0.0000004660
0.0000027210
0.0000008970
0.0000008990
0.0000010290
0.0000010840
0.0000006540
0.0000004640
0.0000007590
0.0000003870
0.0000005560
0.0000008670
0.0000005490
0.0000005400
0.0000006400
0.0000004960
0.0000004930
0.0000003870
0.0000003300
0.0000003320
0.0000003810
0.0000008620
0.0000005250
0.0000004900
0.0000006770
0.0000004910
0.0000004650
0.0000003340
0.0000003170
0.0000002910
0.0000004150
0.0000013430
0.0000005730
0.0000005360
0.0000006980
0.0000005320
0.0000005030
0.0000004470
0.0000003620
0.0000003230
0.0000004560
0.0000011320
0.0000006420
0.0000006310
0.0000007940
0.0000006220
0.0000005420
0.0000004090
0.0000004160
0.0000003360
0.0000005000
0.0000009830
0.0000006200
0.0000006410
0.0000007230
0.0000005610
0.0000005340
0.0000004110
0.0000003170
0.0000002950
0.0000005040
0.0000017930
0.0000006390
0.0000006540
0.0000009650
0.0000006170
0.0000005990
0.0000004090
0.0000004110
0.0000004130
0.0000005330
0.0000010270
0.0000006780
0.0000006220
0.0000007590
0.0000005370
0.0000005250
0.0000003920
0.0000005660
0.0000003220
0.0000004980
0.0000009870
0.0000007070
0.0000006420
0.0000008970
0.0000006480
0.0000005770
0.0000004960
0.0000003400
0.0000002890
0.0000005240
0.0000009840
0.0000006090
0.0000006030
0.0000007270
0.0000005460
0.0000004880
0.0000004010
0.0000003550
0.0000002930
0.0000004190
0.0000010910
0.0000006170
0.0000006170
0.0000007920
0.0000005820
0.0000005250
0.0000004010
0.0000004360
0.0000003020
0.0000005210
0.0000013200
0.0000006830
0.0000006240
0.0000007780
0.0000006160
0.0000006190
0.0000004700
0.0000003950
0.0000003570
0.0000005340
0.0000010520
0.0000006650
0.0000006530
0.0000008480
0.0000006500
0.0000005910
0.0000004920
0.0000004080
0.0000003930
0.0000005660
0.0000010060
0.0000007780
0.0000006770
0.0000008450
0.0000006460
0.0000005720
0.0000004030
0.0000003340
0.0000003250
0.0000004780
0.0000010670
0.0000006780
0.0000006990
0.0000008340
0.0000006040
0.0000005420
0.0000003920
0.0000004110
0.0000003410
0.0000005120
0.0000010960
0.0000006270
0.0000006320
0.0000008350
0.0000006170
0.0000006020
0.0000004550
0.0000004780
0.0000003290
0.0000005900
0.0000014170
0.0000007800
0.0000006670
0.0000008720
0.0000006350
0.0000005240
0.0000004280
0.0000006650
0.0000003160
0.0000005140
0.0000015680
0.0000011500
0.0000006320
0.0000007550
0.0000005410
0.0000005410
0.0000004220
0.0000003650
0.0000003150
0.0000004760
0.0000009480
0.0000006810
0.0000006680
0.0000007490
0.0000005680
0.0000005400
0.0000004360
0.0000003750
0.0000003710
0.0000004470
