0.0036590330
0.0013813980
0.0012332100
0.0011868860
0.0012083300
0.0012059410
0.0011816580
0.0011890380
0.0011676160
0.0011726670
0.0050801390
0.0015910060
0.0014390340
0.0013895430
0.0013881400
0.0013590210
0.0013430280
0.0014070820
0.0013594770
0.0013500060
0.0038633510
0.0015141950
0.0013856440
0.0013800990
0.0013431830
0.0013093940
0.0012567400
0.0012407150
0.0012001700
0.0012574280
0.0038910640
0.0015332470
0.0014531480
0.0013806030
0.0013205970
0.0012646180
0.0012307890
0.0012292590
0.0012273380
0.0012038370
0.0038105620
0.0013821200
0.0015537480
0.0020009740
0.0017555540
0.0017147040
0.0014581200
0.0014121830
0.0013821360
0.0013775110
0.0049666880
0.0027441980
0.0027462050
0.0026773670
0.0021555960
0.0021463120
0.0021365100
0.0023275100
0.0024775680
0.0024914700
0.0036748250
0.0015669580
0.0014597320
0.0013674130
0.0013649810
0.0012650970
0.0012083320
0.0011979100
0.0011671160
0.0011673000
0.0045953010
0.0022052690
0.0022113430
0.0021567520
0.0022107730
0.0017517880
0.0015479770
0.0014488970
0.0013828090
0.0013787980
0.0054949420
0.0036678630
0.0035649860
0.0035269070
0.0034758540
0.0034719100
0.0034518140
0.0031159090
0.0021967300
0.0021377450
0.0047032520
0.0022511950
0.0021798510
0.0021574530
0.0025495030
0.0023985370
0.0022206890
0.0018747340
0.0016430660
0.0016337970
0.0061722510
0.0021848330
0.0017105480
0.0016142240
0.0016192280
0.0015628200
0.0015229370
0.0015129200
0.0015669110
0.0015175320
0.0049108110
0.0023914240
0.0023004240
0.0023174070
0.0022412050
0.0016508310
0.0015594130
0.0014310010
0.0013577740
0.0014414620
0.0049169750
0.0021721750
0.0021690420
0.0021515410
0.0021497280
0.0020969580
0.0021231790
0.0018617650
0.0016423270
0.0016059770
0.0036548500
0.0013784720
0.0012258480
0.0012077440
0.0012127920
0.0012028900
0.0011799910
0.0011985000
0.0011716400
0.0011857840
0.0044663730
0.0024590220
0.0021859920
0.0022344280
0.0016408780
0.0014515680
0.0014219270
0.0013882720
0.0014009650
0.0013550420
0.0038480160
0.0013856110
0.0012815250
0.0012414030
0.0012656700
0.0012479600
0.0012479960
0.0012402470
0.0012205210
0.0012284200
0.0035048860
0.0013259040
0.0012213120
0.0011870060
0.0011929880
0.0011963010
0.0012201960
0.0011748600
0.0011556680
0.0011688250
0.0035173160
0.0013564890
0.0012178930
0.0011970220
0.0012227970
0.0012093420
0.0011850030
0.0011934140
0.0011874210
0.0011633410
0.0038848390
0.0013514050
0.0012541500
0.0012015040
0.0012344530
0.0011933280
0.0012033600
0.0011868980
0.0012082300
0.0011655830
0.0034577510
0.0012722850
0.0011588840
0.0011162080
0.0011435230
0.0011558550
0.0011318130
0.0011597660
0.0011098420
0.0011391240
