0.0017844650
0.0005353470
0.0004868220
0.0004629020
0.0004794250
0.0004667940
0.0004613700
0.0004631650
0.0004600610
0.0004546330
0.0024181840
0.0015725960
0.0015665420
0.0015684930
0.0015760170
0.0017575810
0.0018584690
0.0018688240
0.0016882010
0.0016862530
0.0018381300
0.0005816350
0.0005057960
0.0005129370
0.0004823720
0.0004753060
0.0004601760
0.0004633330
0.0004706960
0.0004563240
0.0018646770
0.0005611980
0.0005930190
0.0005778710
0.0005552640
0.0005575670
0.0005373950
0.0005465050
0.0005241680
0.0005636690
0.0027810920
0.0015063250
0.0014163130
0.0013807450
0.0013499290
0.0013182640
0.0013017820
0.0012767160
0.0011026350
0.0010909920
0.0021923620
0.0006130920
0.0005971470
0.0005610960
0.0005561290
0.0005235630
0.0005250150
0.0005222040
0.0005005460
0.0004962280
0.0020596640
0.0007914190
0.0006533010
0.0005478400
0.0005691020
0.0005459530
0.0005172000
0.0005195470
0.0005152600
0.0005365320
0.0026100180
0.0014916850
0.0014271530
0.0014586800
0.0012424430
0.0011777960
0.0012526610
0.0012057070
0.0011464910
0.0011690730
0.0023106200
0.0010773930
0.0010910140
0.0007678730
0.0007214570
0.0006490710
0.0005766380
0.0005858250
0.0005506890
0.0005532520
0.0018300400
0.0005372490
0.0004923470
0.0004687340
0.0004907920
0.0004877710
0.0004719510
0.0004746360
0.0004711760
0.0004804050
0.0025346080
0.0011895160
0.0010267480
0.0009675050
0.0009364300
0.0009574310
0.0009036570
0.0008965790
0.0009034060
0.0008413100
0.0018297810
0.0005706830
0.0005184310
0.0004978590
0.0005005790
0.0005095850
0.0004908820
0.0004860140
0.0004940800
0.0004938750
0.0018745000
0.0005930720
0.0005372670
0.0005149530
0.0005137910
0.0005382820
0.0005035930
0.0005086940
0.0005095500
0.0005841410
0.0020354810
0.0005735170
0.0005492550
0.0005421310
0.0005355160
0.0005307360
0.0005315020
0.0005387490
0.0005350150
0.0005283230
0.0018058770
0.0005350130
0.0005088260
0.0004771460
0.0004893640
0.0004785570
0.0004732540
0.0004708810
0.0004623290
0.0004586660
0.0027476740
0.0014208230
0.0013732640
0.0013533290
0.0013514420
0.0015407790
0.0014599710
0.0016729700
0.0016177830
0.0015586850
0.0021336130
0.0011261740
0.0010240390
0.0009769700
0.0009667540
0.0009381510
0.0009140590
0.0009306130
0.0009140590
0.0009305830
0.0029641060
0.0017947390
0.0015439010
0.0014606290
0.0014169620
0.0013690690
0.0013141300
0.0011474650
0.0011226460
0.0011314690
0.0021160850
0.0005474340
0.0005122030
0.0004993350
0.0005260440
0.0004981740
0.0005337550
0.0005239060
0.0005106460
0.0005034370
0.0021514200
0.0005511810
0.0005153020
0.0005237650
0.0005203510
0.0005336490
0.0004939260
0.0005046140
0.0004924140
0.0004909490
