0.0000047490
0.0000036260
0.0000032070
0.0000033270
0.0000031230
0.0000029400
0.0000029980
0.0000028660
0.0000029750
0.0000030200
0.0000044230
0.0000040090
0.0000037510
0.0000037450
0.0000022660
0.0000019860
0.0000020080
0.0000020600
0.0000019920
0.0000020720
0.0000044210
0.0000025850
0.0000023840
0.0000022840
0.0000022990
0.0000020480
0.0000020360
0.0000020250
0.0000019530
0.0000020260
0.0000046460
0.0000042750
0.0000040060
0.0000039020
0.0000022320
0.0000021030
0.0000020670
0.0000021590
0.0000020160
0.0000021100
0.0000037690
0.0000027280
0.0000029940
0.0000024330
0.0000030790
0.0000022260
0.0000021870
0.0000021720
0.0000020860
0.0000021510
0.0000037080
0.0000028630
0.0000026150
0.0000025130
0.0000028990
0.0000021740
0.0000022330
0.0000022890
0.0000021100
0.0000022100
0.0000044500
0.0000032960
0.0000022870
0.0000022940
0.0000021900
0.0000019990
0.0000020490
0.0000020730
0.0000020250
0.0000020460
0.0000032320
0.0000025930
0.0000024190
0.0000023820
0.0000021990
0.0000020580
0.0000020700
0.0000022020
0.0000020070
0.0000021150
0.0000044450
0.0000026090
0.0000022770
0.0000023590
0.0000022040
0.0000020300
0.0000021700
0.0000021140
0.0000020110
0.0000020750
0.0000046950
0.0000041850
0.0000029660
0.0000025120
0.0000022810
0.0000021220
0.0000021750
0.0000022060
0.0000021140
0.0000021180
0.0000061650
0.0000025620
0.0000024120
0.0000022760
0.0000022240
0.0000024350
0.0000022090
0.0000099430
0.0000019520
0.0000020150
0.0000043970
0.0000039710
0.0000037630
0.0000023590
0.0000021810
0.0000020370
0.0000019630
0.0000020000
0.0000019380
0.0000020050
0.0000042980
0.0000034420
0.0000022730
0.0000022700
0.0000021760
0.0000022520
0.0000020120
0.0000020890
0.0000019860
0.0000020350
0.0000045030
0.0000040040
0.0000023500
0.0000023320
0.0000022120
0.0000020350
0.0000020010
0.0000020810
0.0000019950
0.0000020950
0.0000050360
0.0000038400
0.0000024660
0.0000023840
0.0000022210
0.0000021160
0.0000021620
0.0000021880
0.0000020840
0.0000021170
0.0000045290
0.0000040770
0.0000023210
0.0000022680
0.0000022250
0.0000020180
0.0000020540
0.0000020880
0.0000019940
0.0000020490
0.0000044880
0.0000034420
0.0000023220
0.0000022970
0.0000022180
0.0000020850
0.0000020740
0.0000021120
0.0000020260
0.0000020830
0.0000046510
0.0000025900
0.0000023250
0.0000024080
0.0000023170
0.0000021640
0.0000021520
0.0000022210
0.0000020570
0.0000021330
0.0000044210
0.0000040350
0.0000038350
0.0000038470
0.0000037390
0.0000020810
0.0000023020
0.0000021530
0.0000020070
0.0000020700
0.0000045150
0.0000038990
0.0000023060
0.0000023110
0.0000021780
0.0000020060
0.0000020410
0.0000021120
0.0000020160
0.0000020910
