0.0000356250
0.0000065020
0.0000058080
0.0000056190
0.0000053460
0.0000059080
0.0000051960
0.0000051730
0.0000056260
0.0000053660
0.0000342060
0.0000060600
0.0000058730
0.0000054180
0.0000055580
0.0000057480
0.0000051530
0.0000051410
0.0000054700
0.0000051930
0.0000425150
0.0000064310
0.0000058070
0.0000054370
0.0000054140
0.0000058540
0.0000052030
0.0000051970
0.0000055020
0.0000052200
0.0000305720
0.0000058450
0.0000058340
0.0000060310
0.0000054600
0.0000057490
0.0000052400
0.0000053470
0.0000054950
0.0000052640
0.0000409950
0.0000067160
0.0000066930
0.0000061620
0.0000061120
0.0000066670
0.0000058390
0.0000059540
0.0000062710
0.0000059390
0.0000380480
0.0000074340
0.0000070130
0.0000063630
0.0000062700
0.0000069840
0.0000059960
0.0000061110
0.0000066430
0.0000062990
0.0000392780
0.0000070210
0.0000069000
0.0000070250
0.0000064230
0.0000068700
0.0000064730
0.0000062460
0.0000064760
0.0000062230
0.0000356430
0.0000067760
0.0000067490
0.0000061070
0.0000061020
0.0000067250
0.0000057730
0.0000059370
0.0000063210
0.0000060030
0.0000373640
0.0000067030
0.0000068730
0.0000061640
0.0000063480
0.0000067820
0.0000057600
0.0000061170
0.0000066070
0.0000061760
0.0000314460
0.0000066050
0.0000065710
0.0000061300
0.0000061180
0.0000066830
0.0000056610
0.0000058110
0.0000061930
0.0000069820
0.0000363540
0.0000069770
0.0000070190
0.0000062750
0.0000068410
0.0000070300
0.0000058800
0.0000062800
0.0000067010
0.0000063690
0.0000506850
0.0000080780
0.0000072500
0.0000070240
0.0000066480
0.0000073300
0.0000060960
0.0000069910
0.0000070560
0.0000065800
0.0000388700
0.0000075690
0.0000068480
0.0000063880
0.0000062940
0.0000068110
0.0000059880
0.0000060540
0.0000065450
0.0000063190
0.0000401590
0.0000070540
0.0000068320
0.0000064830
0.0000065520
0.0000068490
0.0000061110
0.0000063780
0.0000066110
0.0000063180
0.0000346110
0.0000066590
0.0000066450
0.0000063300
0.0000061880
0.0000065820
0.0000059720
0.0000061120
0.0000063190
0.0000060750
0.0000398060
0.0000070510
0.0000070610
0.0000064550
0.0000064850
0.0000070350
0.0000060420
0.0000062360
0.0000066520
0.0000062710
0.0000397500
0.0000079470
0.0000065020
0.0000060200
0.0000060930
0.0000065370
0.0000058080
0.0000058200
0.0000061640
0.0000058830
0.0000308400
0.0000059780
0.0000061370
0.0000054640
0.0000107800
0.0000061850
0.0000051480
0.0000054450
0.0000057730
0.0000055180
0.0000326730
0.0000064590
0.0000060870
0.0000057050
0.0000057210
0.0000059930
0.0000054400
0.0000056100
0.0000057730
0.0000055070
0.0000313920
0.0000060710
0.0000060260
0.0000055800
0.0000056030
0.0000060250
0.0000052840
0.0000054080
0.0000057260
0.0000055480
