0.0000029640
0.0000020440
0.0000024720
0.0000022110
0.0000020270
0.0000013590
0.0000010250
0.0000009130
0.0000008910
0.0000011450
0.0000016010
0.0000012930
0.0000012770
0.0000014310
0.0000012520
0.0000010780
0.0000005600
0.0000005910
0.0000005610
0.0000007580
0.0000015780
0.0000013560
0.0000012810
0.0000013940
0.0000012240
0.0000007770
0.0000005910
0.0000005800
0.0000006110
0.0000007420
0.0000016490
0.0000012860
0.0000012790
0.0000014110
0.0000012530
0.0000012200
0.0000011310
0.0000009190
0.0000005650
0.0000007860
0.0000020810
0.0000013370
0.0000010120
0.0000009360
0.0000007980
0.0000008270
0.0000006380
0.0000006060
0.0000005240
0.0000007510
0.0000014120
0.0000010010
0.0000007780
0.0000009080
0.0000008490
0.0000007830
0.0000007400
0.0000007730
0.0000005750
0.0000007600
0.0000023550
0.0000009130
0.0000008180
0.0000010180
0.0000008210
0.0000007990
0.0000006290
0.0000011000
0.0000006000
0.0000007610
0.0000018250
0.0000015160
0.0000014450
0.0000010370
0.0000008750
0.0000008870
0.0000007100
0.0000006770
0.0000006470
0.0000008430
0.0000018920
0.0000010560
0.0000009500
0.0000010720
0.0000010120
0.0000009750
0.0000008990
0.0000007410
0.0000007300
0.0000009150
0.0000018280
0.0000015040
0.0000009560
0.0000010750
0.0000008960
0.0000008980
0.0000007310
0.0000006800
0.0000006420
0.0000008570
0.0000018550
0.0000014690
0.0000014510
0.0000016040
0.0000014560
0.0000014080
0.0000006710
0.0000006470
0.0000006580
0.0000008420
0.0000018470
0.0000015710
0.0000014350
0.0000016050
0.0000009400
0.0000009190
0.0000007480
0.0000007200
0.0000007210
0.0000008910
0.0000016650
0.0000010070
0.0000009120
0.0000010500
0.0000009750
0.0000009310
0.0000007830
0.0000006940
0.0000011770
0.0000008910
0.0000017210
0.0000010110
0.0000009770
0.0000010520
0.0000009670
0.0000008890
0.0000007510
0.0000007430
0.0000008290
0.0000008880
0.0000014300
0.0000009310
0.0000009360
0.0000010620
0.0000009410
0.0000008960
0.0000007020
0.0000006750
0.0000006320
0.0000008550
0.0000018550
0.0000014650
0.0000014400
0.0000016070
0.0000009190
0.0000008750
0.0000007520
0.0000006810
0.0000006530
0.0000008560
0.0000018130
0.0000014290
0.0000014450
0.0000015870
0.0000013700
0.0000013920
0.0000012200
0.0000012070
0.0000006580
0.0000008350
0.0000016640
0.0000010000
0.0000009620
0.0000011560
0.0000009870
0.0000009890
0.0000007810
0.0000007570
0.0000007570
0.0000009200
0.0000017010
0.0000009220
0.0000008740
0.0000010350
0.0000008810
0.0000008690
0.0000007610
0.0000006360
0.0000006110
0.0000007890
0.0000016370
0.0000012770
0.0000013060
0.0000013980
0.0000012430
0.0000012550
0.0000011580
0.0000011080
0.0000005560
0.0000007390
