0.0036586850
0.0021105850
0.0020721090
0.0020828270
0.0020589140
0.0022194300
0.0021702990
0.0021675170
0.0023227130
0.0025560440
0.0025729530
0.0008589500
0.0007592310
0.0007407350
0.0006903920
0.0006852870
0.0006900680
0.0006890770
0.0006817750
0.0006754820
0.0031474090
0.0014445760
0.0013477970
0.0013372870
0.0013066390
0.0012941630
0.0013133410
0.0012521570
0.0010470220
0.0010072030
0.0034339040
0.0013631700
0.0012903620
0.0012888270
0.0012290690
0.0012256090
0.0012004340
0.0009781420
0.0008932540
0.0008672440
0.0028817140
0.0014687820
0.0013905590
0.0011646330
0.0011296770
0.0012996980
0.0013189900
0.0010789090
0.0010549010
0.0012298050
0.0026337450
0.0008014790
0.0007644400
0.0007896950
0.0007583630
0.0007561290
0.0007512770
0.0007679800
0.0007285800
0.0007124920
0.0025955830
0.0008026180
0.0007301230
0.0007273720
0.0007070440
0.0006841980
0.0006973070
0.0007031690
0.0006972490
0.0006872850
0.0026279040
0.0008038420
0.0007431730
0.0007314210
0.0007094260
0.0007091730
0.0006818380
0.0007169680
0.0007099770
0.0007094560
0.0026323300
0.0008092350
0.0007365740
0.0007256420
0.0007056900
0.0007058370
0.0007031950
0.0007017660
0.0007009000
0.0007064590
0.0025019030
0.0007785110
0.0007219260
0.0007259780
0.0006812710
0.0006687060
0.0006747500
0.0006864080
0.0006887820
0.0006761940
0.0024839280
0.0007934050
0.0007171170
0.0007283440
0.0006871640
0.0006826340
0.0006747500
0.0006831270
0.0006793740
0.0006806610
0.0032370660
0.0014974980
0.0016074070
0.0015606770
0.0014350160
0.0015070130
0.0013784890
0.0013095510
0.0012763470
0.0010653990
0.0028888260
0.0012424860
0.0009279740
0.0008981050
0.0008133930
0.0007843470
0.0007905460
0.0007585040
0.0007590770
0.0007211480
0.0026355180
0.0007693680
0.0006905080
0.0007146180
0.0006875190
0.0006713020
0.0006736250
0.0006745540
0.0006615660
0.0006463560
0.0023410560
0.0007161480
0.0006579650
0.0006723530
0.0006263000
0.0006203800
0.0006190080
0.0006295810
0.0006292600
0.0006152850
0.0023802410
0.0009910090
0.0008198550
0.0008192680
0.0007608390
0.0007521240
0.0007190950
0.0007434940
0.0006907280
0.0007162990
0.0023593150
0.0006839560
0.0006284920
0.0006265840
0.0006061180
0.0006020970
0.0006089550
0.0006015720
0.0006009510
0.0005931330
