0.0003438630
0.0000643390
0.0000513270
0.0000480090
0.0000460920
0.0000478820
0.0000475100
0.0000469240
0.0000468730
0.0000480820
0.0002681590
0.0000491060
0.0000439400
0.0000459910
0.0000445540
0.0000431620
0.0000433930
0.0000428830
0.0000427410
0.0000428560
0.0002625160
0.0000418420
0.0000408010
0.0000413550
0.0000407470
0.0000439480
0.0000418150
0.0000417200
0.0000432460
0.0000436010
0.0002817260
0.0000475290
0.0000466260
0.0000469790
0.0000465360
0.0000466010
0.0000458820
0.0000514530
0.0000465290
0.0000463230
0.0002992530
0.0000485970
0.0000462550
0.0000518880
0.0000472410
0.0000470580
0.0000463960
0.0000465940
0.0000465020
0.0000469590
0.0003808460
0.0000647410
0.0000549160
0.0000525110
0.0000526780
0.0000525770
0.0000519200
0.0000520360
0.0000521690
0.0000530190
0.0002938600
0.0000510180
0.0000494640
0.0000493790
0.0000497990
0.0000497440
0.0000493560
0.0000493190
0.0000504860
0.0000504570
0.0007089790
0.0001767850
0.0001047040
0.0000676460
0.0000639620
0.0000605160
0.0000610100
0.0000609270
0.0000616550
0.0000605660
0.0003659320
0.0000718040
0.0000638440
0.0000687770
0.0000588670
0.0000569630
0.0000603330
0.0000592380
0.0000577200
0.0000592380
0.0003302090
0.0000591690
0.0000541450
0.0000637420
0.0000615470
0.0000556580
0.0000542290
0.0000548020
0.0000545140
0.0000547550
0.0004835660
0.0001091500
0.0000779520
0.0000664350
0.0000650620
0.0000635580
0.0000619300
0.0000617250
0.0000603010
0.0000600130
0.0002802650
0.0000543330
0.0000527300
0.0000528100
0.0000529770
0.0000594520
0.0000549040
0.0000547580
0.0000545410
0.0000547440
0.0002955770
0.0000522530
0.0000515290
0.0000594410
0.0000581000
0.0000583760
0.0000592760
0.0000580630
0.0000604430
0.0000617550
0.0002839440
0.0000499460
0.0000475810
0.0000476040
0.0000471610
0.0000471620
0.0000477370
0.0000473050
0.0000530910
0.0000486070
0.0003095830
0.0000504080
0.0000553320
0.0000488980
0.0000493500
0.0000489930
0.0000488000
0.0000497150
0.0000494910
0.0000490030
0.0003901260
0.0000661540
0.0000545510
0.0000525820
0.0000534460
0.0000527950
0.0000523190
0.0000523270
0.0000530430
0.0000530810
0.0003090200
0.0000513370
0.0000474090
0.0000477330
0.0000473400
0.0000481400
0.0000472330
0.0000475820
0.0000478680
0.0000480400
0.0002903910
0.0000481510
0.0000462590
0.0000462180
0.0000461950
0.0000462200
0.0000531200
0.0000478900
0.0000475570
0.0000480260
0.0003262540
0.0000616770
0.0000506440
0.0000475390
0.0000467150
0.0000467750
0.0000469740
0.0000466140
0.0000464760
0.0000470230
0.0002615090
0.0000473810
0.0000474840
0.0000474930
0.0000472920
0.0000471440
0.0000471330
0.0000475560
0.0000468060
0.0000531540
