0.0000011750
0.0000006160
0.0000005350
0.0000008010
0.0000005420
0.0000004890
0.0000003810
0.0000004070
0.0000003150
0.0000004470
0.0000010210
0.0000007580
0.0000007170
0.0000008430
0.0000005620
0.0000005060
0.0000004010
0.0000003350
0.0000003150
0.0000004530
0.0000010220
0.0000007230
0.0000005550
0.0000007020
0.0000005290
0.0000005030
0.0000004510
0.0000005000
0.0000003510
0.0000004820
0.0000017130
0.0000006190
0.0000005390
0.0000006730
0.0000005350
0.0000004920
0.0000005090
0.0000003900
0.0000002810
0.0000004330
0.0000009680
0.0000006810
0.0000005630
0.0000006890
0.0000004830
0.0000005270
0.0000003860
0.0000003680
0.0000003080
0.0000004760
0.0000012350
0.0000007720
0.0000006280
0.0000008200
0.0000005840
0.0000005920
0.0000004800
0.0000004380
0.0000003730
0.0000005270
0.0000011240
0.0000006160
0.0000006540
0.0000007900
0.0000006790
0.0000005960
0.0000004490
0.0000004780
0.0000003980
0.0000004800
0.0000011480
0.0000007950
0.0000007770
0.0000009200
0.0000007890
0.0000005700
0.0000004570
0.0000004280
0.0000004040
0.0000005370
0.0000013560
0.0000007610
0.0000007010
0.0000008690
0.0000005780
0.0000005810
0.0000004740
0.0000006380
0.0000003420
0.0000005610
0.0000011460
0.0000008270
0.0000006530
0.0000008890
0.0000006750
0.0000006340
0.0000004290
0.0000004450
0.0000003800
0.0000006230
0.0000016090
0.0000010080
0.0000006880
0.0000010410
0.0000006650
0.0000005800
0.0000006700
0.0000004200
0.0000004170
0.0000005710
0.0000011390
0.0000013810
0.0000007490
0.0000007450
0.0000005520
0.0000005280
0.0000004250
0.0000008440
0.0000003460
0.0000004980
0.0000011020
0.0000008640
0.0000007850
0.0000009140
0.0000008030
0.0000007510
0.0000005920
0.0000005690
0.0000004350
0.0000005700
0.0000017630
0.0000007200
0.0000006550
0.0000007500
0.0000005720
0.0000005600
0.0000006090
0.0000004840
0.0000003680
0.0000005080
0.0000022260
0.0000008470
0.0000006140
0.0000009130
0.0000006080
0.0000005870
0.0000007580
0.0000004510
0.0000003950
0.0000005500
0.0000011820
0.0000006700
0.0000006830
0.0000008250
0.0000006360
0.0000006470
0.0000004820
0.0000004230
0.0000004010
0.0000006380
0.0000011890
0.0000007260
0.0000006120
0.0000008330
0.0000005890
0.0000006270
0.0000004730
0.0000004230
0.0000003830
0.0000005510
0.0000013030
0.0000006360
0.0000006710
0.0000008140
0.0000006410
0.0000005860
0.0000004680
0.0000004220
0.0000003840
0.0000005890
0.0000012410
0.0000008860
0.0000006560
0.0000008830
0.0000005630
0.0000005790
0.0000008200
0.0000005640
0.0000004000
0.0000005700
0.0000013670
0.0000007410
0.0000006430
0.0000013130
0.0000006730
0.0000005740
0.0000004750
0.0000004110
0.0000003520
0.0000005020
