0.0176695880
0.0067220820
0.0066343540
0.0066897980
0.0066397780
0.0066165870
0.0065832550
0.0065870020
0.0066155050
0.0065840840
0.0201431590
0.0108919050
0.0154734780
0.0227099530
0.0199501540
0.0207562420
0.0184150330
0.0235594450
0.0183618520
0.0270096570
0.0179411280
0.0066829570
0.0067587440
0.0067792300
0.0067342820
0.0066783280
0.0066499770
0.0091951130
0.0100017440
0.0069538130
0.0174640440
0.0068339170
0.0068203360
0.0068436620
0.0067826560
0.0067996140
0.0067334140
0.0085744290
0.0085958510
0.0098229630
0.0212572370
0.0102279860
0.0121981850
0.0102647690
0.0121910740
0.0102814330
0.0121169920
0.0102634120
0.0121586740
0.0102103720
0.0212199970
0.0075597380
0.0070722470
0.0068849200
0.0068341480
0.0087161190
0.0110732140
0.0111543560
0.0073720360
0.0067942660
0.0206849120
0.0088119710
0.0087447890
0.0087975530
0.0087597830
0.0088039470
0.0091288140
0.0113410920
0.0119538470
0.0149859810
0.0177809810
0.0084691850
0.0111932400
0.0112353950
0.0074216010
0.0068320880
0.0067496390
0.0067819020
0.0067473480
0.0066322510
0.0208372800
0.0072146290
0.0070176240
0.0071397260
0.0071191500
0.0071173100
0.0070507210
0.0070964520
0.0071129940
0.0070226040
0.0262015620
0.0152336540
0.0163468360
0.0182665290
0.0162565140
0.0181633280
0.0161211760
0.0179905950
0.0160525700
0.0177596780
0.0243292680
0.0094743370
0.0093589540
0.0126217660
0.0125323100
0.0142295100
0.0148993200
0.0136369640
0.0127881970
0.0124245430
0.0272414180
0.0126957680
0.0112216380
0.0124278520
0.0113231380
0.0122407610
0.0150654000
0.0126574570
0.0115608870
0.0120613660
0.0211333900
0.0072141490
0.0070656240
0.0076624920
0.0087392980
0.0087699700
0.0086693620
0.0116759980
0.0117128460
0.0115598250
0.0314857000
0.0163863590
0.0133263560
0.0111911280
0.0124907490
0.0111360720
0.0122379090
0.0145910580
0.0191445210
0.0225744900
0.0203177230
0.0071051010
0.0070583320
0.0070635800
0.0070481790
0.0070852730
0.0069902880
0.0070670000
0.0070838030
0.0069748320
0.0214026240
0.0071222480
0.0070324540
0.0070661040
0.0070487380
0.0070478830
0.0069531910
0.0070156360
0.0069812740
0.0069128010
0.0235367190
0.0089567030
0.0076940950
0.0071857650
0.0073298080
0.0085416760
0.0085174020
0.0085698830
0.0086391610
0.0086826700
0.0232707440
0.0076876630
0.0074355380
0.0071575580
0.0075199370
0.0075098780
0.0071577910
0.0072230780
0.0071874440
0.0070547300
0.0206913000
0.0070830600
0.0070953930
0.0071095230
0.0070586700
0.0070616750
0.0069525310
0.0087854520
0.0087814510
0.0086545800
0.0205376440
0.0069972230
0.0069150090
0.0069388220
0.0069676240
0.0069852380
0.0069019370
0.0069490100
0.0068886510
0.0068994430
