0.0000636030
0.0000148730
0.0000153090
0.0000148000
0.0000140470
0.0000143710
0.0000141940
0.0000141270
0.0000141150
0.0000141790
0.0000721860
0.0000128760
0.0000123360
0.0000123950
0.0000115510
0.0000120310
0.0000121910
0.0000118640
0.0000117880
0.0000120630
0.0000668050
0.0000124520
0.0000121540
0.0000119810
0.0000112440
0.0000117420
0.0000114900
0.0000114740
0.0000114730
0.0000117200
0.0000503250
0.0000115310
0.0000117130
0.0000114870
0.0000110440
0.0000112380
0.0000113340
0.0000111450
0.0000110740
0.0000112020
0.0000530950
0.0000118720
0.0000119160
0.0000119020
0.0000110260
0.0000114490
0.0000115970
0.0000113130
0.0000112750
0.0000115170
0.0000606290
0.0000124110
0.0000121350
0.0000117750
0.0000114380
0.0000116570
0.0000116840
0.0000115040
0.0000113490
0.0000115610
0.0000656780
0.0000114920
0.0000113570
0.0000113890
0.0000108570
0.0000111300
0.0000112270
0.0000110220
0.0000110180
0.0000110490
0.0000557350
0.0000127710
0.0000169880
0.0000169760
0.0000163980
0.0000155190
0.0000124940
0.0000124370
0.0000123350
0.0000124150
0.0000563470
0.0000128990
0.0000130010
0.0000130050
0.0000118680
0.0000123660
0.0000126240
0.0000124140
0.0000122390
0.0000124610
0.0000663730
0.0000181560
0.0000160580
0.0000152110
0.0000119630
0.0000128600
0.0000125920
0.0000121340
0.0000122220
0.0000155060
0.0000532670
0.0000122240
0.0000123690
0.0000123850
0.0000115720
0.0000118930
0.0000119530
0.0000117370
0.0000116830
0.0000117840
0.0000752110
0.0000126710
0.0000122340
0.0000125460
0.0000115480
0.0000119410
0.0000117960
0.0000121310
0.0000114250
0.0000116430
0.0000492460
0.0000113760
0.0000112650
0.0000111550
0.0000107920
0.0000109030
0.0000109310
0.0000108110
0.0000107280
0.0000107940
0.0000777820
0.0000332210
0.0000332670
0.0000331360
0.0000332450
0.0000331330
0.0000331380
0.0000332540
0.0000331420
0.0000330040
0.0000508850
0.0000112350
0.0000114680
0.0000114010
0.0000108440
0.0000112730
0.0000112160
0.0000110070
0.0000109760
0.0000111520
0.0000500370
0.0000105360
0.0000105760
0.0000105590
0.0000100300
0.0000103380
0.0000104650
0.0000101920
0.0000101420
0.0000102860
0.0000510180
0.0000105780
0.0000107340
0.0000107150
0.0000102590
0.0000104100
0.0000105260
0.0000103110
0.0000102860
0.0000103890
0.0000533760
0.0000113720
0.0000115450
0.0000115730
0.0000107690
0.0000112720
0.0000112220
0.0000112430
0.0000111340
0.0000111980
0.0000516080
0.0000116860
0.0000116820
0.0000272030
0.0000117020
0.0000117100
0.0000115820
0.0000113590
0.0000112120
0.0000111930
0.0000534080
0.0000113280
0.0000113620
0.0000113680
0.0000110430
0.0000112020
0.0000113410
0.0000110500
0.0000109400
0.0000110770
