0.0011563830
0.0004042010
0.0003083100
0.0002829630
0.0002524920
0.0002560700
0.0002481580
0.0002429940
0.0002457500
0.0002439260
0.0020464930
0.0014377970
0.0013904800
0.0013416620
0.0012910150
0.0012409930
0.0011811970
0.0011816110
0.0012532840
0.0011700250
0.0011358870
0.0002398000
0.0002283580
0.0001993970
0.0002053880
0.0002037010
0.0002027490
0.0001990580
0.0002180080
0.0002052670
0.0012225600
0.0005895830
0.0004932930
0.0004450320
0.0004005710
0.0004278190
0.0005119410
0.0004827960
0.0004622160
0.0004793290
0.0017446700
0.0010203410
0.0008505520
0.0007099970
0.0007449630
0.0007106650
0.0006275190
0.0005713330
0.0005493790
0.0006066360
0.0011779200
0.0002398980
0.0002344160
0.0002274460
0.0002349160
0.0002417720
0.0002306250
0.0002302660
0.0002251610
0.0002294570
0.0011284430
0.0002313440
0.0002225120
0.0002127710
0.0002046890
0.0002014620
0.0002099280
0.0002034250
0.0001985100
0.0001990490
0.0011236620
0.0002251940
0.0002131330
0.0001939010
0.0002018770
0.0001966920
0.0001972430
0.0002101060
0.0001972860
0.0001995900
0.0019187830
0.0012707490
0.0012101410
0.0012659830
0.0011182970
0.0010779070
0.0010165010
0.0011121390
0.0010979340
0.0010854490
0.0013086840
0.0004928140
0.0003923490
0.0004829640
0.0005137230
0.0004664330
0.0003763500
0.0003930610
0.0004476620
0.0004536530
0.0016923300
0.0008404960
0.0006268080
0.0005985610
0.0005227430
0.0004874070
0.0005411980
0.0005005050
0.0004446350
0.0004908320
0.0012317810
0.0002622070
0.0002638260
0.0002464410
0.0002493700
0.0002524700
0.0002435990
0.0002550950
0.0002490190
0.0002480560
0.0012716710
0.0002705090
0.0002588630
0.0002358130
0.0002438750
0.0002394500
0.0002356250
0.0002492260
0.0002447340
0.0002533820
0.0017526170
0.0008717310
0.0008457640
0.0008108500
0.0006770670
0.0006419560
0.0006562180
0.0007440460
0.0007312080
0.0006889450
0.0012241800
0.0002388590
0.0002500860
0.0002292080
0.0002299880
0.0002214150
0.0002295930
0.0002255320
0.0002287210
0.0002340380
0.0017596340
0.0007829180
0.0006432640
0.0006068540
0.0005267890
0.0005936370
0.0004918800
0.0004482370
0.0004472030
0.0004124140
0.0015433190
0.0006332060
0.0007151810
0.0007361640
0.0006038660
0.0005416910
0.0005534580
0.0005949560
0.0005678920
0.0005139090
0.0015171620
0.0006357420
0.0005244000
0.0004819460
0.0004409320
0.0004635910
0.0004704440
0.0004428380
0.0004400410
0.0004379140
0.0011309750
0.0002187590
0.0002187030
0.0002030660
0.0002070140
0.0002038550
0.0002072190
0.0002050220
0.0002032330
0.0002054200
0.0012295730
0.0005217750
0.0004107060
0.0004656540
0.0004322140
0.0003703500
0.0003706370
0.0003706630
0.0003541640
0.0003518840
