0.0478470850
0.0135871680
0.0166388370
0.0138191950
0.0138356360
0.0135905610
0.0158158690
0.0231341550
0.0231217410
0.0430542420
0.0427940810
0.0166450150
0.0138008890
0.0140714050
0.0137921920
0.0137012070
0.0136715210
0.0159396040
0.0139147410
0.0137568870
0.0369010440
0.0229662230
0.0228992740
0.0172097240
0.0139764070
0.0144641450
0.0142864440
0.0143896130
0.0142758710
0.0143354380
0.0546017930
0.0148164660
0.0148164730
0.0257901400
0.0195190280
0.0255601160
0.0140786420
0.0138539720
0.0156900530
0.0168342030
0.0347896040
0.0136409460
0.0136386530
0.0136165400
0.0137054270
0.0136767240
0.0135426440
0.0136926280
0.0136374580
0.0135317950
0.0545065820
0.0487522640
0.0267995870
0.0158157030
0.0140033870
0.0172238590
0.0144094940
0.0161976210
0.0269371550
0.0324308200
0.0415467640
0.0178437580
0.0231882750
0.0229660770
0.0163185220
0.0145781210
0.0164222350
0.0237808030
0.0155756970
0.0150443750
0.0398188460
0.0141542060
0.0141628610
0.0141866750
0.0142422870
0.0142257130
0.0175080310
0.0175662440
0.0175388270
0.0224658050
0.0467183150
0.0154334680
0.0148312840
0.0145550540
0.0143845250
0.0144836620
0.0144194980
0.0143617170
0.0172851830
0.0176937400
0.0417124570
0.0146319610
0.0145612300
0.0162236340
0.0152370980
0.0147259080
0.0145210180
0.0145747900
0.0158430880
0.0147652340
0.0491079710
0.0151699950
0.0190453540
0.0169349780
0.0154348520
0.0154542850
0.0148365280
0.0150285660
0.0301904320
0.0149396960
0.0429360190
0.0229091490
0.0224082750
0.0152932450
0.0147819270
0.0147849520
0.0146074380
0.0153185570
0.0147123500
0.0146313870
0.0483125060
0.0248708040
0.0194116620
0.0149687380
0.0148517740
0.0148030340
0.0215410060
0.0337300060
0.0389223810
0.0215427990
0.0428185230
0.0236324850
0.0234910750
0.0236541610
0.0236936850
0.0220452810
0.0153608050
0.0150375500
0.0147311930
0.0186641380
0.0567681130
0.0435182870
0.0403990510
0.0436338920
0.0451470680
0.0416565950
0.0277665260
0.0232963240
0.0230760130
0.0228987750
0.0412798350
0.0145396870
0.0141443030
0.0140031060
0.0140224340
0.0203146000
0.0400896190
0.0517955580
0.0426079770
0.0480888920
0.0397657330
0.0142337120
0.0141818750
0.0142506630
0.0143485660
0.0143741690
0.0175790170
0.0232207100
0.0266189190
0.0228830940
0.0552381260
0.0327484860
0.0328668140
0.0233597640
0.0147542950
0.0142547140
0.0142924970
0.0172634390
0.0174101790
0.0231337440
0.0373420270
0.0138627510
0.0138383880
0.0141074060
0.0151303240
0.0138913500
0.0139638360
0.0138253160
0.0137651340
0.0139316060
0.0386843200
0.0135276540
0.0133888280
0.0133726670
0.0133026430
0.0133935860
0.0160627650
0.0144660820
0.0134723080
0.0146880620
