0.0000155330
0.0000039970
0.0000032040
0.0000032380
0.0000032090
0.0000030550
0.0000030620
0.0000030720
0.0000029580
0.0000030120
0.0000139340
0.0000033540
0.0000031510
0.0000029610
0.0000031080
0.0000029750
0.0000029290
0.0000030950
0.0000029550
0.0000030210
0.0000144200
0.0000034740
0.0000032220
0.0000030830
0.0000031980
0.0000029890
0.0000029500
0.0000031380
0.0000042550
0.0000041710
0.0000148290
0.0000036520
0.0000034300
0.0000033790
0.0000034960
0.0000031870
0.0000031350
0.0000032290
0.0000031700
0.0000031210
0.0000119850
0.0000034130
0.0000031750
0.0000030730
0.0000030820
0.0000029780
0.0000029830
0.0000031100
0.0000029200
0.0000029580
0.0000141870
0.0000035030
0.0000033690
0.0000032130
0.0000033330
0.0000031370
0.0000030860
0.0000032220
0.0000030390
0.0000031210
0.0000137660
0.0000036550
0.0000035020
0.0000035110
0.0000033730
0.0000031620
0.0000031010
0.0000032500
0.0000030830
0.0000036770
0.0000166840
0.0000035840
0.0000032740
0.0000031270
0.0000032510
0.0000030980
0.0000029780
0.0000031690
0.0000030330
0.0000030690
0.0000167500
0.0000033500
0.0000032150
0.0000030840
0.0000030900
0.0000029990
0.0000029200
0.0000030670
0.0000029070
0.0000030240
0.0000174400
0.0000054610
0.0000050620
0.0000049570
0.0000049220
0.0000047090
0.0000046150
0.0000047860
0.0000045420
0.0000046590
0.0000183620
0.0000055000
0.0000052010
0.0000049480
0.0000050730
0.0000048100
0.0000047540
0.0000049550
0.0000047230
0.0000048170
0.0000202900
0.0000052070
0.0000049520
0.0000048200
0.0000048780
0.0000046430
0.0000045690
0.0000048460
0.0000045200
0.0000047010
0.0000149180
0.0000038530
0.0000034970
0.0000034690
0.0000034770
0.0000032620
0.0000032360
0.0000034240
0.0000032500
0.0000032720
0.0000141600
0.0000036640
0.0000034000
0.0000033350
0.0000033980
0.0000032720
0.0000031870
0.0000032980
0.0000031460
0.0000032140
0.0000160410
0.0000042710
0.0000039470
0.0000037790
0.0000038620
0.0000035300
0.0000035640
0.0000036740
0.0000034550
0.0000035290
0.0000133300
0.0000031880
0.0000031010
0.0000030110
0.0000030110
0.0000028860
0.0000028670
0.0000029980
0.0000028180
0.0000028150
0.0000128210
0.0000034310
0.0000032720
0.0000031060
0.0000031680
0.0000030720
0.0000029690
0.0000031310
0.0000029090
0.0000030100
0.0000123990
0.0000033140
0.0000030870
0.0000029780
0.0000029460
0.0000028590
0.0000027810
0.0000029530
0.0000028030
0.0000028870
0.0000135190
0.0000033370
0.0000031620
0.0000030040
0.0000031610
0.0000029090
0.0000028200
0.0000031190
0.0000028290
0.0000027880
0.0000142950
0.0000041400
0.0000039910
0.0000039020
0.0000039080
0.0000037760
0.0000036760
0.0000037900
0.0000036410
0.0000037570
