0.0008054450
0.0001100800
0.0001012550
0.0000996710
0.0001050900
0.0001006380
0.0001048990
0.0000993410
0.0000997340
0.0001088350
0.0005456440
0.0000871330
0.0000830190
0.0000832410
0.0000842900
0.0000827950
0.0000838120
0.0000829220
0.0000825310
0.0000841960
0.0007030240
0.0000886060
0.0000847820
0.0000830410
0.0000849190
0.0000835180
0.0000849280
0.0000833020
0.0000829180
0.0000849240
0.0006175280
0.0001922460
0.0001260180
0.0000989620
0.0000901150
0.0000928270
0.0000934280
0.0000945780
0.0000959960
0.0000949020
0.0006820280
0.0002214850
0.0001306690
0.0000956990
0.0000884550
0.0000877660
0.0000881220
0.0000860590
0.0000867800
0.0000860020
0.0006031240
0.0000981990
0.0000936400
0.0000943040
0.0000939860
0.0000935110
0.0000952490
0.0000927120
0.0000980710
0.0000999680
0.0006071320
0.0000983230
0.0000916670
0.0000933770
0.0000934370
0.0000922300
0.0000934410
0.0000936060
0.0000914000
0.0000925210
0.0006027930
0.0001086480
0.0000956760
0.0000955090
0.0000971300
0.0000958330
0.0001152500
0.0000958850
0.0000974430
0.0000976340
0.0007934310
0.0003348150
0.0002077110
0.0001570400
0.0001298940
0.0001230750
0.0001161800
0.0001224400
0.0001204440
0.0001242320
0.0007836070
0.0002831400
0.0001884940
0.0001552820
0.0001498390
0.0001590680
0.0001442150
0.0001411930
0.0001601900
0.0001546610
0.0006220480
0.0001083950
0.0001064100
0.0001020970
0.0001019500
0.0001027120
0.0001093680
0.0001071720
0.0001059480
0.0001052400
0.0005913560
0.0001114800
0.0001066560
0.0001067090
0.0001078430
0.0001062430
0.0001100960
0.0001096390
0.0001092440
0.0001098570
0.0010373680
0.0005758800
0.0004596020
0.0003759790
0.0003145850
0.0002759970
0.0002282840
0.0002066950
0.0001731550
0.0001608860
0.0007158620
0.0002747250
0.0002057140
0.0001651990
0.0001496150
0.0001498010
0.0001608740
0.0001434560
0.0001368580
0.0001371100
0.0006620760
0.0001258230
0.0001022180
0.0000988330
0.0001017790
0.0001267680
0.0001019150
0.0000995840
0.0000988040
0.0001017440
0.0007371300
0.0003816460
0.0001797860
0.0001440370
0.0001460780
0.0001512690
0.0001194740
0.0001189490
0.0001207210
0.0001247440
0.0006146580
0.0001016530
0.0000974940
0.0000976680
0.0000983930
0.0000967720
0.0000972940
0.0000961240
0.0000972400
0.0000973410
0.0006738010
0.0002097150
0.0001452280
0.0001206780
0.0001161870
0.0001132130
0.0001127060
0.0001146720
0.0001137910
0.0001152840
0.0006720300
0.0001330400
0.0001077780
0.0001064330
0.0001061020
0.0001056330
0.0001071750
0.0001053430
0.0001050380
0.0001069350
0.0005586980
0.0001017540
0.0000983370
0.0000980300
0.0000982890
0.0000969930
0.0000975930
0.0000966870
0.0000972200
0.0000975650
