0.0213637110
0.0130031280
0.0112998160
0.0110711170
0.0104108250
0.0102836840
0.0099952010
0.0099380610
0.0098760060
0.0098863870
0.0201305690
0.0077790420
0.0092354840
0.0094591920
0.0095154160
0.0094211460
0.0094227000
0.0094598080
0.0094373020
0.0094490230
0.0181790540
0.0098657460
0.0108698980
0.0161925590
0.0159600570
0.0170280560
0.0154345560
0.0149040910
0.0148287770
0.0147227480
0.0153703510
0.0058144710
0.0057369650
0.0057350210
0.0056879430
0.0056709570
0.0057264470
0.0056611090
0.0056263790
0.0056030890
0.0181749180
0.0092148000
0.0091857700
0.0094772540
0.0094099150
0.0094169160
0.0093774950
0.0064207310
0.0064372690
0.0063995310
0.0177848090
0.0094187940
0.0094051490
0.0077596840
0.0064144140
0.0061896130
0.0058977360
0.0057037890
0.0056513090
0.0057300090
0.0225376230
0.0157101260
0.0117431470
0.0110469400
0.0108691320
0.0108275870
0.0065327450
0.0064481730
0.0061579190
0.0062370370
0.0189200270
0.0103779630
0.0103138950
0.0103950700
0.0102538560
0.0102153580
0.0069703250
0.0064513300
0.0059789410
0.0057870770
0.0208620670
0.0149404040
0.0139328660
0.0105465080
0.0105809950
0.0107034270
0.0103422500
0.0064904410
0.0070052120
0.0059652340
0.0157909750
0.0092108470
0.0092740520
0.0092622020
0.0093118140
0.0094539230
0.0092892220
0.0093938330
0.0094315960
0.0094562470
0.0195276370
0.0099102630
0.0098939640
0.0098830340
0.0099002810
0.0099006960
0.0098736060
0.0099439200
0.0066322880
0.0063287750
0.0175489210
0.0094404600
0.0092776530
0.0092377240
0.0092050960
0.0092010730
0.0092101830
0.0091803280
0.0092020330
0.0083986760
0.0200900870
0.0127468990
0.0096469170
0.0111760780
0.0101448820
0.0099454370
0.0097585750
0.0104656610
0.0069147070
0.0061947690
0.0175290090
0.0063214080
0.0067044970
0.0063919700
0.0062918830
0.0059280040
0.0058215220
0.0058359020
0.0057918480
0.0066315750
0.0184130150
0.0098298440
0.0098744770
0.0099799400
0.0068210740
0.0063691980
0.0061196120
0.0062947260
0.0060508480
0.0059048910
0.0167580050
0.0060665220
0.0059631330
0.0059567240
0.0060115550
0.0059299400
0.0058945830
0.0059168820
0.0058643650
0.0058820950
0.0139692720
0.0055846850
0.0055543710
0.0055642910
0.0055287730
0.0055161960
0.0054878690
0.0054852440
0.0054827430
0.0054777180
0.0149643960
0.0057352560
0.0056958060
0.0056991090
0.0056681520
0.0056780170
0.0056548160
0.0056480550
0.0056414110
0.0056361750
0.0145290830
0.0057904230
0.0056277800
0.0055862500
0.0055445890
0.0055370820
0.0055533590
0.0055361770
0.0055260700
0.0055142780
0.0155569580
0.0057996750
0.0057393500
0.0057972040
0.0057555030
0.0057345160
0.0057180070
0.0057073690
0.0057032250
0.0056911780
