0.0607229890
0.0389585710
0.0388500320
0.0389005370
0.0388385340
0.0388569650
0.0390201820
0.0388447780
0.0387860820
0.0387334170
0.0891078630
0.0427764360
0.0425446200
0.0425529760
0.0426051830
0.0267861720
0.0259836690
0.0251542870
0.0250652090
0.0250474090
0.0964968110
0.0760250710
0.0465362020
0.0402557340
0.0479205170
0.0402550040
0.0440926220
0.0287482970
0.0244319450
0.0233224850
0.1060830810
0.0798050090
0.0797567780
0.0797259820
0.0751369070
0.0468689030
0.0428666640
0.0429965290
0.0428624590
0.0266973130
0.0687905690
0.0420600630
0.0421144730
0.0419499590
0.0417731680
0.0416284490
0.0413522570
0.0411467350
0.0409374300
0.0282468740
0.0671889390
0.0398914050
0.0398836370
0.0399204390
0.0398664340
0.0400218480
0.0400706310
0.0401132260
0.0402163690
0.0295443380
0.0685113470
0.0375865180
0.0375928700
0.0375069300
0.0375099540
0.0376607060
0.0376082280
0.0374441560
0.0360860590
0.0258488710
0.0668264440
0.0395336810
0.0394375430
0.0393770270
0.0489953900
0.0494912440
0.0515661310
0.0561116420
0.0559865370
0.0457781430
0.0621755070
0.0403188950
0.0400221170
0.0398329350
0.0396307810
0.0393963600
0.0394911340
0.0390823160
0.0388716770
0.0387653330
0.0638994920
0.0402062750
0.0400088670
0.0400619810
0.0400375780
0.0399625930
0.0399377810
0.0397838610
0.0397112250
0.0399519730
0.0720279820
0.0415172540
0.0408149330
0.0409730010
0.0408901650
0.0409589850
0.0408503010
0.0408079990
0.0408644480
0.0414540660
0.0682541490
0.0378665040
0.0375623680
0.0375828770
0.0374250660
0.0375817730
0.0374318500
0.0374946940
0.0377857360
0.0378845730
0.0671513290
0.0407461460
0.0415106260
0.0409691090
0.0408778710
0.0410527300
0.0411709790
0.0506981590
0.0567623440
0.0591454510
0.0611769290
0.0237981070
0.0237227700
0.0237110340
0.0236033370
0.0236754010
0.0235976850
0.0236430560
0.0235526850
0.0236469150
0.0702744720
0.0490966270
0.0498533940
0.0579596880
0.0638460850
0.0570539380
0.0562486440
0.0555050020
0.0550531830
0.0579788060
0.0652607990
0.0244846590
0.0260194150
0.0246125390
0.0243776350
0.0243924520
0.0243948670
0.0244116110
0.0243951620
0.0243341380
0.0755112130
0.0579532980
0.0409283540
0.0256392790
0.0237023680
0.0237672900
0.0237333440
0.0236772160
0.0249135220
0.0239033430
0.0605977960
0.0236420110
0.0235113700
0.0234764090
0.0233900590
0.0234628570
0.0234397280
0.0233940960
0.0233224540
0.0234574500
0.0597979350
0.0236560110
0.0235737010
0.0235260210
0.0235377040
0.0235627030
0.0235799760
0.0235105280
0.0234888110
0.0234901110
0.0568920980
0.0236951150
0.0233167520
0.0232682740
0.0232824880
0.0234599410
0.0232424250
0.0232403580
0.0232106950
0.0232318550
