0.0001322930
0.0000205370
0.0000205650
0.0000205420
0.0000206890
0.0000205770
0.0000203450
0.0000203420
0.0000203030
0.0000204390
0.0001332410
0.0000203080
0.0000206150
0.0000204770
0.0000204730
0.0000203540
0.0000200850
0.0000201430
0.0000202720
0.0000204290
0.0002910090
0.0000437800
0.0000223250
0.0000225530
0.0000211960
0.0000219760
0.0000211920
0.0000207370
0.0000226360
0.0000211310
0.0002231700
0.0000306420
0.0000217620
0.0000222700
0.0000217690
0.0000217840
0.0000212310
0.0000213790
0.0000220860
0.0000215670
0.0001350940
0.0000209510
0.0000204410
0.0000200750
0.0000201190
0.0000201400
0.0000199100
0.0000199940
0.0000200690
0.0000204960
0.0001727070
0.0000271930
0.0000252280
0.0000248730
0.0000259220
0.0000252200
0.0000241180
0.0000248350
0.0000244650
0.0000245190
0.0002171530
0.0000330750
0.0000275730
0.0000262760
0.0000267940
0.0000260160
0.0000265470
0.0000274310
0.0000264540
0.0000264180
0.0001481640
0.0000262710
0.0000261790
0.0000258170
0.0000312750
0.0000262150
0.0000255960
0.0000260810
0.0000259630
0.0000261490
0.0001825270
0.0000298200
0.0000277800
0.0000274800
0.0000279800
0.0000275460
0.0000267350
0.0000273740
0.0000278500
0.0000278620
0.0001503620
0.0000260240
0.0000262100
0.0000260300
0.0000256800
0.0000258990
0.0000252590
0.0000257590
0.0000257060
0.0000262750
0.0001812450
0.0000307480
0.0000269230
0.0000274410
0.0000268310
0.0000268820
0.0000264650
0.0000270120
0.0000258440
0.0000256220
0.0001426690
0.0000234830
0.0000226460
0.0000226840
0.0000227610
0.0000226380
0.0000222060
0.0000224730
0.0000232410
0.0000233310
0.0001870130
0.0000299640
0.0000250660
0.0000243470
0.0000245490
0.0000245440
0.0000238030
0.0000240620
0.0000239870
0.0000246570
0.0001784180
0.0000264770
0.0000246580
0.0000245300
0.0000247610
0.0000244580
0.0000246220
0.0000245770
0.0000242300
0.0000248620
0.0001623200
0.0000255840
0.0000244310
0.0000248660
0.0000243700
0.0000245710
0.0000242940
0.0000243890
0.0000242500
0.0000248220
0.0001492550
0.0000233690
0.0000230360
0.0000232580
0.0000228330
0.0000229730
0.0000236070
0.0000233890
0.0000230440
0.0000232680
0.0001481780
0.0000237020
0.0000234200
0.0000234650
0.0000232580
0.0000232070
0.0000233780
0.0000231870
0.0000232290
0.0000233340
0.0001495490
0.0000257250
0.0000257280
0.0000324100
0.0000249580
0.0000258480
0.0000243090
0.0000247020
0.0000250150
0.0000254740
0.0001294130
0.0000230620
0.0000233350
0.0000235130
0.0000236210
0.0000235930
0.0000231260
0.0000234540
0.0000233390
0.0000236710
0.0001348200
0.0000206530
0.0000205120
0.0000205460
0.0000205180
0.0000206480
0.0000200720
0.0000204440
0.0000203680
0.0000204910
