0.0103398440
0.0079847060
0.0079338830
0.0061616550
0.0060157970
0.0067678370
0.0065904350
0.0059392970
0.0056906420
0.0053982640
0.0046152700
0.0016424090
0.0015228520
0.0015558000
0.0015158280
0.0014879740
0.0015036610
0.0014585210
0.0014459310
0.0014446330
0.0047187310
0.0024324810
0.0024065600
0.0024371430
0.0028433790
0.0028267340
0.0027716160
0.0027865320
0.0026480200
0.0022984340
0.0043524720
0.0016119860
0.0015087190
0.0015347710
0.0014988660
0.0014773560
0.0014884200
0.0014867690
0.0017981620
0.0017928800
0.0073969870
0.0048594390
0.0047832920
0.0053367900
0.0051901950
0.0052494460
0.0050946340
0.0053505950
0.0048433590
0.0053651070
0.0050022400
0.0017191680
0.0016050710
0.0016270860
0.0016007770
0.0015662070
0.0016501790
0.0015599690
0.0015444390
0.0015410040
0.0071273340
0.0038199630
0.0046410190
0.0044499630
0.0052920300
0.0048043690
0.0051466950
0.0048578400
0.0051305840
0.0049202180
0.0052187720
0.0017067260
0.0017972010
0.0016885660
0.0015857020
0.0015798590
0.0015634700
0.0015514800
0.0016545340
0.0018941600
0.0053265070
0.0017990570
0.0017126160
0.0017163350
0.0016658330
0.0016648060
0.0016420910
0.0016165490
0.0016479340
0.0016211540
0.0054093170
0.0024125830
0.0024506520
0.0029316070
0.0029195770
0.0026748340
0.0023770690
0.0034403710
0.0047974360
0.0053661170
0.0053204840
0.0017886380
0.0016606010
0.0016853440
0.0018249850
0.0017655250
0.0017524030
0.0016821060
0.0016764030
0.0016022010
0.0051594860
0.0017278870
0.0016360920
0.0016639930
0.0016365900
0.0016032010
0.0016039600
0.0016089890
0.0016147690
0.0019064360
0.0079773720
0.0049477310
0.0056315130
0.0057952200
0.0062278990
0.0061496010
0.0063455650
0.0066805820
0.0066083920
0.0060505460
0.0061634480
0.0016885770
0.0015587850
0.0016035620
0.0016033750
0.0015271090
0.0016158840
0.0015107210
0.0015118490
0.0015871770
0.0059571680
0.0016442940
0.0015541750
0.0015767820
0.0015944460
0.0015470630
0.0015676090
0.0015352580
0.0015284230
0.0015508760
0.0072259860
0.0031889690
0.0020682550
0.0020700490
0.0018331930
0.0018625100
0.0017229100
0.0016716530
0.0016314860
0.0015954390
0.0052687130
0.0017536260
0.0016655730
0.0016816170
0.0016012390
0.0016123260
0.0016186640
0.0016007220
0.0016084310
0.0015997290
0.0055111220
0.0024930350
0.0025747120
0.0029584590
0.0029194380
0.0029122880
0.0028862780
0.0025136100
0.0023973690
0.0023792620
0.0062246450
0.0022022040
0.0018308620
0.0018523470
0.0018268810
0.0018378700
0.0017498570
0.0022018210
0.0019188570
0.0018216060
0.0046112460
0.0016496210
0.0015574220
0.0015941760
0.0015233290
0.0015023030
0.0015114970
0.0014905960
0.0015047730
0.0014429170
