0.0004319320
0.0000828640
0.0000751850
0.0000753980
0.0000766750
0.0000755870
0.0000750520
0.0000747530
0.0000745430
0.0000747670
0.0005654940
0.0001925760
0.0001299890
0.0001092870
0.0001005190
0.0000998760
0.0001007950
0.0000976630
0.0000990070
0.0001055170
0.0004318260
0.0000819800
0.0000754670
0.0000752200
0.0000756720
0.0000761600
0.0000754100
0.0000752120
0.0000750080
0.0000750100
0.0006622450
0.0002769630
0.0001552760
0.0001199480
0.0001045980
0.0000989770
0.0000964720
0.0000959700
0.0000976940
0.0000951090
0.0004333520
0.0000794800
0.0000746690
0.0000746020
0.0000743920
0.0000742650
0.0000743840
0.0000740070
0.0000739850
0.0000738150
0.0007682320
0.0002177210
0.0001697680
0.0001593090
0.0001480650
0.0001458070
0.0001376770
0.0001393550
0.0001524540
0.0001434230
0.0006093940
0.0001183050
0.0001121840
0.0001110560
0.0001107080
0.0001121580
0.0001167450
0.0001110050
0.0001097820
0.0001101640
0.0006384190
0.0001184320
0.0001129070
0.0001120710
0.0001110530
0.0001123000
0.0001109150
0.0001105220
0.0001100360
0.0001173570
0.0006157870
0.0001199640
0.0001128420
0.0001117130
0.0001116920
0.0001108600
0.0001124430
0.0001175370
0.0001153800
0.0001140770
0.0004348440
0.0000921660
0.0000840470
0.0000831010
0.0000833340
0.0000833900
0.0000830760
0.0000829320
0.0000827240
0.0000883260
0.0004362010
0.0000861550
0.0000807320
0.0000797980
0.0000803110
0.0000806910
0.0000801770
0.0000801060
0.0000798650
0.0000801810
0.0006426870
0.0002319800
0.0001450570
0.0001181940
0.0001118350
0.0001103540
0.0001118820
0.0001102050
0.0001101910
0.0001080600
0.0005187820
0.0001492620
0.0001171270
0.0001064640
0.0001026010
0.0000993930
0.0000990600
0.0001013590
0.0001008430
0.0000995930
0.0004227930
0.0000857580
0.0000769930
0.0000772130
0.0000765210
0.0000825120
0.0000784740
0.0000780090
0.0000779670
0.0000778600
0.0004228540
0.0000917660
0.0000867780
0.0000897150
0.0000867470
0.0000869640
0.0000869380
0.0000870270
0.0000866730
0.0000865910
0.0004311280
0.0000921990
0.0000862500
0.0000862430
0.0000861770
0.0000872730
0.0000868300
0.0000864170
0.0000860820
0.0000860810
0.0004410930
0.0000862790
0.0000852680
0.0000835300
0.0000839560
0.0000841790
0.0000830220
0.0000827910
0.0000825150
0.0000830780
0.0005745660
0.0001950670
0.0001347640
0.0001198930
0.0001017450
0.0000993700
0.0000981390
0.0000973320
0.0000973330
0.0000987450
0.0008343660
0.0002039470
0.0001327160
0.0001025860
0.0000905710
0.0000853940
0.0000888800
0.0000857430
0.0000877530
0.0000869290
0.0004199420
0.0000787700
0.0000726440
0.0000722010
0.0000720040
0.0000721520
0.0000715880
0.0000718860
0.0000714370
0.0000714120
