0.0000374800
0.0000066540
0.0000053090
0.0000054090
0.0000059620
0.0000053240
0.0000053220
0.0000053470
0.0000052360
0.0000051690
0.0000251470
0.0000064200
0.0000055400
0.0000055860
0.0000061010
0.0000055500
0.0000056440
0.0000056300
0.0000055450
0.0000053310
0.0000315140
0.0000071190
0.0000059130
0.0000058320
0.0000065890
0.0000058290
0.0000057350
0.0000058490
0.0000057130
0.0000055650
0.0000296870
0.0000075080
0.0000069490
0.0000070010
0.0000071500
0.0000067290
0.0000069160
0.0000067430
0.0000066740
0.0000065130
0.0000238520
0.0000062430
0.0000053820
0.0000053940
0.0000059300
0.0000052950
0.0000053860
0.0000053420
0.0000052170
0.0000050390
0.0000342580
0.0000065950
0.0000056670
0.0000057370
0.0000062080
0.0000056270
0.0000057610
0.0000057000
0.0000056280
0.0000054580
0.0000250570
0.0000068770
0.0000054360
0.0000055960
0.0000060970
0.0000055030
0.0000056580
0.0000055960
0.0000055150
0.0000053060
0.0000290740
0.0000070620
0.0000061690
0.0000062670
0.0000069280
0.0000062520
0.0000062770
0.0000062640
0.0000062170
0.0000059600
0.0000311180
0.0000070400
0.0000060750
0.0000061030
0.0000067160
0.0000060650
0.0000060980
0.0000060440
0.0000060260
0.0000058070
0.0000318170
0.0000067080
0.0000057110
0.0000057160
0.0000062560
0.0000057160
0.0000060990
0.0000056760
0.0000056790
0.0000055090
0.0000249500
0.0000064740
0.0000054920
0.0000055100
0.0000060920
0.0000055330
0.0000055700
0.0000055970
0.0000054570
0.0000052630
0.0000257100
0.0000068270
0.0000058710
0.0000059850
0.0000063880
0.0000058090
0.0000059000
0.0000058260
0.0000057370
0.0000056070
0.0000285720
0.0000072010
0.0000062440
0.0000061550
0.0000068650
0.0000061660
0.0000061300
0.0000061750
0.0000060320
0.0000058760
0.0000238720
0.0000059260
0.0000051120
0.0000050900
0.0000056730
0.0000050370
0.0000051090
0.0000050900
0.0000050160
0.0000048070
0.0000283290
0.0000060130
0.0000051340
0.0000051590
0.0000055920
0.0000050940
0.0000051130
0.0000051500
0.0000051630
0.0000051420
0.0000259610
0.0000063690
0.0000054010
0.0000055880
0.0000060550
0.0000055250
0.0000055210
0.0000055050
0.0000054620
0.0000052990
0.0000251520
0.0000063090
0.0000054710
0.0000055230
0.0000059920
0.0000055150
0.0000055150
0.0000054470
0.0000054050
0.0000052270
0.0000316770
0.0000075150
0.0000063540
0.0000060880
0.0000067590
0.0000061260
0.0000064300
0.0000061420
0.0000060540
0.0000064250
0.0000301460
0.0000069680
0.0000058720
0.0000059720
0.0000064370
0.0000060250
0.0000060250
0.0000059590
0.0000058810
0.0000056990
0.0000245480
0.0000065730
0.0000053750
0.0000055060
0.0000062100
0.0000055550
0.0000058120
0.0000056330
0.0000056100
0.0000052690
