0.0000024550
0.0000018770
0.0000016390
0.0000016380
0.0000016730
0.0000014870
0.0000014680
0.0000015160
0.0000014380
0.0000014920
0.0000032680
0.0000021880
0.0000016730
0.0000016230
0.0000017110
0.0000015030
0.0000016260
0.0000015450
0.0000014160
0.0000014950
0.0000032380
0.0000019880
0.0000017550
0.0000016590
0.0000016400
0.0000014350
0.0000014930
0.0000016050
0.0000014450
0.0000014820
0.0000031590
0.0000027540
0.0000025120
0.0000018610
0.0000015860
0.0000014590
0.0000014580
0.0000015660
0.0000013880
0.0000014880
0.0000032850
0.0000019900
0.0000017250
0.0000016810
0.0000015980
0.0000014870
0.0000014540
0.0000015530
0.0000014170
0.0000014880
0.0000027880
0.0000023500
0.0000018600
0.0000017220
0.0000017740
0.0000016730
0.0000016200
0.0000017030
0.0000015820
0.0000016080
0.0000037080
0.0000024730
0.0000021660
0.0000020670
0.0000020660
0.0000019130
0.0000018890
0.0000019370
0.0000018200
0.0000019030
0.0000033890
0.0000030160
0.0000028280
0.0000020450
0.0000019780
0.0000018030
0.0000018630
0.0000019190
0.0000018280
0.0000018830
0.0000031390
0.0000027540
0.0000016520
0.0000016050
0.0000016840
0.0000014900
0.0000014420
0.0000015260
0.0000013780
0.0000014710
0.0000031540
0.0000023330
0.0000018120
0.0000016540
0.0000015900
0.0000014620
0.0000014370
0.0000015940
0.0000013740
0.0000015060
0.0000034560
0.0000020480
0.0000018040
0.0000018090
0.0000017040
0.0000016030
0.0000015630
0.0000016600
0.0000016060
0.0000016620
0.0000035310
0.0000032060
0.0000019510
0.0000019120
0.0000017930
0.0000016090
0.0000016040
0.0000016660
0.0000015550
0.0000016440
0.0000026970
0.0000021590
0.0000019000
0.0000019390
0.0000018630
0.0000016380
0.0000016370
0.0000076730
0.0000016520
0.0000017030
0.0000036690
0.0000026860
0.0000020040
0.0000019100
0.0000018720
0.0000017540
0.0000017190
0.0000017870
0.0000016180
0.0000016540
0.0000031260
0.0000022790
0.0000020660
0.0000019990
0.0000020300
0.0000017790
0.0000017620
0.0000020060
0.0000016390
0.0000017500
0.0000031490
0.0000018170
0.0000016450
0.0000016180
0.0000016070
0.0000014700
0.0000014780
0.0000015380
0.0000014310
0.0000014760
0.0000032780
0.0000027450
0.0000017900
0.0000016490
0.0000016250
0.0000014290
0.0000014260
0.0000015130
0.0000013790
0.0000014540
0.0000030790
0.0000021720
0.0000020970
0.0000018760
0.0000017860
0.0000019690
0.0000017340
0.0000017510
0.0000016420
0.0000016710
0.0000032970
0.0000018490
0.0000016260
0.0000017020
0.0000015920
0.0000014890
0.0000014540
0.0000015560
0.0000014180
0.0000014950
0.0000031900
0.0000027120
0.0000016920
0.0000017330
0.0000015850
0.0000014850
0.0000014680
0.0000015490
0.0000014360
0.0000015050
