0.0097309510
0.0045942130
0.0039950370
0.0032035190
0.0030496470
0.0029356140
0.0027972640
0.0027233630
0.0027717080
0.0027218580
0.0088517010
0.0028715060
0.0027937150
0.0027513470
0.0026568300
0.0026353740
0.0026150770
0.0026599570
0.0027240010
0.0027131690
0.0076050510
0.0029868920
0.0028957580
0.0027946550
0.0027359240
0.0027642810
0.0026989450
0.0026587900
0.0027104280
0.0026460770
0.0086657450
0.0045825860
0.0043841610
0.0041254820
0.0031758270
0.0030123590
0.0029244270
0.0027726900
0.0027219120
0.0027837740
0.0094495910
0.0046520030
0.0046550150
0.0046111170
0.0032137500
0.0031001290
0.0030204710
0.0029499510
0.0028876420
0.0027572100
0.0092342040
0.0048732910
0.0048845390
0.0048566690
0.0048826130
0.0048920480
0.0055922280
0.0053805970
0.0037338240
0.0032954020
0.0122866430
0.0052526860
0.0052111140
0.0051535110
0.0051234580
0.0050946450
0.0052156710
0.0066599130
0.0072132610
0.0044222740
0.0100378880
0.0051762040
0.0050920460
0.0050846270
0.0050591630
0.0050615920
0.0050450800
0.0050288770
0.0033551460
0.0031782310
0.0094421780
0.0045413660
0.0045343120
0.0045421520
0.0045553120
0.0045530640
0.0045150960
0.0045308940
0.0045378260
0.0031706170
0.0077999950
0.0028202450
0.0027429480
0.0028472260
0.0035772090
0.0036353930
0.0035880460
0.0045417260
0.0045615320
0.0044732090
0.0078911690
0.0028570040
0.0027939330
0.0031101580
0.0035776740
0.0035904000
0.0035838680
0.0048339670
0.0047882560
0.0048406670
0.0102516690
0.0058164370
0.0064408020
0.0065551880
0.0064174760
0.0064661310
0.0065155650
0.0054462560
0.0055038140
0.0053834370
0.0077474720
0.0028004540
0.0027444290
0.0026916300
0.0027312750
0.0026975500
0.0027095700
0.0026827340
0.0026630160
0.0026557850
0.0075214620
0.0028299640
0.0027462280
0.0027268890
0.0027527770
0.0027251860
0.0026985040
0.0027103840
0.0027016430
0.0027222870
0.0123194300
0.0043806760
0.0043136070
0.0043709310
0.0043635150
0.0043171020
0.0043050710
0.0043142950
0.0042739500
0.0043797920
0.0071722060
0.0027563800
0.0026686400
0.0026632410
0.0026746850
0.0026503600
0.0026252840
0.0026202840
0.0026107460
0.0026266700
0.0072059950
0.0027754660
0.0026719810
0.0026408780
0.0026660310
0.0026467630
0.0026370120
0.0026234810
0.0026063400
0.0026211440
0.0074847080
0.0027585380
0.0027068470
0.0026540780
0.0027400810
0.0027029730
0.0026519900
0.0026612180
0.0026285170
0.0026406560
0.0079978470
0.0050933160
0.0042003320
0.0050379270
0.0042762460
0.0049977700
0.0043628800
0.0049765430
0.0045337110
0.0048458560
0.0070472880
0.0026824460
0.0025520350
0.0025684140
0.0025728250
0.0025449430
0.0025901620
0.0025278130
0.0025062320
0.0026064160
