0.0303809620
0.0210722340
0.0210220810
0.0209745810
0.0208078310
0.0207689560
0.0207101940
0.0206618120
0.0205550840
0.0205239640
0.0299866930
0.0209296700
0.0208945210
0.0207426020
0.0207183760
0.0206720330
0.0204694650
0.0204110810
0.0203988630
0.0203308830
0.0307242950
0.0206385520
0.0205242870
0.0205469670
0.0204948400
0.0204995990
0.0204440020
0.0205204890
0.0204712660
0.0204915750
0.0310935400
0.0181657280
0.0188808280
0.0189066900
0.0188517090
0.0259246490
0.0360425780
0.0386682440
0.0388177840
0.0390528090
0.0355968760
0.0197003260
0.0196485220
0.0196104140
0.0147379680
0.0126702770
0.0121534130
0.0116102260
0.0118610940
0.0116585420
0.0339771770
0.0186240090
0.0185954750
0.0186518150
0.0185956280
0.0196809160
0.0198907700
0.0198186700
0.0220186720
0.0194309800
0.0427306810
0.0318905760
0.0320162660
0.0357567800
0.0379078020
0.0404418090
0.0377171930
0.0404194330
0.0375933490
0.0326411090
0.0357079270
0.0186333550
0.0186078180
0.0186285600
0.0185571080
0.0185541960
0.0185454860
0.0163037630
0.0128659480
0.0118189340
0.0377704620
0.0197407520
0.0197939620
0.0198129720
0.0198976740
0.0231772420
0.0313355420
0.0196491970
0.0192853320
0.0209194330
0.0348587970
0.0189732810
0.0189709580
0.0189906530
0.0190020240
0.0189657970
0.0191690200
0.0128045920
0.0120681130
0.0121643060
0.0359276980
0.0188776490
0.0188092510
0.0188265290
0.0275673750
0.0217315530
0.0196684150
0.0163953980
0.0138576440
0.0139752220
0.0375856110
0.0196437200
0.0195974610
0.0196758930
0.0198110420
0.0198375710
0.0199957680
0.0200632290
0.0201344860
0.0132506140
0.0362100330
0.0206768480
0.0205529680
0.0204314600
0.0204662070
0.0203691120
0.0202917400
0.0203345070
0.0202100380
0.0144712500
0.0438939310
0.0202951950
0.0197707440
0.0191502130
0.0192308690
0.0192752000
0.0192643560
0.0191266260
0.0190851450
0.0187990240
0.0312995550
0.0195697770
0.0292769850
0.0214603950
0.0197947110
0.0197671170
0.0196287820
0.0204425370
0.0196602980
0.0196073170
0.0326829970
0.0214291210
0.0204176940
0.0264861590
0.0234947800
0.0263846840
0.0255363360
0.0379157590
0.0292557160
0.0291615050
0.0343302010
0.0126274730
0.0127026200
0.0124845160
0.0124572160
0.0126014270
0.0126364980
0.0124566280
0.0123931760
0.0124112420
0.0283411030
0.0115679170
0.0117387390
0.0114882600
0.0117069330
0.0115835030
0.0115320370
0.0114756250
0.0116454480
0.0115421130
0.0298204430
0.0118830420
0.0117918090
0.0118039160
0.0117548960
0.0117645870
0.0117238380
0.0117076330
0.0116985530
0.0117845180
0.0299785830
0.0116375440
0.0117621290
0.0116804570
0.0116814030
0.0116109750
0.0115408050
0.0115764840
0.0115985110
0.0116148820
