0.0000024620
0.0000017840
0.0000015700
0.0000015590
0.0000014970
0.0000013050
0.0000013240
0.0000014120
0.0000012910
0.0000013920
0.0000027400
0.0000022500
0.0000019930
0.0000015760
0.0000014570
0.0000013430
0.0000013490
0.0000013950
0.0000013370
0.0000014210
0.0000029300
0.0000020680
0.0000018700
0.0000016580
0.0000017030
0.0000014790
0.0000015910
0.0000015310
0.0000013840
0.0000014560
0.0000031010
0.0000018730
0.0000016950
0.0000016070
0.0000016770
0.0000013340
0.0000013640
0.0000014150
0.0000013100
0.0000013500
0.0000027780
0.0000017550
0.0000017890
0.0000015520
0.0000014620
0.0000013190
0.0000013580
0.0000014390
0.0000012880
0.0000013810
0.0000027970
0.0000021920
0.0000015450
0.0000015450
0.0000015000
0.0000013470
0.0000013530
0.0000013860
0.0000012920
0.0000013660
0.0000029260
0.0000019050
0.0000018170
0.0000016520
0.0000016510
0.0000014320
0.0000014540
0.0000016290
0.0000014820
0.0000014640
0.0000030900
0.0000024530
0.0000017550
0.0000017720
0.0000016350
0.0000014260
0.0000014440
0.0000015630
0.0000013950
0.0000015410
0.0000028590
0.0000025810
0.0000018810
0.0000017250
0.0000016590
0.0000014280
0.0000014090
0.0000015090
0.0000013850
0.0000014770
0.0000025970
0.0000022110
0.0000019580
0.0000020080
0.0000014530
0.0000013230
0.0000013150
0.0000014150
0.0000013430
0.0000013840
0.0000033440
0.0000026750
0.0000023890
0.0000023060
0.0000025080
0.0000019970
0.0000020590
0.0000020940
0.0000019360
0.0000021110
0.0000041590
0.0000028620
0.0000024580
0.0000022180
0.0000022300
0.0000020490
0.0000020030
0.0000020510
0.0000019160
0.0000020310
0.0000036640
0.0000029840
0.0000023210
0.0000022730
0.0000022140
0.0000019330
0.0000019510
0.0000020410
0.0000018780
0.0000020560
0.0000038310
0.0000032740
0.0000022810
0.0000022030
0.0000021510
0.0000019250
0.0000019610
0.0000020600
0.0000019110
0.0000020010
0.0000024720
0.0000020760
0.0000014580
0.0000014510
0.0000014510
0.0000012590
0.0000012710
0.0000013860
0.0000012080
0.0000012880
0.0000023110
0.0000018180
0.0000016780
0.0000015000
0.0000016320
0.0000013470
0.0000013830
0.0000014180
0.0000012380
0.0000013640
0.0000026260
0.0000021400
0.0000019160
0.0000017700
0.0000014920
0.0000013200
0.0000013330
0.0000013890
0.0000013200
0.0000013360
0.0000026630
0.0000022330
0.0000020650
0.0000015910
0.0000015270
0.0000013530
0.0000013430
0.0000014440
0.0000012740
0.0000013470
0.0000027960
0.0000023320
0.0000015960
0.0000016170
0.0000015470
0.0000013840
0.0000014310
0.0000014710
0.0000012630
0.0000013640
0.0000026620
0.0000019740
0.0000015000
0.0000015930
0.0000014940
0.0000013120
0.0000013050
0.0000013930
0.0000012680
0.0000013700
