0.0000023370
0.0000013780
0.0000013230
0.0000013960
0.0000012920
0.0000012720
0.0000011840
0.0000011280
0.0000010210
0.0000011510
0.0000024090
0.0000020890
0.0000020640
0.0000022490
0.0000020560
0.0000020620
0.0000011630
0.0000010660
0.0000010170
0.0000011850
0.0000021300
0.0000015430
0.0000012740
0.0000017130
0.0000012340
0.0000012600
0.0000012880
0.0000012680
0.0000011010
0.0000012240
0.0000024150
0.0000022130
0.0000018660
0.0000015810
0.0000012070
0.0000011650
0.0000011760
0.0000011290
0.0000010170
0.0000011440
0.0000025710
0.0000012790
0.0000012480
0.0000013840
0.0000012220
0.0000012270
0.0000012060
0.0000011210
0.0000010110
0.0000011850
0.0000021650
0.0000016410
0.0000015640
0.0000016810
0.0000015500
0.0000014610
0.0000013910
0.0000017970
0.0000012600
0.0000017760
0.0000025410
0.0000019770
0.0000014750
0.0000019140
0.0000014990
0.0000014800
0.0000013820
0.0000014730
0.0000014250
0.0000013780
0.0000033800
0.0000018950
0.0000014130
0.0000015980
0.0000014490
0.0000013740
0.0000013680
0.0000012930
0.0000012120
0.0000013880
0.0000025010
0.0000018890
0.0000015170
0.0000016180
0.0000015070
0.0000014690
0.0000015230
0.0000013860
0.0000012340
0.0000013860
0.0000035020
0.0000017200
0.0000015060
0.0000017000
0.0000015520
0.0000014720
0.0000015090
0.0000014270
0.0000012370
0.0000014380
0.0000028610
0.0000016530
0.0000015170
0.0000016640
0.0000014990
0.0000014280
0.0000014730
0.0000015410
0.0000012410
0.0000013780
0.0000027440
0.0000024480
0.0000023590
0.0000015890
0.0000014450
0.0000013670
0.0000013290
0.0000012480
0.0000011830
0.0000013540
0.0000028680
0.0000021940
0.0000014370
0.0000016500
0.0000015020
0.0000014040
0.0000014080
0.0000013390
0.0000012490
0.0000013550
0.0000030120
0.0000018170
0.0000017630
0.0000019980
0.0000017590
0.0000017040
0.0000014250
0.0000018010
0.0000012330
0.0000014250
0.0000028650
0.0000024330
0.0000019980
0.0000015890
0.0000014440
0.0000014010
0.0000013380
0.0000012830
0.0000012350
0.0000013980
0.0000023890
0.0000017530
0.0000015080
0.0000016630
0.0000015610
0.0000014090
0.0000014540
0.0000014770
0.0000012430
0.0000013900
0.0000032420
0.0000015350
0.0000014360
0.0000016570
0.0000015180
0.0000014650
0.0000014420
0.0000014070
0.0000012550
0.0000014330
0.0000021800
0.0000016750
0.0000015520
0.0000017340
0.0000014720
0.0000014430
0.0000014650
0.0000013630
0.0000012630
0.0000014360
0.0000027520
0.0000016180
0.0000014320
0.0000015920
0.0000013780
0.0000013730
0.0000013630
0.0000012880
0.0000011690
0.0000013890
0.0000026610
0.0000017090
0.0000015310
0.0000017080
0.0000015530
0.0000015140
0.0000014500
0.0000013080
0.0000012580
0.0000014370
