0.0001132390
0.0000212360
0.0000208940
0.0000208770
0.0000206080
0.0000207920
0.0000207590
0.0000206840
0.0000205470
0.0000206980
0.0000937930
0.0000194900
0.0000194990
0.0000195000
0.0000193910
0.0000193540
0.0000193840
0.0000192820
0.0000193440
0.0000194670
0.0000947450
0.0000196450
0.0000195330
0.0000196640
0.0000190190
0.0000192170
0.0000194160
0.0000192410
0.0000192010
0.0000192710
0.0001646070
0.0000246060
0.0000220460
0.0000222220
0.0000215980
0.0000227150
0.0000218730
0.0000222810
0.0000219660
0.0000215420
0.0001687750
0.0000294460
0.0000246720
0.0000247230
0.0000240520
0.0000246240
0.0000248340
0.0000244780
0.0000243550
0.0000244910
0.0001247160
0.0000252270
0.0000241930
0.0000242090
0.0000241620
0.0000235780
0.0000239340
0.0000242140
0.0000242640
0.0000239330
0.0001036220
0.0000192330
0.0000197180
0.0000194440
0.0000189170
0.0000193470
0.0000190030
0.0000192110
0.0000191690
0.0000191290
0.0000956700
0.0000196530
0.0000195050
0.0000195670
0.0000192580
0.0000191440
0.0000192890
0.0000196740
0.0000192780
0.0000193900
0.0001042150
0.0000183590
0.0000186180
0.0000185040
0.0000182940
0.0000184330
0.0000183520
0.0000183000
0.0000183950
0.0000186710
0.0001103490
0.0000208230
0.0000203100
0.0000200930
0.0000200210
0.0000202630
0.0000202250
0.0000203250
0.0000201170
0.0000203770
0.0001136910
0.0000214770
0.0000205580
0.0000203440
0.0000202490
0.0000201560
0.0000201580
0.0000202770
0.0000202850
0.0000204550
0.0001125300
0.0000206880
0.0000198770
0.0000200630
0.0000197920
0.0000197210
0.0000197490
0.0000198030
0.0000201100
0.0000198110
0.0001089770
0.0000199900
0.0000199910
0.0000198350
0.0000196570
0.0000199110
0.0000197070
0.0000200050
0.0000197290
0.0000212510
0.0001035990
0.0000206190
0.0000206230
0.0000204610
0.0000200850
0.0000203190
0.0000203590
0.0000203130
0.0000201750
0.0000204480
0.0000992840
0.0000206590
0.0000192470
0.0000190480
0.0000188610
0.0000189160
0.0000187860
0.0000189480
0.0000188150
0.0000191080
0.0001103410
0.0000223820
0.0000228770
0.0000224070
0.0000221200
0.0000220790
0.0000221390
0.0000222280
0.0000222950
0.0000222090
0.0001037630
0.0000189890
0.0000182430
0.0000182060
0.0000180220
0.0000179520
0.0000180070
0.0000179080
0.0000178440
0.0000179080
0.0000965400
0.0000193690
0.0000185170
0.0000183300
0.0000180940
0.0000183980
0.0000183570
0.0000184700
0.0000183940
0.0000183400
0.0001235480
0.0000204730
0.0000193510
0.0000195700
0.0000193240
0.0000192130
0.0000192970
0.0000192980
0.0000194500
0.0000198430
0.0001284080
0.0000306450
0.0000242040
0.0000235530
0.0000229410
0.0000231610
0.0000231800
0.0000232760
0.0000237990
0.0000237100
