0.0002128230
0.0000411140
0.0000395040
0.0000397010
0.0000394700
0.0000395620
0.0000396340
0.0000395400
0.0000393410
0.0000395400
0.0001987070
0.0000381250
0.0000368760
0.0000368250
0.0000368490
0.0000366770
0.0000368290
0.0000369560
0.0000368160
0.0000368170
0.0002086390
0.0000403600
0.0000419970
0.0000420620
0.0000397710
0.0000398230
0.0000398080
0.0000397550
0.0000396680
0.0000396560
0.0002716540
0.0000554470
0.0000503830
0.0000499910
0.0000500210
0.0000500100
0.0000495630
0.0000499010
0.0000496680
0.0000490130
0.0002089500
0.0000396600
0.0000394400
0.0000390380
0.0000389920
0.0000391700
0.0000391470
0.0000393430
0.0000393850
0.0000395630
0.0002128640
0.0000393160
0.0000382340
0.0000380580
0.0000377370
0.0000378920
0.0000409890
0.0000384580
0.0000376620
0.0000377760
0.0002076740
0.0000397020
0.0000386010
0.0000385880
0.0000387860
0.0000383750
0.0000381710
0.0000385540
0.0000382470
0.0000382380
0.0002075080
0.0000384440
0.0000378010
0.0000378710
0.0000375480
0.0000375830
0.0000380020
0.0000381510
0.0000374630
0.0000376190
0.0002100000
0.0000381260
0.0000379410
0.0000376690
0.0000378580
0.0000377440
0.0000376010
0.0000379430
0.0000377450
0.0000375430
0.0002218460
0.0000391080
0.0000364210
0.0000361380
0.0000360180
0.0000357240
0.0000359050
0.0000359120
0.0000356900
0.0000358020
0.0003067460
0.0000572910
0.0000555620
0.0000552280
0.0000548330
0.0000552940
0.0000544580
0.0000549360
0.0000611390
0.0000570150
0.0002101890
0.0000437090
0.0000413210
0.0000410350
0.0000405670
0.0000405880
0.0000408800
0.0000411640
0.0000442560
0.0000415200
0.0002379850
0.0000567500
0.0000476250
0.0000472240
0.0000470560
0.0000473810
0.0000462770
0.0000475500
0.0000468870
0.0000473320
0.0003155010
0.0000615860
0.0000450860
0.0000419090
0.0000415030
0.0000418020
0.0000412810
0.0000414680
0.0000413460
0.0000414740
0.0003125550
0.0001210080
0.0001208920
0.0001287630
0.0001209590
0.0001208000
0.0001208640
0.0001208190
0.0001208950
0.0001208660
0.0002108400
0.0000379300
0.0000375190
0.0000377670
0.0000373160
0.0000371400
0.0000372760
0.0000373600
0.0000374750
0.0000373920
0.0001817580
0.0000387070
0.0000371730
0.0000368000
0.0000373240
0.0000374070
0.0000370150
0.0000375100
0.0000369590
0.0000369350
0.0002093340
0.0000400500
0.0000395640
0.0000395850
0.0000393660
0.0000392160
0.0000393150
0.0000394530
0.0000395080
0.0000392430
0.0002451820
0.0000589490
0.0000511590
0.0000489780
0.0000491780
0.0000481450
0.0000488840
0.0000485180
0.0000483000
0.0000484840
0.0001860610
0.0000354350
0.0000346680
0.0000348300
0.0000340540
0.0000340270
0.0000342680
0.0000340400
0.0000341090
0.0000341950
