0.0000021690
0.0000017840
0.0000015040
0.0000014080
0.0000014240
0.0000012290
0.0000013080
0.0000013060
0.0000012170
0.0000012620
0.0000022300
0.0000018810
0.0000015780
0.0000014370
0.0000013990
0.0000012350
0.0000012380
0.0000013450
0.0000011840
0.0000012790
0.0000023870
0.0000019640
0.0000014660
0.0000014610
0.0000013870
0.0000012460
0.0000012410
0.0000013480
0.0000012430
0.0000012620
0.0000023680
0.0000019120
0.0000016310
0.0000015000
0.0000013830
0.0000012470
0.0000012500
0.0000013410
0.0000011820
0.0000012860
0.0000024980
0.0000018650
0.0000018840
0.0000014820
0.0000014480
0.0000013070
0.0000013100
0.0000014050
0.0000012800
0.0000013540
0.0000023260
0.0000019110
0.0000016710
0.0000015970
0.0000014930
0.0000013440
0.0000013530
0.0000014540
0.0000012940
0.0000013560
0.0000025030
0.0000020680
0.0000018280
0.0000018470
0.0000016060
0.0000013950
0.0000014030
0.0000015030
0.0000013720
0.0000015040
0.0000028330
0.0000022060
0.0000020040
0.0000019080
0.0000018310
0.0000014560
0.0000014480
0.0000014920
0.0000014090
0.0000014960
0.0000022720
0.0000016330
0.0000014320
0.0000013650
0.0000013540
0.0000011610
0.0000012350
0.0000012540
0.0000011210
0.0000011940
0.0000024080
0.0000017260
0.0000014250
0.0000014370
0.0000013410
0.0000012480
0.0000012080
0.0000013030
0.0000011780
0.0000012370
0.0000023560
0.0000020420
0.0000016150
0.0000013920
0.0000014100
0.0000011560
0.0000012210
0.0000012770
0.0000011790
0.0000012480
0.0000034330
0.0000025690
0.0000023850
0.0000022110
0.0000022220
0.0000019760
0.0000019290
0.0000020380
0.0000018130
0.0000020040
0.0000025070
0.0000021280
0.0000016820
0.0000016050
0.0000015860
0.0000013950
0.0000015050
0.0000014930
0.0000013490
0.0000014300
0.0000025520
0.0000021570
0.0000016620
0.0000016360
0.0000015260
0.0000013700
0.0000013620
0.0000015560
0.0000013780
0.0000014450
0.0000026600
0.0000021330
0.0000019260
0.0000017130
0.0000016530
0.0000014220
0.0000014580
0.0000015140
0.0000013480
0.0000014180
0.0000024010
0.0000018470
0.0000015270
0.0000014530
0.0000014350
0.0000012810
0.0000012720
0.0000013670
0.0000011880
0.0000013150
0.0000023950
0.0000018270
0.0000015480
0.0000014800
0.0000014690
0.0000012520
0.0000013000
0.0000013440
0.0000012050
0.0000012520
0.0000024000
0.0000019940
0.0000017210
0.0000015180
0.0000014940
0.0000012610
0.0000012850
0.0000013460
0.0000012110
0.0000012950
0.0000024410
0.0000016360
0.0000013780
0.0000013560
0.0000013380
0.0000011660
0.0000012180
0.0000012370
0.0000011480
0.0000011840
0.0000022380
0.0000017850
0.0000015690
0.0000015010
0.0000013430
0.0000011640
0.0000011880
0.0000012680
0.0000011800
0.0000012060
