0.0000671200
0.0000092930
0.0000094760
0.0000096420
0.0000094150
0.0000094330
0.0000089190
0.0000092140
0.0000092510
0.0000093130
0.0000827100
0.0000102900
0.0000097920
0.0000098440
0.0000104310
0.0000096380
0.0000095200
0.0000098100
0.0000094680
0.0000094530
0.0000820810
0.0000106070
0.0000101450
0.0000089920
0.0000099810
0.0000092100
0.0000092540
0.0000096070
0.0000093550
0.0000090890
0.0000638150
0.0000090430
0.0000094100
0.0000091890
0.0000094060
0.0000093820
0.0000089170
0.0000092840
0.0000093100
0.0000094470
0.0000729540
0.0000103500
0.0000104300
0.0000101230
0.0000103400
0.0000103660
0.0000096890
0.0000100570
0.0000100350
0.0000102980
0.0000778340
0.0000115600
0.0000115780
0.0000115760
0.0000192740
0.0000112370
0.0000107010
0.0000111950
0.0000112560
0.0000111470
0.0000876440
0.0000124860
0.0000112480
0.0000108830
0.0000111420
0.0000111930
0.0000105370
0.0000108110
0.0000110070
0.0000110660
0.0000744380
0.0000111700
0.0000111170
0.0000106820
0.0000112730
0.0000112960
0.0000104920
0.0000109460
0.0000110080
0.0000112990
0.0000794150
0.0000118880
0.0000125480
0.0000112820
0.0000118310
0.0000118490
0.0000108390
0.0000116390
0.0000118180
0.0000116250
0.0000936260
0.0000127990
0.0000130200
0.0000123750
0.0000128480
0.0000129370
0.0000118400
0.0000129110
0.0000125170
0.0000126920
0.0000702290
0.0000109970
0.0000111270
0.0000108080
0.0000110330
0.0000112280
0.0000102320
0.0000110870
0.0000109880
0.0000113590
0.0000679970
0.0000109860
0.0000114950
0.0000107670
0.0000114330
0.0000113380
0.0000101950
0.0000114140
0.0000116370
0.0000118440
0.0000798460
0.0000128680
0.0000119830
0.0000112880
0.0000124580
0.0000124140
0.0000111690
0.0000118000
0.0000119990
0.0000120290
0.0001149480
0.0000137590
0.0000132490
0.0000119880
0.0000120140
0.0000119990
0.0000115200
0.0000125460
0.0000121220
0.0000122560
0.0000644270
0.0000102660
0.0000104540
0.0000101600
0.0000104600
0.0000103000
0.0000097740
0.0000101050
0.0000101240
0.0000103650
0.0000732850
0.0000102190
0.0000103300
0.0000100960
0.0000104280
0.0000103730
0.0000096690
0.0000102060
0.0000100900
0.0000102810
0.0000687180
0.0000094010
0.0000096750
0.0000094820
0.0000096100
0.0000093960
0.0000090610
0.0000094890
0.0000093030
0.0000097470
0.0000662890
0.0000097310
0.0000099090
0.0000093020
0.0000098580
0.0000098100
0.0000092740
0.0000097280
0.0000096230
0.0000098580
0.0000745480
0.0000103160
0.0000104810
0.0000102950
0.0000104730
0.0000107570
0.0000099070
0.0000099700
0.0000102340
0.0000104000
0.0000645420
0.0000095620
0.0000099890
0.0000094930
0.0000099350
0.0000095950
0.0000092170
0.0000098330
0.0000096900
0.0000098930
