0.0164206720
0.0131758600
0.0142216990
0.0133934030
0.0126753410
0.0123522490
0.0126545880
0.0129937000
0.0129075790
0.0133675460
0.0089291070
0.0032394230
0.0031989960
0.0032439580
0.0031919160
0.0032092830
0.0031727780
0.0031870720
0.0031656480
0.0031308750
0.0093473750
0.0033163420
0.0033657180
0.0032747240
0.0032580650
0.0032634530
0.0032019130
0.0032094570
0.0032335480
0.0031547460
0.0090295620
0.0032852200
0.0032313820
0.0032587440
0.0032185050
0.0032571990
0.0032144060
0.0032136080
0.0032047620
0.0031688840
0.0131050310
0.0082971530
0.0082766710
0.0075824540
0.0073741220
0.0083073330
0.0095164440
0.0092088590
0.0106518930
0.0115226020
0.0103188030
0.0034714650
0.0034385810
0.0034408150
0.0034024870
0.0034262210
0.0033420420
0.0033570590
0.0033346550
0.0032848810
0.0101636240
0.0033877340
0.0033333840
0.0033791890
0.0033383160
0.0033517690
0.0032935780
0.0032951110
0.0033028030
0.0032704260
0.0121684460
0.0057512330
0.0058402890
0.0057175290
0.0056787700
0.0068375680
0.0059810570
0.0059126090
0.0059874470
0.0058691020
0.0172374710
0.0144756560
0.0131959580
0.0131604320
0.0120082580
0.0118261250
0.0088307950
0.0086469030
0.0078924880
0.0094974100
0.0139223070
0.0089594230
0.0082897290
0.0071624390
0.0091794870
0.0109654040
0.0086893760
0.0073352370
0.0097362590
0.0113423650
0.0118034080
0.0056481810
0.0055846670
0.0053797430
0.0045391300
0.0044318960
0.0056884480
0.0056531840
0.0061756330
0.0059757500
0.0189805040
0.0125781270
0.0127930080
0.0093450530
0.0124571770
0.0088789260
0.0069884600
0.0059335890
0.0045932750
0.0043976150
0.0126491350
0.0040976670
0.0039862950
0.0040067740
0.0059162920
0.0058348540
0.0058841810
0.0058262500
0.0058454290
0.0058661120
0.0101454540
0.0034200510
0.0033901200
0.0034246580
0.0033672630
0.0033809250
0.0033384220
0.0033627160
0.0033595590
0.0033099250
0.0106943780
0.0034493430
0.0034288730
0.0034205000
0.0033914960
0.0033731020
0.0033417380
0.0033731950
0.0033864160
0.0033149710
0.0105520780
0.0033871470
0.0033855050
0.0033729790
0.0039096760
0.0041369910
0.0040886240
0.0041042600
0.0041076300
0.0040801640
0.0118758440
0.0050881860
0.0038487870
0.0038151820
0.0037223480
0.0036910030
0.0035741890
0.0036527120
0.0034426640
0.0036567600
0.0132541100
0.0079495570
0.0082571750
0.0078867160
0.0082710190
0.0078220920
0.0082591060
0.0078070350
0.0082578580
0.0077368080
0.0151450930
0.0086557130
0.0086149370
0.0086127380
0.0083247120
0.0078924390
0.0080810310
0.0078559410
0.0083224080
0.0077725660
0.0092509050
0.0040296920
0.0044530920
0.0055144560
0.0055500370
0.0055252180
0.0054733010
0.0055262470
0.0055084550
0.0054875780
