0.0000011670
0.0000006830
0.0000006370
0.0000007700
0.0000006100
0.0000006100
0.0000004720
0.0000004480
0.0000003780
0.0000005170
0.0000016120
0.0000007550
0.0000006350
0.0000009270
0.0000006350
0.0000005970
0.0000006790
0.0000004900
0.0000005850
0.0000005170
0.0000012000
0.0000009010
0.0000008730
0.0000009140
0.0000006290
0.0000005840
0.0000004330
0.0000003970
0.0000003700
0.0000005130
0.0000011390
0.0000008090
0.0000006060
0.0000007310
0.0000005910
0.0000005550
0.0000004880
0.0000004280
0.0000003650
0.0000005200
0.0000012390
0.0000007420
0.0000006430
0.0000006760
0.0000005900
0.0000005580
0.0000005540
0.0000004410
0.0000003600
0.0000005140
0.0000013740
0.0000008390
0.0000006310
0.0000007280
0.0000005780
0.0000005800
0.0000004110
0.0000004400
0.0000003860
0.0000005560
0.0000014580
0.0000007400
0.0000006860
0.0000009250
0.0000006940
0.0000006610
0.0000005320
0.0000005710
0.0000004400
0.0000006160
0.0000013450
0.0000009120
0.0000007600
0.0000007610
0.0000005760
0.0000005900
0.0000004850
0.0000004320
0.0000004200
0.0000005240
0.0000013280
0.0000007370
0.0000006400
0.0000007350
0.0000005980
0.0000005490
0.0000004650
0.0000004170
0.0000004040
0.0000005230
0.0000013620
0.0000010430
0.0000009830
0.0000010610
0.0000006800
0.0000006450
0.0000005360
0.0000004390
0.0000004480
0.0000005360
0.0000016890
0.0000007260
0.0000007090
0.0000008420
0.0000006600
0.0000006030
0.0000005310
0.0000004960
0.0000004450
0.0000005920
0.0000014130
0.0000010200
0.0000007510
0.0000008810
0.0000007230
0.0000007510
0.0000005560
0.0000005310
0.0000005010
0.0000006180
0.0000013600
0.0000010600
0.0000007710
0.0000010210
0.0000007090
0.0000006910
0.0000005870
0.0000005340
0.0000004610
0.0000006120
0.0000016600
0.0000007920
0.0000007380
0.0000009230
0.0000007110
0.0000007180
0.0000007390
0.0000005110
0.0000004640
0.0000006100
0.0000013150
0.0000009830
0.0000010130
0.0000010720
0.0000009620
0.0000006490
0.0000005350
0.0000004710
0.0000004600
0.0000005750
0.0000013640
0.0000010010
0.0000010160
0.0000011750
0.0000010210
0.0000009750
0.0000005270
0.0000004990
0.0000004760
0.0000006370
0.0000014320
0.0000007140
0.0000006980
0.0000012670
0.0000006770
0.0000006210
0.0000005200
0.0000004930
0.0000004360
0.0000006050
0.0000012860
0.0000007820
0.0000007720
0.0000008740
0.0000007140
0.0000007390
0.0000008230
0.0000012110
0.0000005160
0.0000006540
0.0000012950
0.0000007940
0.0000006930
0.0000009050
0.0000007380
0.0000006800
0.0000006100
0.0000005700
0.0000004980
0.0000006150
0.0000012110
0.0000008900
0.0000008440
0.0000009860
0.0000008440
0.0000005740
0.0000005130
0.0000004280
0.0000003570
0.0000005330
