0.0000186140
0.0000023810
0.0000025150
0.0000024090
0.0000025360
0.0000021240
0.0000024290
0.0000025420
0.0000020760
0.0000022770
0.0000152450
0.0000024050
0.0000025360
0.0000024370
0.0000025170
0.0000021510
0.0000026480
0.0000025690
0.0000021650
0.0000022830
0.0000161660
0.0000023500
0.0000024710
0.0000024500
0.0000025110
0.0000021650
0.0000024280
0.0000026160
0.0000021260
0.0000022770
0.0000139750
0.0000023960
0.0000025160
0.0000024680
0.0000025200
0.0000020660
0.0000024250
0.0000025850
0.0000021680
0.0000022390
0.0000153260
0.0000023820
0.0000026070
0.0000024880
0.0000026010
0.0000021760
0.0000024890
0.0000026620
0.0000022240
0.0000023060
0.0000196170
0.0000026760
0.0000025940
0.0000024350
0.0000026710
0.0000021500
0.0000024980
0.0000026770
0.0000022970
0.0000023110
0.0000146230
0.0000023820
0.0000025280
0.0000024710
0.0000024960
0.0000022380
0.0000023550
0.0000025300
0.0000021180
0.0000022370
0.0000233550
0.0000078840
0.0000077110
0.0000079360
0.0000078500
0.0000079290
0.0000079480
0.0000079240
0.0000077850
0.0000080770
0.0000163090
0.0000027330
0.0000028930
0.0000027950
0.0000028910
0.0000024670
0.0000027800
0.0000029310
0.0000024400
0.0000025730
0.0000160980
0.0000026630
0.0000028780
0.0000028160
0.0000029000
0.0000024240
0.0000027380
0.0000028870
0.0000024380
0.0000026340
0.0000186630
0.0000027370
0.0000028710
0.0000027780
0.0000028700
0.0000024620
0.0000034790
0.0000029470
0.0000024160
0.0000025920
0.0000188950
0.0000029870
0.0000030530
0.0000029330
0.0000030070
0.0000025270
0.0000028780
0.0000030470
0.0000025420
0.0000027990
0.0000206220
0.0000029850
0.0000030680
0.0000033240
0.0000034160
0.0000027620
0.0000031760
0.0000032670
0.0000025450
0.0000029280
0.0000169610
0.0000027100
0.0000028900
0.0000027580
0.0000028430
0.0000023670
0.0000027100
0.0000028850
0.0000024010
0.0000025610
0.0000181740
0.0000027530
0.0000029630
0.0000028120
0.0000028610
0.0000025960
0.0000027860
0.0000029090
0.0000024080
0.0000026060
0.0000208030
0.0000029900
0.0000031770
0.0000027730
0.0000029180
0.0000024760
0.0000029280
0.0000030990
0.0000026700
0.0000026040
0.0000187980
0.0000031950
0.0000030420
0.0000030880
0.0000030040
0.0000026010
0.0000028670
0.0000035240
0.0000025560
0.0000027000
0.0000209100
0.0000029570
0.0000030230
0.0000029200
0.0000030340
0.0000025810
0.0000030680
0.0000030300
0.0000024910
0.0000027320
0.0000157780
0.0000026510
0.0000028390
0.0000027460
0.0000028650
0.0000024010
0.0000027210
0.0000029820
0.0000024060
0.0000025780
0.0000162590
0.0000021300
0.0000023050
0.0000021790
0.0000022630
0.0000019580
0.0000021800
0.0000023210
0.0000018760
0.0000020120
