0.0009096870
0.0002043500
0.0001932770
0.0001900040
0.0001877320
0.0001882060
0.0001984180
0.0001865350
0.0001873330
0.0001840220
0.0008723400
0.0002139830
0.0001922220
0.0001874040
0.0001853920
0.0001771150
0.0001791130
0.0001931450
0.0001854770
0.0001832190
0.0008539070
0.0001797690
0.0001785420
0.0001689100
0.0001678010
0.0001668500
0.0001740200
0.0001704380
0.0001696020
0.0001680570
0.0014412710
0.0007640600
0.0006622250
0.0005858890
0.0005397050
0.0005110770
0.0004882320
0.0004904240
0.0004588940
0.0004608160
0.0008874270
0.0001905090
0.0001755270
0.0001720450
0.0001663960
0.0001803440
0.0001728610
0.0001719020
0.0001718010
0.0001751380
0.0009257560
0.0002264400
0.0002113890
0.0002057890
0.0002010310
0.0002153850
0.0002017750
0.0002075440
0.0002129390
0.0002160920
0.0008901010
0.0001908090
0.0001736040
0.0001716540
0.0001651140
0.0001648900
0.0001668050
0.0001709060
0.0001734180
0.0001692730
0.0008697150
0.0001952150
0.0001724230
0.0001689780
0.0001656160
0.0001650200
0.0001697810
0.0001833250
0.0001863040
0.0001965950
0.0014234340
0.0008966370
0.0007671700
0.0006511390
0.0006101510
0.0005687140
0.0005345050
0.0005151140
0.0005623530
0.0005330240
0.0013230050
0.0003186860
0.0002823370
0.0002743140
0.0002742140
0.0002715470
0.0002829260
0.0002761990
0.0002682450
0.0002824400
0.0009316110
0.0002220410
0.0002128440
0.0002017620
0.0001948620
0.0001966260
0.0001915200
0.0001889810
0.0001945220
0.0001953640
0.0010858820
0.0003344550
0.0003006550
0.0002519310
0.0002088130
0.0002075690
0.0001976140
0.0002055080
0.0002722750
0.0002173240
0.0008947460
0.0001955780
0.0001826870
0.0001809860
0.0001807840
0.0001793840
0.0001788990
0.0001779500
0.0001800060
0.0001794010
0.0011038810
0.0005081460
0.0004414270
0.0003806280
0.0003602040
0.0003317700
0.0003246930
0.0003143160
0.0003064310
0.0003056730
0.0013137700
0.0006963960
0.0005664950
0.0004814880
0.0004735360
0.0004251890
0.0004097630
0.0003992930
0.0003838100
0.0003799270
0.0009032760
0.0002070560
0.0001916720
0.0001924540
0.0001852410
0.0001877830
0.0001974840
0.0001915810
0.0001877670
0.0001904970
0.0009112280
0.0002072640
0.0001901430
0.0001863820
0.0001762590
0.0001803450
0.0001811330
0.0001774940
0.0001749200
0.0001749520
0.0008935750
0.0001893420
0.0001779670
0.0001717360
0.0001708800
0.0001694860
0.0001682020
0.0001669980
0.0001666070
0.0001671060
0.0013404010
0.0006849560
0.0005605020
0.0004777100
0.0004580150
0.0004249230
0.0004008920
0.0003836520
0.0003811940
0.0003735770
0.0008579980
0.0001828280
0.0001742810
0.0001655120
0.0001645930
0.0001682740
0.0001665630
0.0001673550
0.0001761290
0.0001958490
