0.0049201170
0.0020589280
0.0018521410
0.0017184490
0.0017103780
0.0016862510
0.0016301290
0.0016273440
0.0016019450
0.0015983670
0.0045770250
0.0020137450
0.0018546310
0.0017205260
0.0017598910
0.0017250420
0.0016813150
0.0016538870
0.0016221160
0.0016434980
0.0050389290
0.0022363250
0.0019922880
0.0019471580
0.0019611210
0.0018225970
0.0018120970
0.0018329300
0.0017706590
0.0017240670
0.0049201520
0.0019861310
0.0017620730
0.0017166520
0.0017362880
0.0016145790
0.0016041880
0.0016233970
0.0015843340
0.0015419590
0.0046202520
0.0019255950
0.0017787810
0.0016612790
0.0016356260
0.0016244170
0.0016053790
0.0015632030
0.0015481020
0.0015521060
