0.0094954520
0.0050512950
0.0048641400
0.0045917180
0.0046085490
0.0045042200
0.0043097440
0.0042793430
0.0040828120
0.0039909180
0.0083328000
0.0047561780
0.0045469890
0.0044334760
0.0043389840
0.0042213690
0.0040982410
0.0040888640
0.0039557710
0.0039063510
0.0084607570
0.0049165190
0.0046630400
0.0045926980
0.0044998560
0.0044263230
0.0042153020
0.0041332850
0.0040679320
0.0040365790
0.0097729940
0.0055161740
0.0051968440
0.0048808220
0.0048621100
0.0047009470
0.0044828700
0.0044713800
0.0043644590
0.0042042000
0.0094718650
0.0050161000
0.0048641560
0.0046540030
0.0045794090
0.0045035150
0.0042706620
0.0042182160
0.0041672410
0.0040712080
0.0094756220
0.0049313660
0.0046167260
0.0044450930
0.0045040470
0.0043305770
0.0041900330
0.0040877600
0.0040543800
0.0040360970
0.0088400610
0.0050098860
0.0046694030
0.0044326640
0.0045124460
0.0043388540
0.0041766420
0.0041260330
0.0040548170
0.0040475910
0.0094756410
0.0050143060
0.0047038990
0.0045154570
0.0044776610
0.0043510700
0.0041813350
0.0042205980
0.0039833530
0.0040411150
0.0085421660
0.0046479230
0.0043946370
0.0042985920
0.0042808120
0.0041734400
0.0040821980
0.0039928160
0.0039754120
0.0038592980
0.0095060250
0.0049816460
0.0046639700
0.0044530820
0.0044407690
0.0043611880
0.0041901350
0.0041002260
0.0040294920
0.0039246390
