0.0000290230
0.0000104160
0.0000101600
0.0000100770
0.0000150030
0.0000103800
0.0000091420
0.0000095750
0.0000112550
0.0000121190
0.0000412760
0.0000104460
0.0000111900
0.0000100850
0.0000092030
0.0000096080
0.0000090030
0.0000120910
0.0000090420
0.0000090990
0.0000429420
0.0000106310
0.0000114000
0.0000132570
0.0000101710
0.0000101380
0.0000098740
0.0000102990
0.0000101020
0.0000152510
0.0000324770
0.0000103460
0.0000113400
0.0000110570
0.0000106180
0.0000101230
0.0000095380
0.0000088380
0.0000088180
0.0000092420
0.0000373350
0.0000134350
0.0000102540
0.0000112090
0.0000101950
0.0000096570
0.0000099550
0.0000090260
0.0000102780
0.0000092700
0.0000365210
0.0000099300
0.0000097750
0.0000099900
0.0000093900
0.0000087640
0.0000090900
0.0000106190
0.0000094060
0.0000095880
0.0000396480
0.0000098320
0.0000097440
0.0000096000
0.0000094140
0.0000088440
0.0000115830
0.0000090370
0.0000094090
0.0000095320
0.0000445590
0.0000122740
0.0000101750
0.0000100060
0.0000098040
0.0000095850
0.0000094970
0.0000095750
0.0000099520
0.0000100280
0.0000363650
0.0000100820
0.0000097480
0.0000098990
0.0000114840
0.0000136200
0.0000112740
0.0000109430
0.0000100390
0.0000111410
0.0000401030
0.0000121390
0.0000095000
0.0000095830
0.0000100380
0.0000096300
0.0000101920
0.0000109380
0.0000110270
0.0000096670
