0.0000024450
0.0000010990
0.0000007350
0.0000008820
0.0000006750
0.0000006360
0.0000005420
0.0000004770
0.0000004680
0.0000006540
0.0000025370
0.0000010900
0.0000007270
0.0000008970
0.0000007120
0.0000006310
0.0000005200
0.0000004760
0.0000004890
0.0000005930
0.0000024460
0.0000010860
0.0000006930
0.0000008540
0.0000006890
0.0000006120
0.0000005210
0.0000004710
0.0000004360
0.0000005620
0.0000025660
0.0000010630
0.0000007170
0.0000010920
0.0000006960
0.0000006220
0.0000005500
0.0000005150
0.0000005960
0.0000006300
0.0000024680
0.0000010640
0.0000006830
0.0000008790
0.0000006860
0.0000005850
0.0000005610
0.0000006340
0.0000004820
0.0000006500
