0.0060196640
0.0027745570
0.0026277550
0.0026988910
0.0025370570
0.0024878750
0.0024236930
0.0023432750
0.0023433650
0.0023023820
0.0051757410
0.0025129400
0.0023702440
0.0024478800
0.0022831250
0.0022475980
0.0022947720
0.0021561990
0.0021809770
0.0021854160
0.0057164670
0.0026960720
0.0026117970
0.0025335480
0.0024191130
0.0023900950
0.0023432840
0.0022922370
0.0022068050
0.0022203580
0.0060378570
0.0029239800
0.0027462120
0.0025671660
0.0025127050
0.0023930390
0.0023844310
0.0023492500
0.0023164140
0.0023981280
0.0058202290
0.0027555930
0.0025807610
0.0024837750
0.0023972090
0.0023541140
0.0023092970
0.0022675040
0.0022211960
0.0021997130
0.0057845230
0.0027360640
0.0025665440
0.0025151010
0.0023703020
0.0023522550
0.0023043890
0.0022445310
0.0022078310
0.0021583060
0.0058777520
0.0027390870
0.0026063980
0.0026588140
0.0024304850
0.0024197220
0.0023661280
0.0022716000
0.0022584480
0.0021934440
0.0058099800
0.0025654590
0.0024419380
0.0024376980
0.0022978530
0.0023158600
0.0022870640
0.0022031400
0.0022099640
0.0021401920
0.0051369940
0.0023617750
0.0021058810
0.0021638450
0.0020104110
0.0019598020
0.0020379750
0.0019152200
0.0018889880
0.0019266800
0.0057718340
0.0026776370
0.0025249350
0.0025702090
0.0023920310
0.0023498670
0.0022949790
0.0022398900
0.0022099510
0.0021779340
