0.0000033310
0.0000092320
0.0000019230
0.0000023170
0.0000022570
0.0000019700
0.0000015590
0.0000017010
0.0000016040
0.0000016980
0.0000032770
0.0000023510
0.0000017580
0.0000022670
0.0000022550
0.0000015880
0.0000015680
0.0000016550
0.0000015690
0.0000016670
0.0000032830
0.0000024600
0.0000034500
0.0000035180
0.0000034660
0.0000032810
0.0000031260
0.0000017780
0.0000016470
0.0000017650
0.0000033340
0.0000024450
0.0000034090
0.0000034380
0.0000034150
0.0000032030
0.0000016490
0.0000017660
0.0000016560
0.0000017560
0.0000033370
0.0000025080
0.0000035050
0.0000035200
0.0000034390
0.0000015940
0.0000016250
0.0000017580
0.0000016400
0.0000017740
