0.0000042330
0.0000015730
0.0000011980
0.0000011660
0.0000010930
0.0000011380
0.0000008740
0.0000010780
0.0000009480
0.0000010930
0.0000049210
0.0000014750
0.0000012350
0.0000012910
0.0000011710
0.0000010310
0.0000009130
0.0000010880
0.0000009980
0.0000010180
0.0000039810
0.0000015300
0.0000011260
0.0000012020
0.0000011820
0.0000011280
0.0000009150
0.0000010100
0.0000009730
0.0000010680
0.0000044220
0.0000013820
0.0000011340
0.0000011290
0.0000010110
0.0000010010
0.0000008240
0.0000008990
0.0000008750
0.0000010040
0.0000042400
0.0000015760
0.0000011170
0.0000011860
0.0000011810
0.0000012020
0.0000008820
0.0000009300
0.0000009470
0.0000010460
0.0000039760
0.0000016240
0.0000010860
0.0000012050
0.0000012210
0.0000011360
0.0000008700
0.0000010330
0.0000009960
0.0000010630
0.0000040560
0.0000016140
0.0000012370
0.0000011030
0.0000010720
0.0000010640
0.0000008090
0.0000009180
0.0000009400
0.0000010170
0.0000044370
0.0000015960
0.0000011720
0.0000011930
0.0000010690
0.0000010810
0.0000008280
0.0000010150
0.0000009660
0.0000010800
0.0000040830
0.0000015990
0.0000011270
0.0000011980
0.0000011290
0.0000011240
0.0000007870
0.0000009610
0.0000009770
0.0000010470
0.0000048040
0.0000015410
0.0000011510
0.0000011860
0.0000010360
0.0000011170
0.0000008190
0.0000009670
0.0000009300
0.0000010420
