0.0000235400
0.0000046580
0.0000046250
0.0000047200
0.0000047180
0.0000044850
0.0000043170
0.0000043670
0.0000038780
0.0000053440
0.0000278730
0.0000046320
0.0000045900
0.0000048170
0.0000045480
0.0000045100
0.0000044000
0.0000043390
0.0000042430
0.0000040670
0.0000199290
0.0000045690
0.0000044980
0.0000046750
0.0000045310
0.0000045040
0.0000039340
0.0000042820
0.0000038670
0.0000041700
0.0000182090
0.0000045170
0.0000056180
0.0000057540
0.0000055560
0.0000055390
0.0000044670
0.0000043300
0.0000038160
0.0000053580
0.0000256200
0.0000045260
0.0000047560
0.0000057730
0.0000056340
0.0000054750
0.0000040050
0.0000053240
0.0000038550
0.0000053620
0.0000198900
0.0000046050
0.0000056590
0.0000058300
0.0000056480
0.0000056190
0.0000054550
0.0000054010
0.0000044720
0.0000055540
0.0000209250
0.0000047740
0.0000046740
0.0000048740
0.0000046530
0.0000046100
0.0000044900
0.0000043790
0.0000042790
0.0000041440
0.0000259730
0.0000046180
0.0000045790
0.0000048560
0.0000045220
0.0000044280
0.0000043270
0.0000045350
0.0000041160
0.0000051740
0.0000192220
0.0000045420
0.0000056340
0.0000057740
0.0000046940
0.0000055440
0.0000052750
0.0000053230
0.0000038120
0.0000053490
0.0000182420
0.0000045660
0.0000056390
0.0000057520
0.0000056420
0.0000055260
0.0000043420
0.0000052610
0.0000038520
0.0000040270
