0.0000050770
0.0000025550
0.0000026510
0.0000029100
0.0000026480
0.0000026630
0.0000024720
0.0000024810
0.0000024690
0.0000026190
0.0000053600
0.0000025470
0.0000026890
0.0000030170
0.0000026910
0.0000026810
0.0000025220
0.0000025100
0.0000025200
0.0000026160
0.0000055450
0.0000026860
0.0000025960
0.0000027980
0.0000025550
0.0000025670
0.0000024430
0.0000024500
0.0000024230
0.0000024880
0.0000048330
0.0000025070
0.0000027190
0.0000027140
0.0000026550
0.0000025880
0.0000024610
0.0000025100
0.0000024310
0.0000026120
0.0000070280
0.0000025670
0.0000026910
0.0000029480
0.0000026530
0.0000026310
0.0000024890
0.0000024980
0.0000024940
0.0000025880
