0.0115475820
0.0065422710
0.0063801280
0.0060883110
0.0058324600
0.0055761240
0.0056875620
0.0055849670
0.0053924560
0.0053628610
0.0114835300
0.0064083190
0.0061070760
0.0059761850
0.0057908800
0.0055928500
0.0056339060
0.0054886110
0.0053447770
0.0053687520
0.0112491130
0.0063215170
0.0061036300
0.0059835620
0.0057732850
0.0054957820
0.0055892830
0.0054850820
0.0053456620
0.0053034930
0.0116174190
0.0067553130
0.0064019570
0.0062768490
0.0060026770
0.0058293030
0.0058824640
0.0057448200
0.0055871050
0.0055551710
0.0119438580
0.0068111740
0.0064911150
0.0063411540
0.0062364200
0.0058620250
0.0058516750
0.0056854380
0.0055971840
0.0055610630
0.0101051780
0.0057166880
0.0052664580
0.0052617620
0.0050942860
0.0047895570
0.0049944900
0.0047110320
0.0045800300
0.0046546800
0.0115405180
0.0064110580
0.0059228690
0.0060839150
0.0056773090
0.0054681790
0.0056292720
0.0054958210
0.0054642100
0.0054336370
0.0114851730
0.0061099850
0.0059856990
0.0059104150
0.0056759480
0.0055310310
0.0056717250
0.0056022850
0.0055274180
0.0055437930
0.0116394850
0.0069676940
0.0068399650
0.0064303130
0.0061175600
0.0059464960
0.0058998580
0.0056470020
0.0055851730
0.0055017840
0.0120504510
0.0069415890
0.0064587680
0.0065608990
0.0061600970
0.0058416240
0.0059014920
0.0056700780
0.0055843910
0.0055930830
