0.0000029880
0.0000009990
0.0000006490
0.0000009630
0.0000007400
0.0000005760
0.0000006600
0.0000005540
0.0000004970
0.0000005060
0.0000024650
0.0000009980
0.0000005640
0.0000009440
0.0000007580
0.0000005410
0.0000005760
0.0000005590
0.0000005020
0.0000005060
0.0000023010
0.0000009400
0.0000005930
0.0000009370
0.0000007310
0.0000005260
0.0000006210
0.0000005530
0.0000004960
0.0000004800
0.0000026470
0.0000010100
0.0000006020
0.0000010960
0.0000007390
0.0000005150
0.0000006050
0.0000005720
0.0000005090
0.0000005130
0.0000018740
0.0000010090
0.0000006060
0.0000007890
0.0000006270
0.0000005570
0.0000005850
0.0000003970
0.0000004910
0.0000005050
