0.0194578940
0.0115889600
0.0109298270
0.0103075370
0.0101522390
0.0096997190
0.0096387860
0.0095887810
0.0096142000
0.0095753080
0.0186950980
0.0104160380
0.0100238490
0.0097043490
0.0099605830
0.0097910030
0.0097056940
0.0097464600
0.0096797620
0.0097281380
0.0165414260
0.0096882310
0.0093701180
0.0090528370
0.0091497470
0.0091039180
0.0090485880
0.0090540500
0.0090010090
0.0090644620
0.0192006610
0.0113686300
0.0106351110
0.0101799050
0.0100312070
0.0095691400
0.0094219800
0.0094263950
0.0093754640
0.0094703930
0.0194670550
0.0114158720
0.0107020000
0.0103201300
0.0099905960
0.0096588320
0.0096482160
0.0095465590
0.0095351720
0.0095021510
0.0164878920
0.0098857010
0.0094146810
0.0091314840
0.0089950810
0.0088680630
0.0089132670
0.0088379100
0.0089325420
0.0088829940
0.0192525340
0.0108880040
0.0102340020
0.0097619200
0.0095910350
0.0094976760
0.0094621710
0.0094997960
0.0094587530
0.0094767720
0.0190797300
0.0105939470
0.0101847680
0.0099744410
0.0101197270
0.0100081660
0.0100004480
0.0100102970
0.0099587330
0.0099848090
0.0187410590
0.0097552790
0.0093661020
0.0091881630
0.0090959940
0.0090844590
0.0090219920
0.0090387540
0.0090409600
0.0090193430
0.0192839350
0.0114866190
0.0106210380
0.0100492410
0.0097792750
0.0095427840
0.0094842450
0.0095514950
0.0095125540
0.0095161620
