0.0000983190
0.0000277440
0.0000265620
0.0000276430
0.0000272100
0.0000269650
0.0000273840
0.0000269400
0.0000260670
0.0000240860
0.0000706900
0.0000274770
0.0000266270
0.0000276750
0.0000269000
0.0000300260
0.0000271430
0.0000267390
0.0000265780
0.0000260770
0.0000760460
0.0000282330
0.0000271450
0.0000274860
0.0000260760
0.0000260950
0.0000286620
0.0000258740
0.0000259180
0.0000259960
0.0000745450
0.0000277770
0.0000270490
0.0000277450
0.0000284930
0.0000260420
0.0000264130
0.0000258260
0.0000282320
0.0000260520
0.0000782590
0.0000283740
0.0000272380
0.0000282910
0.0000295770
0.0000240820
0.0000246460
0.0000239250
0.0000273030
0.0000241380
0.0001031400
0.0000282080
0.0000272610
0.0000279300
0.0000271660
0.0000275150
0.0000280250
0.0000278190
0.0000239220
0.0000240340
0.0001044840
0.0000281880
0.0000273270
0.0000320840
0.0000278660
0.0000277280
0.0000265250
0.0000239010
0.0000237960
0.0000240500
0.0000734250
0.0000276250
0.0000265460
0.0000283180
0.0000274660
0.0000241750
0.0000246210
0.0000239430
0.0000239130
0.0000241020
0.0001029500
0.0000282030
0.0000273150
0.0000281290
0.0000273430
0.0000275900
0.0000279340
0.0000275740
0.0000260010
0.0000240320
0.0000727280
0.0000274820
0.0000264820
0.0000281600
0.0000276880
0.0000276210
0.0000280700
0.0000274900
0.0000273230
0.0000257600
