0.0000030510
0.0000020950
0.0000031360
0.0000030700
0.0000031170
0.0000024030
0.0000014570
0.0000015470
0.0000014850
0.0000020190
0.0000029930
0.0000021110
0.0000030470
0.0000030830
0.0000030260
0.0000015040
0.0000014510
0.0000015530
0.0000014580
0.0000015650
0.0000030310
0.0000020740
0.0000030150
0.0000030650
0.0000030890
0.0000014950
0.0000014650
0.0000016200
0.0000014150
0.0000030060
0.0000035740
0.0000021830
0.0000031610
0.0000030300
0.0000031070
0.0000023200
0.0000014420
0.0000015940
0.0000015010
0.0000016250
0.0000030030
0.0000020890
0.0000031040
0.0000030390
0.0000030530
0.0000014920
0.0000014440
0.0000015200
0.0000014350
0.0000019440
0.0000032330
0.0000021400
0.0000033280
0.0000031170
0.0000031090
0.0000028280
0.0000014840
0.0000015440
0.0000014350
0.0000029800
0.0000033460
0.0000021590
0.0000031350
0.0000032000
0.0000030350
0.0000017570
0.0000015240
0.0000016120
0.0000013880
0.0000018780
0.0000029710
0.0000021400
0.0000018920
0.0000019040
0.0000019200
0.0000014420
0.0000014160
0.0000015100
0.0000014160
0.0000015310
0.0000030050
0.0000020700
0.0000018960
0.0000018650
0.0000018610
0.0000014170
0.0000013800
0.0000015970
0.0000013830
0.0000015170
0.0000029390
0.0000021830
0.0000018930
0.0000019010
0.0000018670
0.0000014060
0.0000013980
0.0000015250
0.0000014270
0.0000016780
