0.0048619930
0.0000431080
0.0000388930
0.0000385040
0.0000380350
0.0000408100
0.0000424440
0.0000422530
0.0000459890
0.0000443690
0.0048585640
0.0000352350
0.0000331120
0.0000320810
0.0000317310
0.0000319840
0.0000308590
0.0000320660
0.0000322300
0.0000311930
0.0052317110
0.0000375530
0.0000336040
0.0000342730
0.0000339620
0.0000347640
0.0000337830
0.0000343330
0.0000336980
0.0000339500
0.0051073690
0.0000365040
0.0000329670
0.0000330100
0.0000318620
0.0000314370
0.0000311390
0.0000317090
0.0000331200
0.0000323610
0.0053643150
0.0000479950
0.0000435680
0.0000418160
0.0000480070
0.0000480660
0.0000442510
0.0000454920
0.0000449250
0.0000426200
