0.0049067530
0.0000264510
0.0000295510
0.0000290450
0.0000294400
0.0000291220
0.0000289350
0.0000290260
0.0000288720
0.0000321000
0.0049134310
0.0000289690
0.0000315270
0.0000307530
0.0000309630
0.0000311990
0.0000312740
0.0000313030
0.0000304070
0.0000265580
0.0048690790
0.0000323280
0.0000301140
0.0000298480
0.0000294070
0.0000294240
0.0000295190
0.0000334550
0.0000271160
0.0000299080
0.0056221070
0.0000321270
0.0000289500
0.0000284530
0.0000283390
0.0000347160
0.0000293740
0.0000293530
0.0000288060
0.0000292020
0.0049767370
0.0000270360
0.0000303600
0.0000342910
0.0000307160
0.0000307970
0.0000304440
0.0000307130
0.0000303820
0.0000306580
