0.0052524560
0.0002605150
0.0002592780
0.0002577390
0.0002629390
0.0002575900
0.0002567260
0.0002596890
0.0002581870
0.0002634530
0.0055982120
0.0002738840
0.0002746750
0.0002691010
0.0002685410
0.0002717410
0.0002702100
0.0002704460
0.0002738870
0.0002701990
0.0050449400
0.0002691290
0.0002679040
0.0002659570
0.0002654400
0.0002747550
0.0002631440
0.0002605710
0.0002651930
0.0002684340
0.0050214810
0.0002612590
0.0002579370
0.0002587350
0.0002551670
0.0002573580
0.0002571230
0.0002564390
0.0002765290
0.0002731530
0.0051486790
0.0002598130
0.0002584950
0.0002568660
0.0002547660
0.0002551500
0.0002547530
0.0002543960
0.0002555020
0.0002562590
