0.0041017190
0.0002000740
0.0001983520
0.0001960820
0.0001973460
0.0001968300
0.0001990650
0.0002028630
0.0001969010
0.0001980560
0.0039619920
0.0001951180
0.0001989500
0.0001959240
0.0001957010
0.0001952110
0.0001955400
0.0001978480
0.0001951590
0.0002038190
0.0039483750
0.0001990770
0.0001979310
0.0001974240
0.0001993260
0.0001968170
0.0001967660
0.0001967230
0.0001955690
0.0001984320
0.0039618450
0.0001991170
0.0001985370
0.0001965130
0.0001983990
0.0001953550
0.0001981530
0.0001973620
0.0001976770
0.0001969020
0.0039778420
0.0001994580
0.0001953650
0.0001939850
0.0001960310
0.0001954510
0.0001962590
0.0001952320
0.0001981290
0.0001948820
