0.0039427660
0.0001165190
0.0001114450
0.0001109800
0.0001090440
0.0001102970
0.0001100950
0.0001086880
0.0001110050
0.0001095580
0.0039201190
0.0001158380
0.0001103970
0.0001093390
0.0001095250
0.0001143150
0.0001095510
0.0001134920
0.0001093580
0.0001096620
0.0039332890
0.0001116150
0.0001108040
0.0001102070
0.0001089910
0.0001113150
0.0001107910
0.0001094580
0.0001119470
0.0001108840
0.0039126380
0.0001121260
0.0001145350
0.0001097570
0.0001095630
0.0001084250
0.0001130040
0.0001137500
0.0001133030
0.0001138580
0.0039551620
0.0001107420
0.0001143610
0.0001090530
0.0001132410
0.0001089460
0.0001089880
0.0001125270
0.0001107470
0.0001101660
