0.0050933640
0.0013815120
0.0013774450
0.0013850590
0.0013830790
0.0013782160
0.0013840270
0.0013763080
0.0013838260
0.0013789510
0.0051369130
0.0013799250
0.0013776910
0.0013805310
0.0013820460
0.0013840120
0.0013849400
0.0013801290
0.0013831250
0.0013945580
0.0051205780
0.0013789700
0.0013781850
0.0013776560
0.0013797520
0.0013791980
0.0013805080
0.0013928770
0.0013806240
0.0013798140
0.0051033570
0.0013833540
0.0013790890
0.0013794570
0.0013781170
0.0013810990
0.0013779620
0.0013835740
0.0013846380
0.0013815710
0.0051350270
0.0013796770
0.0013809300
0.0013807910
0.0013783570
0.0013806820
0.0013794100
0.0013796500
0.0013831680
0.0013844630
