0.0060962210
0.0009489560
0.0009448780
0.0011269700
0.0009479390
0.0009456100
0.0009539940
0.0009534660
0.0009465260
0.0009529270
0.0065167740
0.0009563860
0.0009536630
0.0009533810
0.0009573970
0.0009486650
0.0009485060
0.0009513930
0.0009505860
0.0009563460
0.0057616930
0.0009508860
0.0009529040
0.0009483890
0.0009476550
0.0009471230
0.0009448170
0.0009507640
0.0009504370
0.0009484270
0.0058123410
0.0009388530
0.0009368800
0.0009393110
0.0009597740
0.0009536310
0.0009494900
0.0009409980
0.0009418780
0.0009516460
0.0155110810
0.0017502300
0.0013222640
0.0014136330
0.0013796210
0.0014206490
0.0009854030
0.0009870820
0.0013938960
0.0018977130
