0.0051466280
0.0000412110
0.0000327140
0.0000333950
0.0000329260
0.0000331890
0.0000331540
0.0000334080
0.0000337460
0.0000333890
0.0056484730
0.0000370190
0.0000346470
0.0000344550
0.0000339300
0.0000341410
0.0000351670
0.0000349850
0.0000346630
0.0000349930
0.0057692800
0.0000375680
0.0000326280
0.0000318870
0.0000310990
0.0000309190
0.0000300780
0.0000293840
0.0000286030
0.0000322320
0.0049291020
0.0000349350
0.0000310610
0.0000305950
0.0000306130
0.0000310430
0.0000309280
0.0000306690
0.0000302610
0.0000306280
0.0052017910
0.0000344160
0.0000331050
0.0000322540
0.0000318430
0.0000327820
0.0000324160
0.0000326080
0.0000323380
0.0000325140
