0.5504997750
0.0003732470
0.0003700580
0.0003668370
0.0003668400
0.0003643480
0.0003663400
0.0003675850
0.0003692940
0.0003702160
0.0041463080
0.0003672380
0.0003680900
0.0003661610
0.0003659020
0.0003660210
0.0003647580
0.0003661970
0.0003677700
0.0003682260
0.0041325410
0.0003679990
0.0003643140
0.0003654260
0.0003670680
0.0003675370
0.0003646780
0.0003662890
0.0003663050
0.0003649960
0.0041200360
0.0003669810
0.0003638550
0.0003669470
0.0003659740
0.0003654230
0.0003648960
0.0003645940
0.0003660770
0.0003651570
0.0042680750
0.0003686740
0.0003664130
0.0003674240
0.0003670710
0.0003637520
0.0003636610
0.0003658750
0.0003673630
0.0003666710
