0.0066483820
0.0027532350
0.0028166690
0.0027476830
0.0027496440
0.0027769630
0.0027479940
0.0027477080
0.0027513090
0.0027479730
0.0066237270
0.0027559370
0.0027473630
0.0027470840
0.0027610970
0.0027498050
0.0027692360
0.0027759250
0.0027768480
0.0027484060
0.0065618060
0.0027689770
0.0027494510
0.0027460620
0.0027529060
0.0027605000
0.0027698790
0.0027467920
0.0027606710
0.0027462750
0.0065525960
0.0027540790
0.0027713780
0.0027560630
0.0027496630
0.0027482120
0.0027665390
0.0027598840
0.0027802110
0.0027511700
0.0065065440
0.0027468030
0.0027490740
0.0027469310
0.0027529790
0.0027625610
0.0027487400
0.0027526390
0.0027593860
0.0027479300
