0.0038866650
0.0000298760
0.0000267640
0.0000265960
0.0000263430
0.0000263520
0.0000263140
0.0000261290
0.0000259200
0.0000264130
0.0038486270
0.0000291980
0.0000267340
0.0000263950
0.0000262490
0.0000266440
0.0000266250
0.0000265840
0.0000265180
0.0000265540
0.0038668860
0.0000297460
0.0000268630
0.0000266740
0.0000262700
0.0000262160
0.0000262630
0.0000260510
0.0000259470
0.0000264620
0.0038503900
0.0000286820
0.0000267600
0.0000264940
0.0000265510
0.0000261080
0.0000261510
0.0000262300
0.0000261830
0.0000263120
0.0038173380
0.0000293960
0.0000268040
0.0000267000
0.0000263650
0.0000263220
0.0000262600
0.0000262270
0.0000259470
0.0000263170
