0.0089119090
0.0038348010
0.0039088580
0.0038326360
0.0038429570
0.0038071490
0.0038802340
0.0039064600
0.0039195590
0.0039165970
0.0087532840
0.0039669500
0.0039462820
0.0037784030
0.0038921900
0.0039618670
0.0039039500
0.0039339920
0.0038964920
0.0038894330
0.0084252020
0.0038410820
0.0037931580
0.0039604360
0.0038117340
0.0046834170
0.0047109040
0.0042160960
0.0053016540
0.0055555100
0.0091053800
0.0038801830
0.0042221730
0.0041298610
0.0046175480
0.0039033790
0.0039240940
0.0039624640
0.0039199560
0.0039438280
0.0086922720
0.0039680740
0.0039895790
0.0039099130
0.0038959170
0.0039105640
0.0038674630
0.0039565440
0.0068113380
0.0040871550
