0.0039196120
0.0000687730
0.0000685170
0.0000679200
0.0000669420
0.0000669090
0.0000662500
0.0000715080
0.0000666110
0.0000675430
0.0040218600
0.0000713690
0.0000710330
0.0000696780
0.0000691780
0.0000692490
0.0000703330
0.0000726920
0.0000727630
0.0000674300
0.0040435940
0.0000698610
0.0000685870
0.0000669660
0.0000670430
0.0000676280
0.0000664870
0.0000666530
0.0000666520
0.0000664260
0.0038913060
0.0000686380
0.0000678830
0.0000664230
0.0000715130
0.0000665230
0.0000668670
0.0000677070
0.0000833820
0.0000662260
0.0038855750
0.0000690710
0.0000677300
0.0000675930
0.0000686410
0.0000673470
0.0000662400
0.0000722190
0.0000676000
0.0000679800
