0.0136636350
0.0080267430
0.0079503720
0.0079260810
0.0082017420
0.0079763860
0.0079397520
0.0075422010
0.0076080850
0.0075585230
0.0125519720
0.0082537690
0.0082303490
0.0079103870
0.0077586620
0.0075895350
0.0076371210
0.0076906390
0.0078621960
0.0078351280
0.0203462220
0.0097512090
0.0079142420
0.0107383920
0.0099133260
0.0078297670
0.0081788560
0.0081940260
0.0108578380
0.0077854550
0.0129963200
0.0100883690
0.0079495280
0.0077595270
0.0079068880
0.0112233260
0.0078239900
0.0076556620
0.0075923780
0.0076758680
0.0131124650
0.0078277950
0.0076497670
0.0075619610
0.0075084190
0.0078450850
0.0098398920
0.0096946510
0.0099274450
0.0087005550
