0.0048114920
0.0000543300
0.0000503670
0.0000495890
0.0000495510
0.0000487380
0.0000487400
0.0000490360
0.0000495130
0.0000487260
0.0038372370
0.0000487140
0.0000472700
0.0000457420
0.0000531970
0.0000457620
0.0000457480
0.0000474330
0.0000458990
0.0000468460
0.0038914190
0.0000485930
0.0000464810
0.0000461160
0.0000473320
0.0000455880
0.0000456040
0.0000457400
0.0000472580
0.0000455360
0.0038713800
0.0000651570
0.0000473660
0.0000455940
0.0000460690
0.0000464420
0.0000461320
0.0000453840
0.0000463220
0.0000457470
0.0039141860
0.0000497070
0.0000484430
0.0000463440
0.0000470510
0.0000467630
0.0000461190
0.0000463500
0.0000484590
0.0000470430
