0.0048176320
0.0001455940
0.0001428780
0.0001419360
0.0001413420
0.0001432890
0.0001413780
0.0001414240
0.0001437480
0.0001437670
0.0051609010
0.0001449610
0.0001440320
0.0001436470
0.0001430500
0.0001429880
0.0001424180
0.0001428150
0.0001435610
0.0001427790
0.0054044940
0.0001528480
0.0001523820
0.0001465710
0.0001476070
0.0001462920
0.0001461510
0.0001448850
0.0001460860
0.0001472040
0.0090880260
0.0002106480
0.0002003180
0.0002077890
0.0002141330
0.0002146150
0.0002562690
0.0002289050
0.0002065090
0.0002295600
