0.0038629120
0.0000304240
0.0000292620
0.0000284500
0.0000282910
0.0000279160
0.0000282670
0.0000281700
0.0000282180
0.0000280660
0.0038636480
0.0000308080
0.0000285490
0.0000274090
0.0000284520
0.0000278840
0.0000279550
0.0000280070
0.0000281600
0.0000279910
0.0038047970
0.0000303430
0.0000286330
0.0000277460
0.0000281540
0.0000282700
0.0000285010
0.0000282240
0.0000279630
0.0000282210
0.0040209080
0.0000300000
0.0000286530
0.0000277200
0.0000281100
0.0000271420
0.0000280590
0.0000277070
0.0000280030
0.0000277970
0.0038740480
0.0000303040
0.0000283490
0.0000275030
0.0000280900
0.0000282530
0.0000283300
0.0000279010
0.0000279100
0.0000281230
