0.0052417740
0.0000395790
0.0000384920
0.0000374000
0.0000360230
0.0000367680
0.0000361910
0.0000363930
0.0000367480
0.0000365400
0.0047963260
0.0000372490
0.0000372860
0.0000366010
0.0000366280
0.0000375930
0.0000366330
0.0000368210
0.0000365690
0.0000363240
0.0053859800
0.0000581310
0.0000567710
0.0000447920
0.0000482080
0.0000412270
0.0000439760
0.0000413140
0.0000388250
0.0000482370
0.0089305850
0.0000794210
0.0000824490
0.0000772860
0.0000639690
0.0000549020
0.0000602080
0.0000522430
0.0000550990
0.0000564400
0.0047786130
0.0000362770
0.0000377450
0.0000367740
0.0000364350
0.0000388780
0.0000379550
0.0000377520
0.0000375190
0.0000372140
