0.0082878610
0.0005153660
0.0005253570
0.0005024100
0.0005069990
0.0005179950
0.0005073110
0.0004999820
0.0004870580
0.0004851600
0.0053781860
0.0005021120
0.0005027810
0.0005018210
0.0004995500
0.0005023330
0.0005022960
0.0005042090
0.0005008920
0.0004997970
0.0058392330
0.0005180020
0.0005024920
0.0005001650
0.0004968260
0.0005027630
0.0005047690
0.0005031600
0.0005012120
0.0005073990
0.0071056240
0.0004925000
0.0004913740
0.0004856180
0.0004875400
0.0005258580
0.0005043460
0.0005071100
0.0005054690
0.0005037390
0.0059571780
0.0005005320
0.0004972390
0.0004835040
0.0004991130
0.0004884570
0.0004941510
0.0005014720
0.0005121320
0.0005050070
