0.0044606330
0.0007051530
0.0007038210
0.0007032500
0.0007040720
0.0007054140
0.0007058200
0.0007023340
0.0007050430
0.0007049490
0.0045192780
0.0007071770
0.0007032170
0.0007035480
0.0007065020
0.0007049400
0.0007035180
0.0007058040
0.0007079450
0.0007049050
0.0053963800
0.0007148060
0.0007095140
0.0007107740
0.0007117850
0.0007064880
0.0007155620
0.0007134400
0.0007152630
0.0007101800
0.0044745330
0.0007060110
0.0007062890
0.0007019630
0.0007060510
0.0007042640
0.0007063260
0.0007044240
0.0007085640
0.0007054950
0.0044523960
0.0007036000
0.0007028490
0.0007053610
0.0007076600
0.0007074420
0.0007066050
0.0007031550
0.0007061100
0.0007044720
