0.0046071440
0.0000591990
0.0000516960
0.0000426640
0.0000416640
0.0000419220
0.0000417730
0.0000395990
0.0000425910
0.0000421550
0.0091227130
0.0094559510
0.0013655940
0.0000989640
0.0000947320
0.0001201050
0.0001027480
0.0001010530
0.0000978150
0.0000985290
0.0064794100
0.0000532940
0.0000506300
0.0000504890
0.0000503610
0.0000501250
0.0000499200
0.0000501620
0.0000495420
0.0000497340
0.0050832100
0.0000598390
0.0000569390
0.0000582760
0.0000666820
0.0000581830
0.0000573170
0.0000580920
0.0000525470
0.0000555240
0.0056951810
0.0000602330
0.0000578020
0.0000485410
0.0000629690
0.0000574530
0.0000528370
0.0000504770
0.0000520810
0.0000585400
