0.0046995730
0.0000858240
0.0000869430
0.0000865600
0.0000907900
0.0000915300
0.0000871810
0.0000871350
0.0000880490
0.0000871130
0.0048393360
0.0000876130
0.0000844050
0.0000844090
0.0000963960
0.0000849350
0.0000829930
0.0000827220
0.0000841570
0.0000860880
0.0049851650
0.0001006700
0.0000993170
0.0001005700
0.0000987700
0.0000963040
0.0000910450
0.0000943020
0.0000973560
0.0000967760
0.0055286590
0.0000920090
0.0000931740
0.0000917720
0.0000927630
0.0000920300
0.0000915710
0.0000922910
0.0000922440
0.0000927180
0.0048780920
0.0000899600
0.0000870480
0.0000901810
0.0000868480
0.0000880180
0.0000878150
0.0000867220
0.0000861160
0.0000857130
