0.0038791750
0.0000291550
0.0000266790
0.0000264560
0.0000267750
0.0000273800
0.0000267840
0.0000266900
0.0000261780
0.0000263860
0.0039633950
0.0000311330
0.0000277230
0.0000275250
0.0000274310
0.0000272370
0.0000273540
0.0000269560
0.0000271100
0.0000273630
0.0038715930
0.0000287340
0.0000270040
0.0000264560
0.0000267650
0.0000265350
0.0000257140
0.0000263820
0.0000263790
0.0000261990
0.0038571680
0.0000290150
0.0000270060
0.0000264540
0.0000262740
0.0000263580
0.0000261440
0.0000262810
0.0000263060
0.0000267670
0.0038839230
0.0000288360
0.0000270170
0.0000266450
0.0000260900
0.0000263710
0.0000329730
0.0000261070
0.0000260530
0.0000261810
