0.0091547330
0.0054462340
0.0054413040
0.0054445560
0.0054453760
0.0054455490
0.0054501700
0.0054450100
0.0054550950
0.0054453630
0.0091820620
0.0054620720
0.0054440850
0.0054529510
0.0054491970
0.0054444840
0.0054462640
0.0054448090
0.0054475360
0.0054472420
0.0091717540
0.0054461800
0.0054445030
0.0054437650
0.0054488240
0.0054445150
0.0054432700
0.0054428280
0.0054451180
0.0054483080
0.0092725200
0.0054455250
0.0054458520
0.0054579180
0.0054460950
0.0054434340
0.0054447520
0.0054453640
0.0054451160
0.0054457220
0.0091768530
0.0054470140
0.0054453010
0.0054438830
0.0054452800
0.0054430690
0.0054463190
0.0054444830
0.0054441040
0.0054452430
