0.0038605150
0.0000369530
0.0000354310
0.0000340070
0.0000339840
0.0000337590
0.0000343420
0.0000339500
0.0000341480
0.0000337150
0.0038413140
0.0000374540
0.0000352180
0.0000343690
0.0000339150
0.0000337840
0.0000344990
0.0000339640
0.0000337740
0.0000351690
0.0038739740
0.0000370830
0.0000356790
0.0000344700
0.0000342930
0.0000340560
0.0000341610
0.0000340060
0.0000337230
0.0000369350
0.0040077400
0.0000364390
0.0000354630
0.0000340880
0.0000335990
0.0000335170
0.0000339810
0.0000340260
0.0000337640
0.0000338970
0.0039403520
0.0000380140
0.0000358140
0.0000355530
0.0000351060
0.0000349170
0.0000354530
0.0000350350
0.0000349100
0.0000346810
