0.0038569940
0.0000294450
0.0000268120
0.0000264920
0.0000264060
0.0000262120
0.0000263060
0.0000262150
0.0000263360
0.0000264260
0.0047693730
0.0000368250
0.0000335100
0.0000337950
0.0000327410
0.0000329970
0.0000335250
0.0000326970
0.0000327860
0.0000327080
0.0038549230
0.0000288290
0.0000267670
0.0000265210
0.0000266090
0.0000265530
0.0000309240
0.0000262030
0.0000260320
0.0000262010
0.0040292630
0.0000306800
0.0000285370
0.0000274450
0.0000275090
0.0000273980
0.0000273040
0.0000270380
0.0000268920
0.0000271740
0.0038439690
0.0000297780
0.0000266730
0.0000264110
0.0000263190
0.0000260170
0.0000260060
0.0000273480
0.0000260480
0.0000261170
