0.0039489390
0.0000302900
0.0000234230
0.0000274890
0.0000273410
0.0000273320
0.0000272580
0.0000271080
0.0000270620
0.0000271520
0.0038711410
0.0000238700
0.0000269250
0.0000264500
0.0000264140
0.0000263770
0.0000263130
0.0000261520
0.0000261650
0.0000263110
0.0038742960
0.0000286770
0.0000271090
0.0000269310
0.0000262350
0.0000266480
0.0000263280
0.0000261050
0.0000260710
0.0000261830
0.0039227680
0.0000236110
0.0000271840
0.0000263870
0.0000262300
0.0000264580
0.0000351910
0.0000261870
0.0000258810
0.0000260990
0.0047623310
0.0000305930
0.0000280230
0.0000286870
0.0000265670
0.0000271470
0.0000266150
0.0000259150
0.0000265830
0.0000260850
