0.0051882430
0.0000798120
0.0000725840
0.0000630360
0.0000668580
0.0000689360
0.0000754700
0.0000708830
0.0000706720
0.0000681440
0.0051978800
0.0000682500
0.0000632490
0.0000634200
0.0000638850
0.0000648130
0.0000643740
0.0000626310
0.0000606180
0.0000623060
0.0051103120
0.0000635650
0.0000609620
0.0000571580
0.0000574060
0.0000625850
0.0000568740
0.0000558190
0.0000609290
0.0000562280
0.0048541250
0.0000626400
0.0000592470
0.0000574610
0.0000587960
0.0000586120
0.0000590980
0.0000575160
0.0000578190
0.0000590270
0.0084473610
0.0000985110
0.0001011180
0.0000987970
0.0001006500
0.0001048610
0.0000771430
0.0000851860
0.0000871250
0.0000793510
