0.0069280760
0.0018549310
0.0018448990
0.0018414480
0.0018460290
0.0018452470
0.0018549040
0.0018492790
0.0018445930
0.0018434340
0.0077011410
0.0018813100
0.0026866840
0.0018491320
0.0018463560
0.0018292450
0.0018275570
0.0019646350
0.0018426860
0.0018644830
0.0066877550
0.0018500470
0.0018452540
0.0018466030
0.0018425920
0.0019133240
0.0018412930
0.0018475680
0.0018470500
0.0018430470
0.0069714690
0.0018564210
0.0018430330
0.0018352500
0.0018447510
0.0018381470
0.0020021160
0.0018583740
0.0018574120
0.0018578100
0.0075920800
0.0018413900
0.0018377400
0.0018354400
0.0018404270
0.0018455430
0.0018367180
0.0018313040
0.0018482500
0.0018564140
