0.6204793290
0.0000330340
0.0000290890
0.0000287270
0.0000293810
0.0000294660
0.0000288040
0.0000291480
0.0000292260
0.0000297380
0.0061676010
0.0000375850
0.0000345420
0.0000365750
0.0000361160
0.0000334870
0.0000352620
0.0000354160
0.0000337710
0.0000364240
0.0052319780
0.0000376420
0.0000335020
0.0000339940
0.0000343560
0.0000340660
0.0000342150
0.0000341300
0.0000341320
0.0000337700
0.0053074580
0.0000423640
0.0000357750
0.0000380100
0.0000362570
0.0000372740
0.0000371440
0.0000297290
0.0000294420
0.0000288620
0.0090101820
0.0000810410
0.0000864700
0.0000848440
0.0000614360
0.0000514500
0.0000700020
0.0000644220
0.0000617670
0.0000644600
