0.0000014830
0.0000008370
0.0000008030
0.0000009020
0.0000008220
0.0000007690
0.0000005880
0.0000005980
0.0000005560
0.0000007200
0.0000034560
0.0000011190
0.0000009790
0.0000011150
0.0000010130
0.0000009720
0.0000007820
0.0000007470
0.0000006910
0.0000008960
0.0000015440
0.0000010380
0.0000008850
0.0000010650
0.0000009800
0.0000009720
0.0000007450
0.0000007360
0.0000007170
0.0000008710
0.0000019620
0.0000010790
0.0000008470
0.0000009910
0.0000008220
0.0000007910
0.0000007940
0.0000006840
0.0000005900
0.0000007580
0.0000013840
0.0000008490
0.0000007700
0.0000009200
0.0000008180
0.0000007860
0.0000006090
0.0000007130
0.0000005810
0.0000007460
0.0000022940
0.0000009800
0.0000009120
0.0000013360
0.0000014520
0.0000009190
0.0000009410
0.0000007610
0.0000006300
0.0000008910
0.0000019590
0.0000014750
0.0000014060
0.0000012820
0.0000010190
0.0000009410
0.0000008440
0.0000008150
0.0000007470
0.0000009130
0.0000015200
0.0000009220
0.0000007620
0.0000009140
0.0000008150
0.0000007780
0.0000006300
0.0000007100
0.0000005760
0.0000007350
0.0000019240
0.0000015410
0.0000014470
0.0000011580
0.0000009170
0.0000008660
0.0000007050
0.0000006870
0.0000006670
0.0000008830
0.0000019410
0.0000014970
0.0000009300
0.0000009770
0.0000009810
0.0000009370
0.0000007370
0.0000007320
0.0000006870
0.0000008580
0.0000019780
0.0000010330
0.0000009880
0.0000011010
0.0000010150
0.0000009300
0.0000009750
0.0000006920
0.0000006850
0.0000008760
0.0000018130
0.0000011350
0.0000009700
0.0000010890
0.0000009320
0.0000009760
0.0000007330
0.0000007460
0.0000007480
0.0000009120
0.0000018120
0.0000014980
0.0000009150
0.0000011140
0.0000009430
0.0000009350
0.0000007440
0.0000011410
0.0000006740
0.0000008570
0.0000015770
0.0000009770
0.0000009560
0.0000010720
0.0000009210
0.0000009240
0.0000006980
0.0000007390
0.0000006540
0.0000009090
0.0000019310
0.0000009810
0.0000008950
0.0000010460
0.0000009050
0.0000009140
0.0000007170
0.0000006520
0.0000006430
0.0000008610
0.0000018360
0.0000014570
0.0000014560
0.0000016230
0.0000009490
0.0000009360
0.0000007270
0.0000007150
0.0000006780
0.0000008610
0.0000018310
0.0000014420
0.0000014590
0.0000016150
0.0000009310
0.0000008790
0.0000006850
0.0000006600
0.0000006830
0.0000008350
0.0000028940
0.0000011550
0.0000009710
0.0000010500
0.0000010490
0.0000009440
0.0000007670
0.0000007670
0.0000006400
0.0000008960
0.0000019530
0.0000015300
0.0000012160
0.0000010550
0.0000009580
0.0000009580
0.0000007020
0.0000007230
0.0000006690
0.0000008900
0.0000017620
0.0000014160
0.0000014490
0.0000015250
0.0000009130
0.0000009070
0.0000006760
0.0000006620
0.0000006440
0.0000008780
