0.0000014180
0.0000008160
0.0000009320
0.0000010000
0.0000008260
0.0000008200
0.0000007420
0.0000006580
0.0000005690
0.0000007660
0.0000021140
0.0000013600
0.0000013260
0.0000031670
0.0000008920
0.0000008630
0.0000007440
0.0000006910
0.0000006580
0.0000008030
0.0000012000
0.0000009080
0.0000011930
0.0000009860
0.0000007890
0.0000007800
0.0000007030
0.0000006730
0.0000006050
0.0000007580
0.0000010140
0.0000006670
0.0000006260
0.0000007310
0.0000006420
0.0000006130
0.0000004930
0.0000004470
0.0000004310
0.0000005080
0.0000014620
0.0000007370
0.0000007210
0.0000008920
0.0000006830
0.0000006610
0.0000005050
0.0000006550
0.0000004280
0.0000006350
0.0000012360
0.0000008560
0.0000006710
0.0000007510
0.0000006010
0.0000005950
0.0000008180
0.0000006790
0.0000003940
0.0000005340
0.0000018070
0.0000008780
0.0000006180
0.0000007460
0.0000005930
0.0000005580
0.0000005770
0.0000005190
0.0000003670
0.0000005390
0.0000016720
0.0000050980
0.0000015920
0.0000013630
0.0000009560
0.0000006830
0.0000013730
0.0000007200
0.0000004750
0.0000006110
0.0000014290
0.0000009920
0.0000009220
0.0000010590
0.0000006640
0.0000006750
0.0000005120
0.0000005000
0.0000004930
0.0000006530
0.0000013940
0.0000009180
0.0000007390
0.0000008840
0.0000006980
0.0000006480
0.0000005800
0.0000007610
0.0000004690
0.0000005910
0.0000012820
0.0000007310
0.0000006400
0.0000012310
0.0000005780
0.0000005870
0.0000012160
0.0000004330
0.0000003980
0.0000004860
0.0000015150
0.0000009340
0.0000009110
0.0000010360
0.0000006300
0.0000005960
0.0000005010
0.0000004570
0.0000003860
0.0000005430
0.0000013080
0.0000011000
0.0000009910
0.0000011480
0.0000009930
0.0000009900
0.0000008110
0.0000007570
0.0000007670
0.0000009050
0.0000014970
0.0000008440
0.0000007430
0.0000009230
0.0000007200
0.0000007030
0.0000005380
0.0000005170
0.0000004820
0.0000006210
0.0000014050
0.0000017980
0.0000007580
0.0000009120
0.0000006910
0.0000006940
0.0000007690
0.0000004730
0.0000004610
0.0000006830
0.0000012260
0.0000007350
0.0000007650
0.0000008580
0.0000007070
0.0000006530
0.0000005880
0.0000005350
0.0000004400
0.0000006050
0.0000012340
0.0000009210
0.0000007670
0.0000009070
0.0000007810
0.0000007200
0.0000005310
0.0000005400
0.0000004770
0.0000006570
0.0000016650
0.0000009380
0.0000008940
0.0000009560
0.0000008370
0.0000008070
0.0000006770
0.0000006260
0.0000005320
0.0000007420
0.0000013920
0.0000008430
0.0000007230
0.0000008110
0.0000006780
0.0000006660
0.0000005440
0.0000004740
0.0000004230
0.0000006300
0.0000019090
0.0000008320
0.0000009020
0.0000013850
0.0000007680
0.0000007320
0.0000006350
0.0000006530
0.0000004830
0.0000006670
