0.0000426460
0.0000062140
0.0000057780
0.0000055160
0.0000060700
0.0000060140
0.0000054800
0.0000051790
0.0000055870
0.0000056250
0.0000373300
0.0000073230
0.0000058570
0.0000057670
0.0000054030
0.0000058360
0.0000050870
0.0000052500
0.0000054920
0.0000052450
0.0000377980
0.0000069410
0.0000068440
0.0000068010
0.0000065940
0.0000067370
0.0000060380
0.0000060860
0.0000064970
0.0000062710
0.0000363550
0.0000065950
0.0000064550
0.0000054620
0.0000062310
0.0000060520
0.0000055780
0.0000059230
0.0000067010
0.0000059010
0.0000429550
0.0000071320
0.0000061020
0.0000055120
0.0000055510
0.0000057850
0.0000051540
0.0000053600
0.0000059900
0.0000052860
0.0000566240
0.0000079770
0.0000065600
0.0000059800
0.0000061250
0.0000067010
0.0000058920
0.0000060290
0.0000061870
0.0000060480
0.0000331120
0.0000064350
0.0000058680
0.0000053830
0.0000053900
0.0000060520
0.0000050400
0.0000053410
0.0000055080
0.0000051630
0.0000363150
0.0000060490
0.0000059590
0.0000055310
0.0000057370
0.0000060210
0.0000052050
0.0000053620
0.0000062110
0.0000052600
0.0000371780
0.0000066190
0.0000065540
0.0000060080
0.0000059820
0.0000064480
0.0000058370
0.0000057920
0.0000061650
0.0000057960
0.0000410200
0.0000071370
0.0000149030
0.0000071660
0.0000066200
0.0000072660
0.0000061270
0.0000063540
0.0000066690
0.0000064730
0.0000434040
0.0000072060
0.0000079990
0.0000064980
0.0000066340
0.0000074560
0.0000063440
0.0000069970
0.0000070620
0.0000067150
0.0000388910
0.0000069760
0.0000069980
0.0000063780
0.0000064260
0.0000069640
0.0000060450
0.0000063080
0.0000066010
0.0000063020
0.0000436570
0.0000073670
0.0000072720
0.0000065250
0.0000065820
0.0000070440
0.0000062840
0.0000065290
0.0000069960
0.0000063150
0.0000476900
0.0000080570
0.0000068300
0.0000062940
0.0000062910
0.0000067870
0.0000061250
0.0000061620
0.0000066970
0.0000061630
0.0000424870
0.0000073870
0.0000075690
0.0000066160
0.0000066580
0.0000070340
0.0000063660
0.0000067890
0.0000067100
0.0000066320
0.0000364020
0.0000070150
0.0000069850
0.0000064110
0.0000064320
0.0000068760
0.0000059340
0.0000060300
0.0000064260
0.0000061270
0.0000380430
0.0000066970
0.0000066700
0.0000061180
0.0000061620
0.0000066880
0.0000058130
0.0000060400
0.0000063010
0.0000059720
0.0000318230
0.0000068200
0.0000066430
0.0000061010
0.0000061030
0.0000066370
0.0000057400
0.0000059660
0.0000063250
0.0000059740
0.0000335780
0.0000070850
0.0000067270
0.0000064590
0.0000061990
0.0000068950
0.0000060070
0.0000059480
0.0000065060
0.0000061550
0.0000435310
0.0000071360
0.0000069280
0.0000064000
0.0000063920
0.0000068280
0.0000061430
0.0000061820
0.0000065310
0.0000061990
