0.0000675850
0.0000153100
0.0000153480
0.0000153500
0.0000144890
0.0000146290
0.0000144390
0.0000141820
0.0000142060
0.0000143210
0.0000486930
0.0000112890
0.0000112590
0.0000112690
0.0000106560
0.0000110590
0.0000109540
0.0000108620
0.0000108480
0.0000110220
0.0000488950
0.0000110310
0.0000110380
0.0000109840
0.0000105320
0.0000106830
0.0000108300
0.0000106480
0.0000105210
0.0000106090
0.0000527270
0.0000115460
0.0000115600
0.0000116180
0.0000110660
0.0000113460
0.0000114650
0.0000113160
0.0000112640
0.0000113330
0.0000508730
0.0000110790
0.0000108020
0.0000109280
0.0000100730
0.0000105540
0.0000106550
0.0000103320
0.0000106710
0.0000106100
0.0000534100
0.0000112090
0.0000112520
0.0000113130
0.0000104150
0.0000108670
0.0000108140
0.0000106990
0.0000107300
0.0000107690
0.0000593180
0.0000120170
0.0000116310
0.0000115970
0.0000109890
0.0000112720
0.0000113230
0.0000110640
0.0000110820
0.0000111860
0.0000546270
0.0000118920
0.0000124860
0.0000117400
0.0000112420
0.0000116360
0.0000116110
0.0000114630
0.0000112650
0.0000115840
0.0000599810
0.0000131360
0.0000128860
0.0000125340
0.0000122250
0.0000126540
0.0000126590
0.0000124030
0.0000126030
0.0000123370
0.0000472520
0.0000114200
0.0000113800
0.0000113880
0.0000107590
0.0000110090
0.0000111320
0.0000110190
0.0000109030
0.0000110570
0.0000520610
0.0000112730
0.0000114050
0.0000115880
0.0000108930
0.0000112390
0.0000113190
0.0000111830
0.0000110250
0.0000111860
0.0000561780
0.0000125210
0.0000126500
0.0000125220
0.0000120400
0.0000146760
0.0000124030
0.0000123410
0.0000118750
0.0000174420
0.0000694370
0.0000128370
0.0000116930
0.0000115610
0.0000110750
0.0000119360
0.0000113610
0.0000111930
0.0000111760
0.0000111320
0.0000505820
0.0000114420
0.0000116540
0.0000114560
0.0000109880
0.0000113190
0.0000112960
0.0000111560
0.0000110160
0.0000111450
0.0000489580
0.0000110540
0.0000111240
0.0000110600
0.0000104840
0.0000107960
0.0000108590
0.0000106880
0.0000106510
0.0000108030
0.0000576450
0.0000129110
0.0000129080
0.0000129610
0.0000122150
0.0000126180
0.0000126390
0.0000125980
0.0000123870
0.0000125670
0.0000564940
0.0000128470
0.0000128810
0.0000128150
0.0000120010
0.0000125070
0.0000125290
0.0000122460
0.0000122360
0.0000123550
0.0000533100
0.0000127460
0.0000132060
0.0000127120
0.0000120170
0.0000124170
0.0000125550
0.0000122270
0.0000122470
0.0000122870
0.0000616980
0.0000124750
0.0000126540
0.0000126020
0.0000121190
0.0000124720
0.0000123750
0.0000123450
0.0000121880
0.0000123070
0.0000555720
0.0000118980
0.0000117200
0.0000117660
0.0000115210
0.0000115500
0.0000115780
0.0000116160
0.0000114030
0.0000114660
