0.0378452580
0.0140559630
0.0137921160
0.0138022920
0.0137420350
0.0137946060
0.0136051120
0.0137942870
0.0137859990
0.0135833230
0.0357821550
0.0174473230
0.0173458780
0.0220338670
0.0221946010
0.0221835480
0.0222399540
0.0223067850
0.0223487750
0.0223855840
0.0349571830
0.0173817470
0.0172324880
0.0284100450
0.0331321040
0.0329846240
0.0265339350
0.0242722670
0.0236475830
0.0235293020
0.0669359090
0.0536686740
0.0498485380
0.0434171790
0.0488091230
0.0434731740
0.0352770740
0.0221729750
0.0154450010
0.0141746290
0.0370401180
0.0180861100
0.0232860280
0.0231186940
0.0146908610
0.0142790590
0.0148976880
0.0142962830
0.0142653000
0.0140365050
0.0471954470
0.0236824150
0.0272903910
0.0151873620
0.0145827680
0.0143376130
0.0141424850
0.0142293800
0.0145193420
0.0144573800
0.0455142090
0.0143663210
0.0142306830
0.0147670940
0.0177075760
0.0208777620
0.0409876150
0.0515640810
0.0543683050
0.0540689160
0.0501216880
0.0240421910
0.0236615130
0.0187852990
0.0152715420
0.0146966620
0.0149372460
0.0148414180
0.0151167770
0.0153597300
0.0418215640
0.0179792670
0.0179606620
0.0179410580
0.0236024510
0.0238267450
0.0266492510
0.0297082510
0.0338514810
0.0339025000
0.0552302620
0.0334395450
0.0188746240
0.0140320990
0.0143895150
0.0142346070
0.0140710170
0.0151615310
0.0226433730
0.0149473940
0.0496447590
0.0150626600
0.0146157830
0.0151120690
0.0150001780
0.0145833080
0.0144359580
0.0145993340
0.0146228910
0.0143478230
0.0452953540
0.0218585770
0.0330829830
0.0407741540
0.0406922320
0.0452020390
0.0316892100
0.0347729490
0.0395092290
0.0477627270
0.0555154370
0.0328562940
0.0328731910
0.0359835890
0.0340450000
0.0251986410
0.0238380670
0.0257194440
0.0386138100
0.0366949140
0.0442546800
0.0144916620
0.0150892850
0.0169065620
0.0182066490
0.0178174790
0.0187262720
0.0332880990
0.0254879360
0.0249631940
0.0427365660
0.0143799540
0.0143390800
0.0151089960
0.0144248280
0.0145119650
0.0142537070
0.0142727780
0.0196129240
0.0148627890
0.0458565550
0.0147390490
0.0143827060
0.0144337230
0.0143698280
0.0145278340
0.0144167230
0.0143235830
0.0145198780
0.0145232060
0.0391918970
0.0142043760
0.0144471770
0.0175356260
0.0175692440
0.0216663840
0.0282641400
0.0299536270
0.0323965980
0.0338514620
