0.0051962470
0.0024184940
0.0022268120
0.0021893470
0.0020835480
0.0020441320
0.0021154620
0.0019960840
0.0020031150
0.0019934580
0.0057522820
0.0026600020
0.0024353410
0.0024378320
0.0023202080
0.0022507180
0.0022852820
0.0022192760
0.0021897380
0.0021634480
0.0043362540
0.0018891220
0.0017785450
0.0017836660
0.0017944700
0.0017363710
0.0017651670
0.0017792650
0.0017240370
0.0017693930
0.0058854240
0.0027499880
0.0026101330
0.0025618420
0.0025019520
0.0023973940
0.0024092530
0.0023597590
0.0022913090
0.0022938080
0.0060193260
0.0028088200
0.0026549040
0.0025940340
0.0024753540
0.0024656350
0.0023944390
0.0023590100
0.0023436640
0.0022756030
0.0054644590
0.0025616690
0.0024793940
0.0024976850
0.0024327740
0.0023029820
0.0023047790
0.0022211610
0.0021651290
0.0020335370
0.0051526000
0.0027364710
0.0026180150
0.0025435320
0.0024466710
0.0023620640
0.0024151260
0.0022361350
0.0021867610
0.0021895140
0.0049067700
0.0024651110
0.0022878250
0.0023144320
0.0023211340
0.0023060920
0.0022740620
0.0022578840
0.0022230050
0.0021801530
0.0063891630
0.0036671990
0.0036422760
0.0034797670
0.0033955600
0.0033245300
0.0032971730
0.0032547970
0.0031349200
0.0026997920
