0.0610427560
0.0306059200
0.0425335800
0.0423034600
0.0421362390
0.0420118290
0.0418857450
0.0416905870
0.0416482480
0.0415331980
0.0783593510
0.0416042750
0.0453343680
0.0420982970
0.0423622500
0.0493503060
0.0418117320
0.0427608030
0.0413845810
0.0413336580
0.0634745340
0.0440539740
0.0425692180
0.0426158240
0.0425074720
0.0422967440
0.0424027530
0.0422573500
0.0422022440
0.0421031930
0.0644791290
0.0377436230
0.0375491800
0.0478144190
0.0571398730
0.0640710940
0.0709585410
0.0721097970
0.0719262560
0.0718691860
0.0964621280
0.0717136820
0.0764436070
0.0762513430
0.0533709090
0.0404109090
0.0392404470
0.0388038370
0.0388712680
0.0388398420
0.0640121410
0.0382003920
0.0381971030
0.0383059670
0.0382786220
0.0383629740
0.0384062120
0.0384710200
0.0384972710
0.0385711030
0.0633136430
0.0399081850
0.0397606880
0.0397696600
0.0396798980
0.0397074310
0.0396773770
0.0396591660
0.0398128410
0.0397100820
0.0843152540
0.0417608350
0.0403679430
0.0399510400
0.0413455800
0.0403967690
0.0396940290
0.0402439000
0.0402447260
0.0396004040
0.0573823800
0.0236767130
0.0235728030
0.0236386990
0.0237750750
0.0236440610
0.0235556910
0.0237641370
0.0236478410
0.0235679030
0.0650782330
0.0252362790
0.0240795050
0.0239936810
0.0239041180
0.0239487020
0.0304918260
0.0240160830
0.0247610480
0.0246232920
0.0640690570
0.0245664020
0.0244040570
0.0243519680
0.0243115950
0.0243258730
0.0247190160
0.0250860870
0.0242857320
0.0242228710
0.0682260480
0.0240304000
0.0290646850
0.0234645000
0.0234352500
0.0234567460
0.0232952270
0.0233116890
0.0232135010
0.0234632400
0.0613736850
0.0240304330
0.0238681220
0.0239108390
0.0240400530
0.0239585320
0.0238401150
0.0237992180
0.0338856210
0.0247097930
0.0689778910
0.0242732760
0.0240874100
0.0251025400
0.0241972640
0.0241750250
0.0242144440
0.0240269340
0.0239958740
0.0240473170
0.0806078620
0.0470560850
0.0412326000
0.0318542580
0.0263197710
0.0237084060
0.0231851110
0.0240425490
0.0241227600
0.0241360720
0.0868117890
0.0604093050
0.0465853380
0.0371340690
0.0402578030
0.0376986230
0.0361131990
0.0256431640
0.0238039760
0.0233145090
0.1002711690
0.0586268630
0.0661681650
0.0588839520
0.0581900590
0.0578256930
0.0570362950
0.0501823340
0.0421263120
0.0269954660
0.0691601230
0.0386222090
0.0390623830
0.0388764890
0.0387081100
0.0386314380
0.0387350490
0.0387289890
0.0258936140
0.0237517020
0.0713753320
0.0392788720
0.0391731270
0.0391050550
0.0392128610
0.0392244900
0.0392410060
0.0391813640
0.0260674820
0.0240785520
0.0695715010
0.0412637960
0.0405562240
0.0404472180
0.0403288030
0.0405356700
0.0405292130
0.0405003000
0.0541342930
0.0472778450
