0.0001342350
0.0000213110
0.0000218190
0.0000215730
0.0000218420
0.0000216380
0.0000215260
0.0000214680
0.0000216980
0.0000217370
0.0001692650
0.0000276240
0.0000269860
0.0000267350
0.0000280220
0.0000277370
0.0000339060
0.0000270870
0.0000273210
0.0000270720
0.0001711860
0.0000268970
0.0000235380
0.0000248910
0.0000247230
0.0000252190
0.0000252350
0.0000251810
0.0000259030
0.0000245400
0.0002148610
0.0000324270
0.0000263370
0.0000257110
0.0000260270
0.0000263440
0.0000247420
0.0000247250
0.0000258190
0.0000257520
0.0002239320
0.0000474030
0.0000287170
0.0000286240
0.0000282020
0.0000280320
0.0000280570
0.0000293510
0.0000285950
0.0000288650
0.0001335080
0.0000203730
0.0000203480
0.0000204050
0.0000202900
0.0000202600
0.0000202290
0.0000199520
0.0000200330
0.0000206870
0.0001466940
0.0000210740
0.0000206220
0.0000210210
0.0000208180
0.0000204450
0.0000204140
0.0000209220
0.0000201770
0.0000205230
0.0001400820
0.0000271230
0.0000228860
0.0000229000
0.0000230480
0.0000229710
0.0000225250
0.0000228570
0.0000227540
0.0000227880
0.0001530950
0.0000241880
0.0000234090
0.0000237560
0.0000233630
0.0000234720
0.0000233680
0.0000233090
0.0000234020
0.0000235700
0.0001366590
0.0000225220
0.0000226000
0.0000224790
0.0000226150
0.0000225560
0.0000219940
0.0000225150
0.0000221330
0.0000223950
0.0001631850
0.0000254940
0.0000257520
0.0000267980
0.0000261950
0.0000261130
0.0000255870
0.0000277070
0.0000288440
0.0000263130
0.0001471190
0.0000240270
0.0000243600
0.0000242360
0.0000240690
0.0000238170
0.0000234380
0.0000232870
0.0000230710
0.0000233500
0.0001342460
0.0000224600
0.0000226040
0.0000226150
0.0000225380
0.0000229510
0.0000226230
0.0000226290
0.0000229230
0.0000225600
0.0001396890
0.0000227480
0.0000232080
0.0000231740
0.0000231970
0.0000228510
0.0000227000
0.0000229210
0.0000229280
0.0000233270
0.0002171710
0.0000419990
0.0000336610
0.0000316650
0.0000325580
0.0000324470
0.0000318800
0.0000313230
0.0000315250
0.0000318820
0.0002528490
0.0000424700
0.0000315090
0.0000310360
0.0000314270
0.0000309840
0.0000301590
0.0000321970
0.0000305770
0.0000327790
0.0001441720
0.0000226820
0.0000223550
0.0000224290
0.0000224710
0.0000228950
0.0000224700
0.0000225750
0.0000225010
0.0000227050
0.0001458350
0.0000249850
0.0000248550
0.0000246020
0.0000249870
0.0000248890
0.0000243750
0.0000247330
0.0000246310
0.0000249630
0.0001415800
0.0000241290
0.0000245590
0.0000245350
0.0000245490
0.0000250040
0.0000242260
0.0000244840
0.0000245870
0.0000246060
0.0001449370
0.0000255620
0.0000273550
0.0000260590
0.0000262270
0.0000258240
0.0000249100
0.0000266350
0.0000270830
0.0000269210
