0.0000242580
0.0000032250
0.0000029930
0.0000028430
0.0000029560
0.0000028370
0.0000027480
0.0000029070
0.0000027270
0.0000028220
0.0000146640
0.0000035990
0.0000029700
0.0000028450
0.0000029420
0.0000027850
0.0000027510
0.0000028740
0.0000034320
0.0000027580
0.0000135900
0.0000039160
0.0000033440
0.0000032750
0.0000032970
0.0000031570
0.0000030450
0.0000032020
0.0000030560
0.0000034500
0.0000128680
0.0000036830
0.0000034480
0.0000032390
0.0000034260
0.0000031920
0.0000031050
0.0000032780
0.0000030520
0.0000031170
0.0000131920
0.0000035170
0.0000033300
0.0000031990
0.0000032320
0.0000030600
0.0000030240
0.0000031910
0.0000030530
0.0000030990
0.0000120940
0.0000034880
0.0000033050
0.0000031720
0.0000032010
0.0000030310
0.0000030060
0.0000032010
0.0000029930
0.0000030590
0.0000143500
0.0000040660
0.0000038170
0.0000038060
0.0000037850
0.0000036750
0.0000036410
0.0000038430
0.0000036250
0.0000037490
0.0000154870
0.0000034960
0.0000032250
0.0000032630
0.0000032220
0.0000032110
0.0000030040
0.0000031440
0.0000031470
0.0000032020
0.0000131620
0.0000035020
0.0000032910
0.0000031720
0.0000032940
0.0000031380
0.0000030510
0.0000032140
0.0000030580
0.0000030610
0.0000134430
0.0000031730
0.0000028730
0.0000027920
0.0000028750
0.0000027150
0.0000026320
0.0000028010
0.0000026270
0.0000026690
0.0000167640
0.0000042220
0.0000036980
0.0000035520
0.0000036500
0.0000035410
0.0000034480
0.0000035990
0.0000033770
0.0000035110
0.0000130920
0.0000035290
0.0000031520
0.0000031760
0.0000064200
0.0000031920
0.0000030670
0.0000032690
0.0000029900
0.0000031080
0.0000118400
0.0000033630
0.0000032450
0.0000030860
0.0000031440
0.0000030230
0.0000030250
0.0000031960
0.0000029210
0.0000029900
0.0000140180
0.0000038590
0.0000036930
0.0000034700
0.0000035380
0.0000033190
0.0000032380
0.0000033580
0.0000032300
0.0000032740
0.0000144990
0.0000039620
0.0000038630
0.0000036870
0.0000036370
0.0000035420
0.0000034530
0.0000040260
0.0000041730
0.0000035250
0.0000134900
0.0000037410
0.0000035390
0.0000033830
0.0000034750
0.0000033100
0.0000032800
0.0000034090
0.0000031720
0.0000033660
0.0000141840
0.0000040120
0.0000037280
0.0000035110
0.0000036120
0.0000034400
0.0000135170
0.0000035980
0.0000033180
0.0000032990
0.0000144920
0.0000032920
0.0000029980
0.0000029850
0.0000030080
0.0000029090
0.0000028380
0.0000030110
0.0000028050
0.0000028840
0.0000119000
0.0000033550
0.0000032710
0.0000030720
0.0000031330
0.0000029850
0.0000029580
0.0000030660
0.0000029300
0.0000030060
0.0000150020
0.0000035490
0.0000031560
0.0000030530
0.0000031060
0.0000029600
0.0000029680
0.0000030220
0.0000028710
0.0000029160
