0.0000059040
0.0000047350
0.0000045680
0.0000049520
0.0000046720
0.0000041420
0.0000051680
0.0000039920
0.0000037970
0.0000040670
0.0000057150
0.0000051790
0.0000050310
0.0000052200
0.0000050040
0.0000047520
0.0000040500
0.0000039140
0.0000039200
0.0000053730
0.0000053600
0.0000047580
0.0000045750
0.0000048090
0.0000046080
0.0000040570
0.0000040300
0.0000039440
0.0000039440
0.0000040560
0.0000052460
0.0000046780
0.0000045330
0.0000047770
0.0000045910
0.0000040280
0.0000039170
0.0000038590
0.0000038030
0.0000040410
0.0000052570
0.0000046810
0.0000045650
0.0000047940
0.0000046600
0.0000041560
0.0000053060
0.0000052650
0.0000080900
0.0000054200
0.0000054410
0.0000047060
0.0000047190
0.0000058770
0.0000056890
0.0000053320
0.0000040990
0.0000040630
0.0000040450
0.0000053050
0.0000053010
0.0000046190
0.0000047780
0.0000058510
0.0000055990
0.0000044240
0.0000042220
0.0000039740
0.0000039460
0.0000053180
0.0000054110
0.0000046840
0.0000045340
0.0000048890
0.0000046820
0.0000052780
0.0000040820
0.0000040080
0.0000040060
0.0000040690
0.0000057410
0.0000047340
0.0000047150
0.0000053220
0.0000061050
0.0000053370
0.0000046350
0.0000046930
0.0000038860
0.0000046360
