0.0000009610
0.0000006030
0.0000005510
0.0000006920
0.0000005120
0.0000004930
0.0000008830
0.0000003510
0.0000003150
0.0000004450
0.0000014820
0.0000008160
0.0000005050
0.0000007620
0.0000005030
0.0000004910
0.0000005670
0.0000003710
0.0000003850
0.0000004350
0.0000009970
0.0000006280
0.0000006520
0.0000007680
0.0000006250
0.0000006090
0.0000005030
0.0000004610
0.0000004430
0.0000005440
0.0000012710
0.0000006820
0.0000006610
0.0000009580
0.0000006070
0.0000005670
0.0000012390
0.0000005700
0.0000003540
0.0000005670
0.0000011690
0.0000008160
0.0000007380
0.0000008650
0.0000007640
0.0000007050
0.0000005890
0.0000004320
0.0000004210
0.0000005610
0.0000019260
0.0000006740
0.0000005960
0.0000008340
0.0000005520
0.0000005710
0.0000004510
0.0000004190
0.0000004340
0.0000005430
0.0000009960
0.0000006810
0.0000006750
0.0000006600
0.0000005570
0.0000005160
0.0000004080
0.0000003790
0.0000003520
0.0000004790
0.0000012040
0.0000008150
0.0000005830
0.0000007530
0.0000005420
0.0000005120
0.0000005740
0.0000004420
0.0000003510
0.0000004740
0.0000011110
0.0000007480
0.0000007380
0.0000009290
0.0000007270
0.0000006730
0.0000005760
0.0000005400
0.0000003460
0.0000005100
0.0000011040
0.0000007900
0.0000006700
0.0000008390
0.0000005910
0.0000006180
0.0000005070
0.0000004710
0.0000003710
0.0000005370
0.0000010840
0.0000007950
0.0000006540
0.0000008600
0.0000006600
0.0000006290
0.0000004570
0.0000004390
0.0000003770
0.0000005500
0.0000012620
0.0000007210
0.0000006470
0.0000009580
0.0000006550
0.0000006020
0.0000005020
0.0000005530
0.0000003910
0.0000005760
0.0000010800
0.0000006600
0.0000006210
0.0000008560
0.0000006350
0.0000006100
0.0000004870
0.0000004290
0.0000003730
0.0000005730
0.0000011330
0.0000007440
0.0000007540
0.0000008960
0.0000007330
0.0000007260
0.0000005580
0.0000003900
0.0000003450
0.0000005150
0.0000012510
0.0000007050
0.0000005930
0.0000007630
0.0000005810
0.0000005880
0.0000010200
0.0000004460
0.0000003800
0.0000005410
0.0000015750
0.0000007910
0.0000007490
0.0000009780
0.0000007060
0.0000006810
0.0000005580
0.0000004960
0.0000004860
0.0000005070
0.0000010950
0.0000007940
0.0000007810
0.0000009120
0.0000007610
0.0000007100
0.0000005380
0.0000003960
0.0000003650
0.0000004950
0.0000012560
0.0000007870
0.0000006510
0.0000008020
0.0000006010
0.0000005760
0.0000004870
0.0000004300
0.0000003800
0.0000005070
0.0000011240
0.0000006590
0.0000006100
0.0000008920
0.0000005620
0.0000006070
0.0000006890
0.0000004340
0.0000004100
0.0000005330
0.0000010720
0.0000007830
0.0000006900
0.0000008180
0.0000006360
0.0000006440
0.0000005860
0.0000004660
0.0000004210
0.0000005780
