0.0000018670
0.0000013930
0.0000012670
0.0000013740
0.0000012710
0.0000012660
0.0000012410
0.0000015300
0.0000010580
0.0000011430
0.0000019000
0.0000013150
0.0000012820
0.0000013680
0.0000012760
0.0000012030
0.0000011500
0.0000011100
0.0000010120
0.0000011160
0.0000025460
0.0000021100
0.0000020580
0.0000013860
0.0000012720
0.0000012700
0.0000012240
0.0000011060
0.0000010500
0.0000011620
0.0000024170
0.0000013030
0.0000012620
0.0000013810
0.0000012610
0.0000011930
0.0000011710
0.0000010870
0.0000010750
0.0000011460
0.0000026360
0.0000023580
0.0000022430
0.0000023930
0.0000022420
0.0000022070
0.0000016460
0.0000013310
0.0000012920
0.0000014290
0.0000026650
0.0000022710
0.0000022560
0.0000023150
0.0000021920
0.0000021270
0.0000019590
0.0000012490
0.0000012050
0.0000013750
0.0000039130
0.0000017130
0.0000015190
0.0000017070
0.0000015210
0.0000014370
0.0000015740
0.0000014500
0.0000012960
0.0000013930
0.0000050370
0.0000047900
0.0000047870
0.0000049870
0.0000049890
0.0000049560
0.0000049820
0.0000050110
0.0000049420
0.0000052020
0.0000030620
0.0000026760
0.0000015340
0.0000015910
0.0000015100
0.0000014970
0.0000014370
0.0000013610
0.0000012450
0.0000014020
0.0000028000
0.0000015630
0.0000015190
0.0000018320
0.0000014400
0.0000014130
0.0000014200
0.0000013460
0.0000012250
0.0000013790
0.0000028050
0.0000023980
0.0000024090
0.0000016070
0.0000014370
0.0000013680
0.0000012860
0.0000012380
0.0000011630
0.0000013950
0.0000030760
0.0000022330
0.0000014500
0.0000015640
0.0000014690
0.0000013600
0.0000013610
0.0000015060
0.0000011750
0.0000013800
0.0000028610
0.0000016340
0.0000014920
0.0000016870
0.0000014450
0.0000014130
0.0000014150
0.0000013540
0.0000012690
0.0000014540
0.0000038040
0.0000017710
0.0000016700
0.0000018320
0.0000016640
0.0000016570
0.0000015480
0.0000013480
0.0000012530
0.0000013840
0.0000027900
0.0000023430
0.0000014520
0.0000016010
0.0000014930
0.0000013750
0.0000013650
0.0000012890
0.0000011930
0.0000013510
0.0000021450
0.0000015690
0.0000014490
0.0000015980
0.0000013900
0.0000013860
0.0000013630
0.0000012680
0.0000011770
0.0000013260
0.0000030680
0.0000017060
0.0000016730
0.0000018740
0.0000016830
0.0000016350
0.0000015970
0.0000014680
0.0000014410
0.0000016130
0.0000040060
0.0000017670
0.0000018760
0.0000019230
0.0000019800
0.0000016670
0.0000016440
0.0000017430
0.0000015430
0.0000016590
0.0000028100
0.0000019140
0.0000018160
0.0000019790
0.0000018590
0.0000017500
0.0000017190
0.0000015380
0.0000014960
0.0000016530
0.0000031350
0.0000018100
0.0000017100
0.0000018760
0.0000016400
0.0000016330
0.0000015750
0.0000015120
0.0000014120
0.0000015680
