0.0003970140
0.0001296330
0.0001298240
0.0001202840
0.0001327600
0.0001304020
0.0001265740
0.0001276260
0.0001269820
0.0001239840
0.0003418200
0.0001315760
0.0001367050
0.0001231590
0.0001647210
0.0001294710
0.0001215470
0.0001330670
0.0001314730
0.0001307290
0.0003463020
0.0001342580
0.0001360730
0.0001344730
0.0001317080
0.0001325590
0.0001222400
0.0001318150
0.0003393960
0.0001313230
0.0003011770
0.0001308130
0.0001266260
0.0001211150
0.0001257230
0.0001288720
0.0001277460
0.0001249960
0.0001253980
0.0001252890
0.0002956420
0.0001226230
0.0001270060
0.0001199620
0.0001342350
0.0001264320
0.0001224380
0.0001244260
0.0001242480
0.0001329440
0.0003878040
0.0001201880
0.0001217100
0.0001183870
0.0001181680
0.0001230840
0.0001151340
0.0001185610
0.0001188350
0.0001190270
0.0003248800
0.0001357940
0.0001375130
0.0001250520
0.0001343250
0.0001347470
0.0001296590
0.0001322850
0.0001307450
0.0001321500
0.0003647220
0.0000984210
0.0001056830
0.0000979450
0.0001200080
0.0001161430
0.0000902050
0.0001086470
0.0001067610
0.0001053370
0.0003310630
0.0003017360
0.0001248890
0.0001206360
0.0001287020
0.0001223830
0.0001212950
0.0001216580
0.0001221830
0.0001200200
