0.0004185690
0.0000801820
0.0000723700
0.0000721220
0.0000721860
0.0000722290
0.0000720030
0.0000721820
0.0000716960
0.0000784860
0.0004270340
0.0001312880
0.0000771780
0.0000760420
0.0000745670
0.0000749410
0.0000754560
0.0000765300
0.0000762490
0.0000774250
0.0004905160
0.0001007950
0.0000886460
0.0000840160
0.0000832640
0.0000839800
0.0000836110
0.0000829330
0.0000834970
0.0000839690
0.0004241750
0.0000851210
0.0000801580
0.0000874050
0.0000805250
0.0000796730
0.0000800820
0.0000920830
0.0000828900
0.0000812390
0.0004248590
0.0000876890
0.0000823310
0.0000820670
0.0000818420
0.0000822790
0.0000889640
0.0000834730
0.0000832530
0.0000835620
0.0007570660
0.0002196320
0.0001292940
0.0001008880
0.0000909210
0.0000945910
0.0000896490
0.0000879160
0.0000872380
0.0000852860
0.0004293530
0.0000828050
0.0000791570
0.0000791070
0.0001008220
0.0000800670
0.0000796360
0.0000796200
0.0000791370
0.0000792950
0.0004282880
0.0000858730
0.0000810970
0.0000816530
0.0000820330
0.0000838640
0.0000818960
0.0000876130
0.0000837280
0.0000837570
0.0004356940
0.0000876790
0.0000784420
0.0000774140
0.0000776650
0.0000786120
0.0000776950
0.0000772210
0.0000770460
0.0000775320
0.0004387050
0.0000842860
0.0000776860
0.0000769830
0.0000770440
0.0000778010
0.0000768050
0.0000768950
0.0000765790
0.0000768800
0.0005758650
0.0001944560
0.0001338420
0.0001111330
0.0001017320
0.0000971540
0.0000969770
0.0000979200
0.0000954320
0.0000986860
0.0004238550
0.0000792320
0.0000742070
0.0000800780
0.0000757540
0.0000737460
0.0000739770
0.0000735150
0.0000735580
0.0000739220
0.0004276430
0.0000853050
0.0000798730
0.0000798830
0.0000800970
0.0000808130
0.0000799760
0.0000795590
0.0000795810
0.0000796660
0.0004238040
0.0000876890
0.0000835480
0.0000829870
0.0000829390
0.0000827310
0.0000827290
0.0000828080
0.0000826330
0.0000828210
0.0005939560
0.0001863100
0.0001317140
0.0001086360
0.0001005880
0.0000986700
0.0000978840
0.0000969390
0.0000969220
0.0001043060
0.0005328040
0.0001037770
0.0000948790
0.0000937000
0.0000935390
0.0000945620
0.0000929230
0.0000930860
0.0000929570
0.0000930170
0.0004330330
0.0000803830
0.0000751220
0.0000752620
0.0000751930
0.0000751630
0.0000753170
0.0000749630
0.0000748820
0.0000751630
0.0004261390
0.0000826880
0.0000750370
0.0000748220
0.0000759280
0.0000759680
0.0000754410
0.0000746310
0.0000747820
0.0000744710
0.0004370200
0.0000888680
0.0000844430
0.0000840470
0.0000842340
0.0000846360
0.0000843540
0.0000836920
0.0000836170
0.0000838530
0.0006524850
0.0001246350
0.0001194250
0.0001182890
0.0001183930
0.0001183130
0.0001188380
0.0001186420
0.0001175840
0.0001221490
