0.0037630300
0.0024111450
0.0023791640
0.0023683620
0.0023817860
0.0023758640
0.0022984120
0.0022724880
0.0023007500
0.0023095650
0.0040261410
0.0017999680
0.0022148630
0.0021358290
0.0021446370
0.0020976260
0.0021052530
0.0020881690
0.0021564750
0.0021362370
0.0037230750
0.0013723950
0.0012394320
0.0012095310
0.0012432440
0.0015356840
0.0015947960
0.0016209700
0.0016531720
0.0023359400
0.0051962290
0.0031262080
0.0031291680
0.0031408210
0.0034934950
0.0033950280
0.0030521160
0.0030400640
0.0030462470
0.0031168820
0.0053195520
0.0026287970
0.0032215250
0.0032274690
0.0028541700
0.0028929360
0.0037670560
0.0039935300
0.0037381560
0.0028120680
0.0037483180
0.0013455320
0.0012220410
0.0011958030
0.0012232830
0.0011936900
0.0011849500
0.0012084850
0.0011987360
0.0011929040
0.0037719740
0.0014348310
0.0012956860
0.0015926190
0.0015424730
0.0014681880
0.0013684610
0.0013625810
0.0012826360
0.0012564460
0.0054368550
0.0028277810
0.0029109980
0.0033496820
0.0037493590
0.0036805570
0.0029531100
0.0030217110
0.0036569020
0.0036278940
0.0035590480
0.0013583340
0.0011952640
0.0011528710
0.0012122170
0.0011540140
0.0011814080
0.0011492580
0.0012083870
0.0011385710
0.0050413170
0.0035517170
0.0036785500
0.0036177760
0.0032956220
0.0033071870
0.0030793860
0.0031555740
0.0031205270
0.0031452220
0.0037827190
0.0013942710
0.0012704930
0.0012431130
0.0012596370
0.0012403670
0.0012295950
0.0012345480
0.0012113080
0.0012162340
0.0044645830
0.0023021070
0.0021797150
0.0019545400
0.0016432290
0.0014909360
0.0014198630
0.0014206690
0.0013842980
0.0013613250
0.0036575660
0.0013408830
0.0012375530
0.0011755530
0.0012096410
0.0011918310
0.0011807920
0.0011736560
0.0011739830
0.0011599740
0.0037797580
0.0013928710
0.0012806570
0.0012330940
0.0012606100
0.0012168430
0.0012331410
0.0012000240
0.0011973970
0.0011992750
0.0040387310
0.0014323210
0.0012841710
0.0012656020
0.0012901110
0.0012903600
0.0012588400
0.0012727040
0.0012493990
0.0012603400
0.0065573230
0.0027033800
0.0013218650
0.0012997300
0.0013084510
0.0013151020
0.0012891500
0.0013058530
0.0012806960
0.0012944180
0.0041016520
0.0015527900
0.0014580750
0.0013750220
0.0013450050
0.0013247670
0.0012898390
0.0013236260
0.0012850960
0.0013083360
0.0047420990
0.0014438800
0.0013389010
0.0013316820
0.0013271670
0.0013165450
0.0013092660
0.0012906680
0.0013049970
0.0013067650
0.0036259170
0.0013414060
0.0012435740
0.0012285860
0.0012243130
0.0012026290
0.0011836300
0.0011850760
0.0011643380
0.0012035150
0.0035468780
0.0013773380
0.0012084920
0.0011474810
0.0011573670
0.0011734470
0.0011270550
0.0011757150
0.0011340960
0.0011544130
