0.0022860570
0.0007357620
0.0006567990
0.0006561290
0.0006142130
0.0006031480
0.0006240220
0.0006092720
0.0005954210
0.0005852080
0.0022861270
0.0006977310
0.0006248130
0.0006318860
0.0006037160
0.0006020490
0.0005992780
0.0005968580
0.0006112750
0.0005900180
0.0026891200
0.0013553730
0.0012812300
0.0012537540
0.0011982220
0.0011654800
0.0011625800
0.0011188530
0.0011211280
0.0010801060
0.0026948370
0.0007025880
0.0006057640
0.0006150000
0.0006037590
0.0005724370
0.0006114180
0.0005723310
0.0005697250
0.0005872930
0.0029901140
0.0009476110
0.0008182010
0.0008081100
0.0007717270
0.0007615660
0.0007324870
0.0007709760
0.0007153460
0.0007081630
0.0025266210
0.0007676270
0.0006942370
0.0006995770
0.0006864080
0.0006616290
0.0006611490
0.0006648610
0.0006621690
0.0006481220
0.0025350030
0.0007809080
0.0007133560
0.0007348920
0.0006871300
0.0006902610
0.0006817920
0.0006944620
0.0006849420
0.0006616130
0.0026139250
0.0008188030
0.0007134120
0.0006946430
0.0006790740
0.0006572550
0.0006649820
0.0006782730
0.0006561350
0.0006735070
0.0027099830
0.0012103690
0.0011355860
0.0013428700
0.0012836390
0.0012479100
0.0012250710
0.0012153250
0.0011908350
0.0011881000
0.0027439060
0.0014272320
0.0013486970
0.0013777700
0.0013302490
0.0012655000
0.0010661530
0.0010047820
0.0009928700
0.0010281810
0.0031971700
0.0014696340
0.0013517930
0.0013781960
0.0012247840
0.0010868050
0.0010533370
0.0010838530
0.0010606070
0.0010427430
0.0040780740
0.0026700610
0.0028648440
0.0024019620
0.0019072330
0.0017933950
0.0019446270
0.0021030060
0.0021621280
0.0021660700
0.0025466810
0.0007740410
0.0006925490
0.0007030600
0.0006677950
0.0006612790
0.0006652150
0.0006575920
0.0006658750
0.0006507970
0.0025487350
0.0007843410
0.0007078250
0.0007096900
0.0006786920
0.0006651540
0.0006842450
0.0006762270
0.0006653760
0.0006530780
0.0031061670
0.0013270510
0.0013573730
0.0012387120
0.0013322320
0.0011824880
0.0013001950
0.0011589640
0.0012346850
0.0011701370
0.0030323150
0.0007385360
0.0006671290
0.0007285370
0.0007454090
0.0007487050
0.0007772970
0.0007417820
0.0007466370
0.0007497440
0.0025572620
0.0008050310
0.0007281570
0.0007256420
0.0006915030
0.0006922640
0.0006931280
0.0007023260
0.0006924390
0.0006923270
