0.0013970380
0.0006040250
0.0006365560
0.0006340590
0.0006407050
0.0006383370
0.0006426240
0.0006392000
0.0006366150
0.0006461270
0.0013253330
0.0005878440
0.0005893100
0.0005792350
0.0005818790
0.0005804260
0.0005756080
0.0005803490
0.0005786780
0.0005811160
0.0014324140
0.0005235110
0.0005161540
0.0005151940
0.0005157750
0.0005259660
0.0005254600
0.0005148540
0.0005151160
0.0005152770
0.0015862270
0.0007442650
0.0006335150
0.0006352930
0.0006336190
0.0006335700
0.0006350090
0.0006349710
0.0006348670
0.0006419060
0.0014955470
0.0005098740
0.0005675400
0.0005715770
0.0005725050
0.0005692620
0.0005714470
0.0005744360
0.0005761090
0.0005738620
0.0015365450
0.0006187000
0.0006243330
0.0006222350
0.0006298140
0.0006189340
0.0006279640
0.0006207070
0.0006166500
0.0006302160
0.0015028810
0.0005611360
0.0005856910
0.0005879060
0.0005977520
0.0005855670
0.0005924110
0.0005917270
0.0005923720
0.0006047170
0.0015211420
0.0004948940
0.0005191160
0.0005065250
0.0005001560
0.0005011190
0.0004883480
0.0004749360
0.0005186280
0.0005198970
0.0015148830
0.0004663940
0.0004495200
0.0004565050
0.0004668600
0.0004575900
0.0004551810
0.0004545560
0.0004581910
0.0004731470
