0.0005434330
0.0001061290
0.0000932880
0.0000902620
0.0000917130
0.0000895440
0.0000907050
0.0000895320
0.0000902440
0.0000909870
0.0007716750
0.0002386090
0.0001463680
0.0001225120
0.0001127630
0.0001141170
0.0001114500
0.0001178520
0.0001132500
0.0001133770
0.0006416870
0.0000924870
0.0000870010
0.0000859630
0.0000899470
0.0000858990
0.0000895100
0.0000872330
0.0000862280
0.0000897510
0.0005620690
0.0000915700
0.0000840020
0.0000842870
0.0000871260
0.0000846330
0.0000866560
0.0000838830
0.0000842250
0.0000867800
0.0006236760
0.0001212330
0.0000933480
0.0000849890
0.0000928560
0.0000998270
0.0000873000
0.0000853470
0.0000844820
0.0000852810
0.0008470010
0.0003545490
0.0003831490
0.0001454620
0.0001267790
0.0001234510
0.0001232010
0.0001137000
0.0001133260
0.0001124260
0.0005989190
0.0001002500
0.0000939070
0.0000940180
0.0000946580
0.0000934530
0.0000954450
0.0000935850
0.0000938520
0.0000932820
0.0006360730
0.0001305920
0.0001083140
0.0001029000
0.0001029620
0.0001031430
0.0001034380
0.0001002970
0.0001002840
0.0001031330
0.0010085240
0.0005824380
0.0004918850
0.0003725150
0.0003052730
0.0002275120
0.0002060900
0.0001807500
0.0001692670
0.0001584570
0.0005848920
0.0001002610
0.0000944340
0.0000947920
0.0000949590
0.0000938360
0.0000952240
0.0000927180
0.0000931290
0.0000998980
0.0008171090
0.0001181570
0.0000998020
0.0000972620
0.0000996670
0.0000979160
0.0000999070
0.0000967570
0.0000973880
0.0000992990
0.0006020340
0.0000993680
0.0000953370
0.0000962830
0.0000953300
0.0000947800
0.0000953300
0.0001569060
0.0000956880
0.0001025260
0.0006205940
0.0001111670
0.0000983450
0.0000962190
0.0000966640
0.0000962230
0.0000970470
0.0000956930
0.0000982010
0.0001486780
0.0009647140
0.0002687360
0.0002608030
0.0004942160
0.0002603960
0.0002607010
0.0002611320
0.0002605600
0.0002635430
0.0002639220
0.0007533200
0.0002580070
0.0001765410
0.0001300100
0.0001240470
0.0001187500
0.0001229390
0.0001182890
0.0001161440
0.0001195100
0.0006157490
0.0001045030
0.0000967980
0.0000983500
0.0000986490
0.0000967470
0.0001029380
0.0000956640
0.0000971110
0.0000981880
0.0013391940
0.0007653100
0.0006790940
0.0005573760
0.0005188750
0.0004254710
0.0004178170
0.0003658890
0.0003089990
0.0002893010
0.0007875970
0.0003407790
0.0002485520
0.0001516970
0.0001391070
0.0001436500
0.0001380460
0.0001345670
0.0001338940
0.0001414820
0.0007223650
0.0001072390
0.0001011730
0.0001008810
0.0001059520
0.0001020400
0.0001046560
0.0001013150
0.0001010400
0.0001052090
0.0007255270
0.0001118090
0.0001031970
0.0001034430
0.0001065600
0.0001028200
0.0001113150
0.0001031380
0.0001043040
0.0001070790
