0.0025565670
0.0018320290
0.0017641620
0.0017678500
0.0017583670
0.0016956150
0.0018046510
0.0018338920
0.0018586930
0.0019183490
0.0017664740
0.0005175200
0.0004736140
0.0004566900
0.0004654050
0.0004692140
0.0005210680
0.0004505160
0.0004625000
0.0004894700
0.0018581070
0.0005850570
0.0005060190
0.0004799430
0.0004750830
0.0004838510
0.0005800810
0.0006744290
0.0006121330
0.0006221090
0.0019089210
0.0008864670
0.0009827100
0.0009753880
0.0010275180
0.0010171460
0.0009727080
0.0009704180
0.0009231930
0.0008908460
0.0019004430
0.0011450330
0.0009970260
0.0009554260
0.0009886150
0.0009645120
0.0009471540
0.0009313670
0.0009189650
0.0009174100
0.0018024140
0.0005414400
0.0004882730
0.0004627900
0.0004736790
0.0004610160
0.0004572930
0.0004604760
0.0005126050
0.0005493810
0.0018420920
0.0005321740
0.0004944880
0.0004656080
0.0004749710
0.0004706930
0.0004664700
0.0004714760
0.0004559860
0.0004888920
0.0025128000
0.0006457890
0.0006178040
0.0006026660
0.0006334580
0.0006147240
0.0006088350
0.0006059190
0.0006181640
0.0006103050
0.0020817550
0.0008392700
0.0007216130
0.0006757800
0.0006711810
0.0006479220
0.0006439040
0.0006400420
0.0006255640
0.0006261190
0.0023053000
0.0010982900
0.0009830630
0.0009600200
0.0009501790
0.0009354100
0.0008988980
0.0009122420
0.0009029820
0.0008799460
0.0025453980
0.0006599650
0.0006403730
0.0006388920
0.0006402510
0.0006545880
0.0006425570
0.0006580110
0.0006488080
0.0006616420
0.0019097470
0.0005499300
0.0005148320
0.0005161170
0.0005778830
0.0005329890
0.0005477080
0.0005245120
0.0005196860
0.0005141250
0.0017926330
0.0005567670
0.0005172230
0.0004857200
0.0004907720
0.0004831590
0.0004992930
0.0004785560
0.0004744800
0.0004597480
0.0017926920
0.0005264510
0.0004900970
0.0004696770
0.0004817700
0.0004781060
0.0004568840
0.0004580430
0.0004554330
0.0004532420
0.0018449330
0.0005310020
0.0004895750
0.0004775940
0.0004928830
0.0004756590
0.0004638720
0.0004672230
0.0004614990
0.0004735830
0.0025166030
0.0011154770
0.0010607580
0.0010065890
0.0010204470
0.0011735050
0.0012241050
0.0011597060
0.0010283470
0.0009241030
0.0020240810
0.0005829810
0.0005576470
0.0005393420
0.0005345900
0.0005452360
0.0005439270
0.0005540670
0.0005503590
0.0005646540
0.0020097920
0.0006341900
0.0005433490
0.0005202040
0.0005418110
0.0005512230
0.0005213870
0.0005253660
0.0005134670
0.0005173360
0.0024313130
0.0010863250
0.0010034700
0.0009770690
0.0009664170
0.0009281000
0.0009140610
0.0009076820
0.0008991640
0.0008991060
0.0018218780
0.0005427920
0.0004922590
0.0004658050
0.0004990650
0.0004764670
0.0004642900
0.0004830070
0.0004898550
0.0004923960
