0.0146722420
0.0105122740
0.0104833680
0.0105258500
0.0105331960
0.0104651870
0.0104866900
0.0104619220
0.0105074480
0.0104620370
0.0151860180
0.0105028470
0.0107634260
0.0106924510
0.0106245690
0.0104650560
0.0106309460
0.0105090590
0.0104353050
0.0104991620
0.0142124410
0.0056440800
0.0075682330
0.0075625810
0.0075974730
0.0096216250
0.0095613600
0.0095167730
0.0094569080
0.0094873160
0.0142494260
0.0056136850
0.0075735730
0.0075535020
0.0075376000
0.0100906550
0.0100220680
0.0102916380
0.0100620680
0.0100079130
0.0237113980
0.0172964520
0.0196793980
0.0192195620
0.0198013770
0.0191737010
0.0199355020
0.0192267750
0.0201862310
0.0161448870
0.0244595030
0.0174919640
0.0148892750
0.0141904120
0.0140058940
0.0139904780
0.0113028740
0.0098414710
0.0092489220
0.0091455640
0.0233194720
0.0166659930
0.0168818500
0.0180251790
0.0183071990
0.0169389160
0.0186543250
0.0200104580
0.0190688570
0.0167416870
0.0144121230
0.0076376860
0.0092823190
0.0094725460
0.0063127470
0.0060636040
0.0061457170
0.0060000430
0.0060873440
0.0057826240
0.0147914150
0.0057013510
0.0056760970
0.0056695230
0.0056702750
0.0056669510
0.0056271040
0.0056989720
0.0056232800
0.0055928380
0.0154526950
0.0060140210
0.0058338180
0.0057690100
0.0057339470
0.0057176110
0.0056916670
0.0056932750
0.0057762150
0.0065885190
0.0153927430
0.0057765450
0.0057514000
0.0057300700
0.0057999870
0.0057426360
0.0057886310
0.0057130930
0.0056771970
0.0057201810
0.0159380470
0.0058633760
0.0058268650
0.0058187100
0.0058095120
0.0058065580
0.0057767070
0.0057843820
0.0057613890
0.0057809700
0.0149112730
0.0057716400
0.0057726450
0.0058790350
0.0058542870
0.0058045180
0.0057735340
0.0061316510
0.0062921340
0.0059595750
0.0228413050
0.0075977250
0.0068673120
0.0066842110
0.0066739760
0.0066352850
0.0065466920
0.0066069960
0.0065106410
0.0065165210
0.0161030210
0.0058587400
0.0057068390
0.0076675830
0.0061419840
0.0058726180
0.0058493540
0.0058151630
0.0058600430
0.0061882570
0.0184741770
0.0099256690
0.0099948100
0.0098011300
0.0065111890
0.0062926630
0.0058436740
0.0062223740
0.0078291480
0.0075051790
0.0220735610
0.0063937550
0.0063781720
0.0064552480
0.0061282870
0.0061332350
0.0060868600
0.0060672670
0.0060483400
0.0060596290
0.0198897640
0.0132869160
0.0149687920
0.0148511310
0.0120269070
0.0093846060
0.0104414320
0.0105610820
0.0102774820
0.0086637240
0.0187948530
0.0104220260
0.0065650070
0.0063440250
0.0061126810
0.0058726010
0.0057697820
0.0063080580
0.0060557540
0.0060306310
0.0199102250
0.0099124080
0.0099732880
0.0099361590
0.0100007220
0.0073866920
0.0067820760
0.0064642500
0.0061575170
0.0060682490
