0.0000009630
0.0000005120
0.0000004970
0.0000006370
0.0000004530
0.0000004710
0.0000003610
0.0000002900
0.0000002710
0.0000004180
0.0000009350
0.0000005980
0.0000004880
0.0000006520
0.0000004370
0.0000004160
0.0000004270
0.0000004890
0.0000003040
0.0000004380
0.0000018870
0.0000006670
0.0000004950
0.0000010000
0.0000004280
0.0000004190
0.0000003810
0.0000003240
0.0000002510
0.0000003840
0.0000008640
0.0000006020
0.0000005540
0.0000006640
0.0000005070
0.0000005080
0.0000004260
0.0000003650
0.0000003380
0.0000004140
0.0000008710
0.0000005390
0.0000005350
0.0000006660
0.0000005590
0.0000005090
0.0000004200
0.0000003530
0.0000003580
0.0000004530
0.0000010960
0.0000005220
0.0000004890
0.0000006930
0.0000004910
0.0000004430
0.0000003470
0.0000003870
0.0000002840
0.0000004650
0.0000012250
0.0000006820
0.0000006560
0.0000008040
0.0000005710
0.0000005360
0.0000004830
0.0000003650
0.0000003780
0.0000004780
0.0000010780
0.0000007300
0.0000006300
0.0000007920
0.0000006560
0.0000006290
0.0000004860
0.0000004730
0.0000003570
0.0000005040
0.0000008940
0.0000005740
0.0000004720
0.0000006000
0.0000004830
0.0000004390
0.0000003490
0.0000003470
0.0000002840
0.0000003970
0.0000010440
0.0000006960
0.0000006660
0.0000008200
0.0000006670
0.0000006240
0.0000007580
0.0000004170
0.0000003450
0.0000005450
0.0000010310
0.0000006180
0.0000006200
0.0000009350
0.0000006400
0.0000006200
0.0000004320
0.0000004010
0.0000004330
0.0000005250
0.0000010810
0.0000007150
0.0000005600
0.0000008120
0.0000005660
0.0000005060
0.0000005760
0.0000003150
0.0000003130
0.0000005530
0.0000010550
0.0000006650
0.0000006100
0.0000008090
0.0000005420
0.0000005360
0.0000004460
0.0000004410
0.0000002970
0.0000004970
0.0000010180
0.0000006190
0.0000006590
0.0000008340
0.0000006730
0.0000005930
0.0000005140
0.0000003990
0.0000002970
0.0000004950
0.0000009590
0.0000006890
0.0000006610
0.0000007620
0.0000006050
0.0000005640
0.0000004400
0.0000003870
0.0000003850
0.0000005660
0.0000011820
0.0000006770
0.0000006670
0.0000008950
0.0000006350
0.0000006600
0.0000004540
0.0000003770
0.0000003490
0.0000005240
0.0000009800
0.0000006460
0.0000006380
0.0000007750
0.0000006030
0.0000005880
0.0000004700
0.0000003690
0.0000003290
0.0000004470
0.0000010560
0.0000011800
0.0000005790
0.0000007400
0.0000005400
0.0000005240
0.0000004140
0.0000003640
0.0000002930
0.0000005210
0.0000011210
0.0000006380
0.0000006980
0.0000007260
0.0000005510
0.0000004800
0.0000003870
0.0000003600
0.0000003810
0.0000004490
0.0000009910
0.0000006640
0.0000005550
0.0000007110
0.0000005740
0.0000004780
0.0000004110
0.0000003380
0.0000003180
0.0000004440
