0.0256304960
0.0071362720
0.0071060400
0.0071539040
0.0071935300
0.0071451790
0.0071712780
0.0070445220
0.0070604340
0.0072122640
0.0225102500
0.0077217040
0.0071960420
0.0076299180
0.0074024880
0.0073617260
0.0081244080
0.0090107490
0.0089633290
0.0088877700
0.0175041000
0.0066754110
0.0067019560
0.0067323710
0.0066923710
0.0067160740
0.0066495560
0.0067144690
0.0066999760
0.0066251280
0.0177061010
0.0066554270
0.0066597200
0.0066620660
0.0066380070
0.0066294290
0.0084292050
0.0085459970
0.0085301930
0.0084819750
0.0213529590
0.0071287450
0.0071399880
0.0074811780
0.0092357340
0.0105694460
0.0116360490
0.0125875580
0.0120233360
0.0119120160
0.0202827800
0.0071409700
0.0070595690
0.0070948130
0.0070594400
0.0070397240
0.0070069110
0.0071183460
0.0071305550
0.0070344050
0.0231042250
0.0117237720
0.0133896320
0.0076376600
0.0073704810
0.0071630520
0.0098018120
0.0075174830
0.0074495140
0.0070936880
0.0357618730
0.0102234190
0.0074889800
0.0074088510
0.0072641810
0.0073302440
0.0112929770
0.0080539150
0.0068803590
0.0069361820
0.0227163320
0.0124593660
0.0119201180
0.0117190650
0.0117902590
0.0103202760
0.0076350370
0.0072429950
0.0070410460
0.0071304320
0.0212070960
0.0089243240
0.0102357220
0.0124144160
0.0109117890
0.0124448510
0.0107284900
0.0123952700
0.0107497660
0.0122183050
0.0320980030
0.0194197390
0.0070320800
0.0069055050
0.0069580390
0.0067608830
0.0069544150
0.0067564280
0.0067506040
0.0068644000
0.0236129340
0.0078591000
0.0075745500
0.0081152160
0.0076644020
0.0077430410
0.0076180350
0.0076228540
0.0074065740
0.0072171970
0.0238471580
0.0122651970
0.0110400600
0.0122490440
0.0111987490
0.0146940730
0.0134214740
0.0148053170
0.0134591090
0.0146309540
0.0257256840
0.0171610820
0.0153707690
0.0174097750
0.0151299290
0.0175278010
0.0153052320
0.0180397270
0.0148181420
0.0177472010
0.0223990020
0.0119013130
0.0115936940
0.0153824800
0.0117371120
0.0086633280
0.0075720420
0.0076356240
0.0070830880
0.0070447050
0.0245942640
0.0119635240
0.0118277430
0.0118186390
0.0118177600
0.0085527680
0.0077131090
0.0072046110
0.0071383710
0.0074970980
0.0276691700
0.0077672360
0.0073392440
0.0071720320
0.0070826430
0.0070584840
0.0084975190
0.0087420400
0.0086538360
0.0094011550
0.0275728780
0.0096957010
0.0138942840
0.0138921340
0.0092656690
0.0092792260
0.0087281660
0.0088452780
0.0098424520
0.0118938220
0.0203731450
0.0070643370
0.0070520570
0.0070937620
0.0070470690
0.0070338980
0.0069638970
0.0070534460
0.0070246040
0.0069537830
0.0282022450
0.0191427220
0.0191358960
0.0195492600
0.0170456470
0.0140266060
0.0115153190
0.0120113950
0.0115144060
0.0119363300
