0.0000023390
0.0000016890
0.0000015260
0.0000015460
0.0000014370
0.0000012550
0.0000013400
0.0000012970
0.0000012220
0.0000013140
0.0000025780
0.0000019300
0.0000018550
0.0000016690
0.0000016040
0.0000014340
0.0000014020
0.0000014340
0.0000012870
0.0000014640
0.0000026860
0.0000021740
0.0000020600
0.0000015810
0.0000014630
0.0000013090
0.0000013630
0.0000014370
0.0000012810
0.0000014140
0.0000025130
0.0000021520
0.0000018890
0.0000019300
0.0000014070
0.0000012640
0.0000012900
0.0000013290
0.0000012340
0.0000012820
0.0000024870
0.0000016440
0.0000014760
0.0000014660
0.0000014010
0.0000013210
0.0000013110
0.0000013410
0.0000012470
0.0000013040
0.0000025380
0.0000016600
0.0000014420
0.0000014620
0.0000013650
0.0000012630
0.0000012970
0.0000013480
0.0000012360
0.0000013070
0.0000025690
0.0000020780
0.0000015240
0.0000014460
0.0000013560
0.0000012450
0.0000012770
0.0000013250
0.0000012190
0.0000012700
0.0000025280
0.0000022000
0.0000020100
0.0000019290
0.0000019480
0.0000013730
0.0000013400
0.0000014110
0.0000012300
0.0000012820
0.0000023280
0.0000018420
0.0000016010
0.0000015900
0.0000014770
0.0000013240
0.0000013720
0.0000014210
0.0000013540
0.0000013830
0.0000025760
0.0000022140
0.0000015840
0.0000014490
0.0000015150
0.0000013420
0.0000013750
0.0000014160
0.0000013080
0.0000013750
0.0000026200
0.0000018040
0.0000015680
0.0000015110
0.0000014360
0.0000013680
0.0000012890
0.0000014460
0.0000013190
0.0000013120
0.0000029650
0.0000020910
0.0000018290
0.0000017720
0.0000017690
0.0000015560
0.0000016020
0.0000016390
0.0000015730
0.0000016080
0.0000025490
0.0000017870
0.0000015570
0.0000014620
0.0000019110
0.0000012780
0.0000013390
0.0000013740
0.0000012450
0.0000013390
0.0000030380
0.0000020780
0.0000017840
0.0000017030
0.0000016620
0.0000014560
0.0000014870
0.0000015620
0.0000013670
0.0000014950
0.0000031780
0.0000021290
0.0000018460
0.0000018130
0.0000016800
0.0000015210
0.0000015130
0.0000015520
0.0000014890
0.0000014840
0.0000026230
0.0000020120
0.0000018160
0.0000017650
0.0000017230
0.0000014770
0.0000015670
0.0000016110
0.0000014360
0.0000015550
0.0000024410
0.0000016290
0.0000013950
0.0000014550
0.0000013970
0.0000012690
0.0000012500
0.0000013120
0.0000012090
0.0000013080
0.0000025640
0.0000021670
0.0000018750
0.0000018560
0.0000018690
0.0000017180
0.0000012380
0.0000013630
0.0000012410
0.0000013000
0.0000025090
0.0000018470
0.0000016420
0.0000016970
0.0000015610
0.0000013770
0.0000013890
0.0000014300
0.0000013590
0.0000014100
0.0000027310
0.0000022620
0.0000019240
0.0000016230
0.0000015370
0.0000014190
0.0000013550
0.0000015060
0.0000013920
0.0000014350
