0.0000034480
0.0000019400
0.0000017900
0.0000017670
0.0000017410
0.0000015050
0.0000015440
0.0000016090
0.0000014810
0.0000015460
0.0000034760
0.0000028700
0.0000018120
0.0000017300
0.0000016460
0.0000015250
0.0000014230
0.0000015050
0.0000014220
0.0000014850
0.0000031040
0.0000020790
0.0000018330
0.0000016720
0.0000017400
0.0000016130
0.0000015460
0.0000015720
0.0000014790
0.0000015440
0.0000038020
0.0000019990
0.0000017840
0.0000017860
0.0000017220
0.0000015750
0.0000015630
0.0000016250
0.0000015010
0.0000015960
0.0000031270
0.0000027470
0.0000017650
0.0000016480
0.0000016190
0.0000014380
0.0000014670
0.0000015280
0.0000014490
0.0000014430
0.0000034570
0.0000028970
0.0000026660
0.0000025630
0.0000017690
0.0000015790
0.0000015430
0.0000015380
0.0000015040
0.0000015200
0.0000033120
0.0000029130
0.0000028180
0.0000026840
0.0000027050
0.0000025000
0.0000025260
0.0000016980
0.0000015750
0.0000015510
0.0000023850
0.0000018430
0.0000016450
0.0000019380
0.0000016110
0.0000014280
0.0000015110
0.0000015260
0.0000014380
0.0000014770
0.0000031940
0.0000028090
0.0000018920
0.0000017170
0.0000017400
0.0000015770
0.0000015400
0.0000015560
0.0000014740
0.0000015210
0.0000030610
0.0000027220
0.0000016160
0.0000016200
0.0000016070
0.0000014790
0.0000014460
0.0000015050
0.0000013870
0.0000014410
0.0000030840
0.0000023210
0.0000020140
0.0000019360
0.0000018570
0.0000017150
0.0000017330
0.0000018470
0.0000017240
0.0000017890
0.0000034470
0.0000030400
0.0000027820
0.0000027700
0.0000027070
0.0000025170
0.0000025040
0.0000022740
0.0000015780
0.0000016420
0.0000035220
0.0000030620
0.0000022000
0.0000018200
0.0000017430
0.0000016270
0.0000015610
0.0000016750
0.0000016060
0.0000016480
0.0000027570
0.0000021940
0.0000018800
0.0000018420
0.0000018430
0.0000016460
0.0000016130
0.0000016900
0.0000015670
0.0000016510
0.0000030700
0.0000024430
0.0000016790
0.0000016730
0.0000015560
0.0000015040
0.0000014470
0.0000014870
0.0000014250
0.0000014340
0.0000035570
0.0000021820
0.0000018610
0.0000018190
0.0000018160
0.0000016150
0.0000016460
0.0000017190
0.0000016100
0.0000016480
0.0000037360
0.0000026260
0.0000020480
0.0000018830
0.0000018590
0.0000017240
0.0000017430
0.0000017660
0.0000016610
0.0000016980
0.0000031980
0.0000020160
0.0000016600
0.0000016370
0.0000016740
0.0000015070
0.0000015270
0.0000015650
0.0000014840
0.0000015450
0.0000033230
0.0000029280
0.0000026830
0.0000026470
0.0000016730
0.0000015990
0.0000015110
0.0000015970
0.0000014630
0.0000015800
0.0000034090
0.0000029000
0.0000026200
0.0000025490
0.0000025800
0.0000024220
0.0000024260
0.0000016040
0.0000015050
0.0000015560
