0.0141133700
0.0065649770
0.0067577530
0.0063847880
0.0059733720
0.0057804520
0.0056289350
0.0056174310
0.0049759630
0.0038580360
0.0149485350
0.0062170730
0.0053043420
0.0055063460
0.0064482050
0.0062065600
0.0065157300
0.0061279270
0.0059213210
0.0054883170
0.0089547320
0.0033151320
0.0032074710
0.0032440280
0.0031984890
0.0032643480
0.0032049890
0.0032246520
0.0032364930
0.0032064410
0.0124011710
0.0078340510
0.0079863790
0.0079460180
0.0078572280
0.0077917920
0.0077645450
0.0080210850
0.0078822920
0.0091805370
0.0142932080
0.0090650360
0.0109126410
0.0116300460
0.0103767920
0.0089156170
0.0104537190
0.0115950910
0.0104774560
0.0086956870
0.0144261080
0.0114920260
0.0115407190
0.0095513780
0.0093440890
0.0112792960
0.0114990530
0.0095857690
0.0088165330
0.0108861640
0.0167414740
0.0126082190
0.0129525820
0.0118536410
0.0129364150
0.0118563360
0.0114486870
0.0110229550
0.0107309830
0.0094145590
0.0098625050
0.0033462270
0.0033063070
0.0032781600
0.0032388690
0.0032218420
0.0031754900
0.0031970680
0.0031808160
0.0031569400
0.0101214910
0.0035740980
0.0034250340
0.0033668520
0.0032967630
0.0032389630
0.0036722320
0.0034818560
0.0034481280
0.0032529990
0.0145068940
0.0107967670
0.0103162790
0.0097777520
0.0104799260
0.0109520410
0.0105175720
0.0097265630
0.0099836290
0.0109341570
0.0106012350
0.0070512840
0.0076164610
0.0074919270
0.0075350160
0.0084520330
0.0084379210
0.0057249170
0.0052800220
0.0036986120
0.0118216650
0.0052976810
0.0060214150
0.0059956660
0.0050982440
0.0050587910
0.0059054040
0.0060302170
0.0050362110
0.0049500610
0.0106121220
0.0034947690
0.0034955460
0.0034997940
0.0041432350
0.0056425540
0.0063374380
0.0062937810
0.0058879330
0.0048548770
0.0101707250
0.0033932050
0.0033622700
0.0033916970
0.0033735400
0.0033495210
0.0033228230
0.0033325900
0.0033142760
0.0032880550
0.0117144570
0.0040217680
0.0037176950
0.0035229980
0.0034762490
0.0034463850
0.0034350270
0.0034128750
0.0033719380
0.0033315230
0.0104907460
0.0035497070
0.0035338560
0.0034938840
0.0048530980
0.0038943470
0.0038150460
0.0036472940
0.0036063510
0.0035100720
0.0106694970
0.0035073250
0.0034496530
0.0042044980
0.0037845420
0.0035572810
0.0034416160
0.0034420800
0.0034619210
0.0033642830
0.0144252460
0.0084630030
0.0083799700
0.0083784870
0.0083831820
0.0050977820
0.0044182200
0.0045253800
0.0042737260
0.0041989370
0.0101619100
0.0034787260
0.0034567800
0.0034876800
0.0034562590
0.0034583350
0.0033896760
0.0034164260
0.0034209280
0.0033716170
0.0123898100
0.0080275420
0.0082492670
0.0060853110
0.0063770950
0.0056578950
0.0060309940
0.0055383060
0.0060411430
0.0055129340
