0.0002085740
0.0000406780
0.0000379130
0.0000376210
0.0000379970
0.0000378360
0.0000376080
0.0000375890
0.0000373740
0.0000374350
0.0002169450
0.0000406700
0.0000382550
0.0000385040
0.0000378620
0.0000375440
0.0000373730
0.0000372630
0.0000373200
0.0000371650
0.0003485400
0.0000728620
0.0000506150
0.0000459670
0.0000458530
0.0000454540
0.0000461170
0.0000455940
0.0000462380
0.0000453990
0.0002044560
0.0000427960
0.0000417770
0.0000421150
0.0000417680
0.0000418770
0.0000419190
0.0000418220
0.0000417200
0.0000417610
0.0002108220
0.0000409420
0.0000439500
0.0000416430
0.0000410800
0.0000410540
0.0000407560
0.0000431220
0.0000408620
0.0000406330
0.0003013110
0.0001187960
0.0001240750
0.0001209460
0.0001209090
0.0001208520
0.0001209040
0.0001210390
0.0001210160
0.0001209240
0.0003134460
0.0000654910
0.0000530960
0.0000484680
0.0000471050
0.0000472440
0.0000477930
0.0000476320
0.0000470480
0.0000473430
0.0002034190
0.0000384580
0.0000375440
0.0000372750
0.0000374380
0.0000369000
0.0000370550
0.0000371580
0.0000371480
0.0000369920
0.0002174150
0.0000432500
0.0000432350
0.0000431160
0.0000430610
0.0000429070
0.0000429180
0.0000429930
0.0000428680
0.0000430000
0.0002206060
0.0000413220
0.0000403450
0.0000405320
0.0000400500
0.0000400760
0.0000399080
0.0000402610
0.0000400620
0.0000403510
0.0002023410
0.0000384640
0.0000373980
0.0000374000
0.0000373050
0.0000370240
0.0000375720
0.0000372070
0.0000516030
0.0000366700
0.0002061020
0.0000400660
0.0000393020
0.0000393990
0.0000405330
0.0000391660
0.0000391780
0.0000391100
0.0000390780
0.0000389700
0.0002288920
0.0000460340
0.0000454990
0.0000456200
0.0000453400
0.0000452260
0.0000453080
0.0000456820
0.0000501100
0.0000507380
0.0002569340
0.0000496720
0.0000458790
0.0000455760
0.0000449740
0.0000457220
0.0000451120
0.0000452660
0.0000452860
0.0000478640
0.0001980620
0.0000382300
0.0000358990
0.0000358060
0.0000360460
0.0000359140
0.0000358790
0.0000358330
0.0000413400
0.0000374600
0.0002114490
0.0000391420
0.0000379780
0.0000382970
0.0000378460
0.0000376830
0.0000378830
0.0000379340
0.0000378100
0.0000379870
0.0001979900
0.0000387450
0.0000373400
0.0000374650
0.0000371700
0.0000370300
0.0000371660
0.0000370520
0.0000371260
0.0000371590
0.0002042200
0.0000406290
0.0000402620
0.0000400810
0.0000397520
0.0000400630
0.0000399310
0.0000403730
0.0000400830
0.0000400030
0.0002793950
0.0000443030
0.0000393550
0.0000397850
0.0000397560
0.0000391070
0.0000392970
0.0000395020
0.0000392250
0.0000395690
0.0002663870
0.0000506930
0.0000418360
0.0000416560
0.0000413540
0.0000411100
0.0000413520
0.0000415050
0.0000413120
0.0000415450
