0.0000028980
0.0000026260
0.0000023860
0.0000022200
0.0000021420
0.0000019630
0.0000019240
0.0000020130
0.0000019110
0.0000019860
0.0000044510
0.0000029820
0.0000023480
0.0000022980
0.0000021770
0.0000020690
0.0000020580
0.0000020970
0.0000019620
0.0000020260
0.0000038130
0.0000026930
0.0000026740
0.0000025120
0.0000024100
0.0000023580
0.0000022840
0.0000022820
0.0000021190
0.0000022350
0.0000033050
0.0000025890
0.0000023730
0.0000023860
0.0000021830
0.0000020460
0.0000020890
0.0000021450
0.0000020590
0.0000021120
0.0000046310
0.0000034600
0.0000025300
0.0000024060
0.0000022670
0.0000020690
0.0000020860
0.0000021690
0.0000020550
0.0000021120
0.0000049050
0.0000038720
0.0000027250
0.0000027580
0.0000026150
0.0000025190
0.0000025470
0.0000025550
0.0000024380
0.0000025730
0.0000045420
0.0000038630
0.0000022290
0.0000023400
0.0000021510
0.0000019510
0.0000019710
0.0000020350
0.0000019790
0.0000020170
0.0000044080
0.0000039500
0.0000022710
0.0000022480
0.0000021130
0.0000019890
0.0000019910
0.0000020600
0.0000019010
0.0000019770
0.0000043310
0.0000030860
0.0000024100
0.0000022980
0.0000022460
0.0000020270
0.0000020250
0.0000021350
0.0000020020
0.0000020020
0.0000047850
0.0000025820
0.0000024460
0.0000023910
0.0000022430
0.0000021270
0.0000020980
0.0000021630
0.0000020900
0.0000021630
0.0000035250
0.0000029920
0.0000033060
0.0000026820
0.0000028020
0.0000023040
0.0000022820
0.0000022710
0.0000021120
0.0000022180
0.0000045470
0.0000041940
0.0000026110
0.0000024590
0.0000023890
0.0000021430
0.0000021330
0.0000021240
0.0000020050
0.0000020310
0.0000045280
0.0000040000
0.0000038680
0.0000038240
0.0000021780
0.0000020210
0.0000020510
0.0000020730
0.0000020090
0.0000020820
0.0000038130
0.0000031870
0.0000028180
0.0000026780
0.0000026490
0.0000024470
0.0000024250
0.0000024720
0.0000022860
0.0000023650
0.0000041880
0.0000038140
0.0000036660
0.0000036410
0.0000031950
0.0000020060
0.0000019610
0.0000020240
0.0000019500
0.0000019790
0.0000038550
0.0000031400
0.0000030410
0.0000027890
0.0000025880
0.0000022920
0.0000023980
0.0000024290
0.0000023010
0.0000023600
0.0000038330
0.0000032540
0.0000027060
0.0000026330
0.0000026210
0.0000022830
0.0000024100
0.0000024380
0.0000023320
0.0000023410
0.0000046590
0.0000039070
0.0000023450
0.0000023990
0.0000022490
0.0000021020
0.0000020630
0.0000021300
0.0000019800
0.0000020840
0.0000038810
0.0000031340
0.0000028230
0.0000028110
0.0000025240
0.0000024020
0.0000025090
0.0000024110
0.0000022770
0.0000023790
0.0000044590
0.0000025310
0.0000024190
0.0000022660
0.0000021740
0.0000020070
0.0000020880
0.0000020450
0.0000019200
0.0000020160
