0.0075033480
0.0048762930
0.0048198060
0.0048142580
0.0047928950
0.0048416620
0.0047544440
0.0047870560
0.0048623480
0.0047722680
0.0079126130
0.0046967770
0.0046565030
0.0046344160
0.0046573190
0.0046297270
0.0046499620
0.0046373160
0.0046265620
0.0046294290
0.0080133310
0.0050593490
0.0049853930
0.0049721880
0.0049808410
0.0049783400
0.0049941610
0.0049906620
0.0049800750
0.0050177580
0.0079291100
0.0050261410
0.0049850350
0.0050032500
0.0049877430
0.0049497810
0.0049235580
0.0049207730
0.0049196550
0.0049088380
0.0075526720
0.0028186980
0.0027261400
0.0026857850
0.0027181900
0.0026851990
0.0030667240
0.0035659400
0.0036510930
0.0036354980
0.0080653200
0.0037411810
0.0045168790
0.0045406360
0.0048416630
0.0048683640
0.0050065490
0.0047391960
0.0046574820
0.0045658210
0.0075606840
0.0027981580
0.0026998230
0.0026957180
0.0026883440
0.0026830280
0.0026383230
0.0026612730
0.0026621250
0.0026536300
0.0074955190
0.0027798430
0.0026786690
0.0026662350
0.0026798630
0.0026883950
0.0026395550
0.0026308910
0.0026272030
0.0026468860
0.0084453050
0.0050155760
0.0048978740
0.0048718680
0.0038246090
0.0032296950
0.0029766780
0.0028159950
0.0028336320
0.0027237840
0.0072231750
0.0027470310
0.0028619030
0.0026780010
0.0027172920
0.0026497960
0.0026412750
0.0026238470
0.0026077500
0.0025965520
0.0081051410
0.0028290100
0.0027636660
0.0027735640
0.0027903750
0.0027895100
0.0027506890
0.0027382960
0.0027296760
0.0027320720
0.0082801440
0.0029048810
0.0028493680
0.0028210000
0.0032249990
0.0037055450
0.0036876720
0.0037285700
0.0036989740
0.0036421940
0.0087430680
0.0030182720
0.0028865670
0.0028623550
0.0028813940
0.0028722250
0.0028024620
0.0027906850
0.0027777790
0.0027626850
0.0081659650
0.0029411570
0.0028043100
0.0027808590
0.0027896860
0.0028020890
0.0027822850
0.0027535470
0.0027650880
0.0028137860
0.0083966150
0.0030132230
0.0029372060
0.0029254770
0.0029337810
0.0029403020
0.0029963090
0.0029281740
0.0029054820
0.0028792440
0.0072585270
0.0028432400
0.0027013730
0.0026809500
0.0026693020
0.0026144390
0.0025883060
0.0025952860
0.0025849600
0.0025782000
0.0075627460
0.0027968110
0.0027277710
0.0027166320
0.0027283330
0.0026719540
0.0027727260
0.0027304160
0.0026817430
0.0026999470
0.0084198000
0.0029755090
0.0029053200
0.0029014140
0.0029300120
0.0028855540
0.0029431680
0.0028862300
0.0029626570
0.0028843660
0.0094449700
0.0046177010
0.0045944860
0.0039509420
0.0031899690
0.0030675210
0.0029230510
0.0028375130
0.0027998600
0.0027885020
0.0094633270
0.0045937110
0.0045724190
0.0040302080
0.0031741560
0.0030238360
0.0029460230
0.0027907820
0.0027873900
0.0027485510
