0.0000022920
0.0000016570
0.0000015000
0.0000013520
0.0000013420
0.0000012100
0.0000011730
0.0000012570
0.0000011680
0.0000012100
0.0000027520
0.0000015570
0.0000014720
0.0000015190
0.0000014310
0.0000012890
0.0000013600
0.0000012940
0.0000011980
0.0000012850
0.0000024300
0.0000018120
0.0000015360
0.0000015140
0.0000014680
0.0000013110
0.0000013020
0.0000013480
0.0000012190
0.0000013370
0.0000027000
0.0000017840
0.0000019430
0.0000017510
0.0000015020
0.0000012700
0.0000013010
0.0000014400
0.0000012320
0.0000013830
0.0000022760
0.0000017590
0.0000016330
0.0000014690
0.0000016430
0.0000013160
0.0000013500
0.0000013290
0.0000012110
0.0000012780
0.0000023610
0.0000017760
0.0000015310
0.0000015010
0.0000014720
0.0000012910
0.0000013120
0.0000013640
0.0000013060
0.0000014010
0.0000022460
0.0000019110
0.0000017770
0.0000014650
0.0000013720
0.0000012290
0.0000012250
0.0000013570
0.0000011960
0.0000012300
0.0000022300
0.0000017640
0.0000013760
0.0000013270
0.0000013500
0.0000011940
0.0000012190
0.0000012630
0.0000011660
0.0000012440
0.0000025210
0.0000018360
0.0000016120
0.0000014950
0.0000014870
0.0000012300
0.0000012640
0.0000013380
0.0000012080
0.0000012660
0.0000023020
0.0000020020
0.0000016960
0.0000014440
0.0000014430
0.0000012770
0.0000012250
0.0000012980
0.0000011410
0.0000012490
0.0000024760
0.0000020960
0.0000017730
0.0000014650
0.0000015040
0.0000012890
0.0000013010
0.0000014360
0.0000012920
0.0000013450
0.0000022000
0.0000015730
0.0000015030
0.0000013910
0.0000014700
0.0000012100
0.0000012620
0.0000012610
0.0000011410
0.0000012380
0.0000037230
0.0000025420
0.0000021320
0.0000021980
0.0000020810
0.0000018520
0.0000019330
0.0000018910
0.0000018510
0.0000019440
0.0000023200
0.0000016300
0.0000015110
0.0000013540
0.0000014060
0.0000011830
0.0000012160
0.0000012440
0.0000011110
0.0000012250
0.0000023710
0.0000019590
0.0000017770
0.0000016970
0.0000016160
0.0000014440
0.0000015040
0.0000013310
0.0000012460
0.0000013310
0.0000026070
0.0000021080
0.0000019030
0.0000016030
0.0000016050
0.0000014280
0.0000014230
0.0000014990
0.0000013370
0.0000014210
0.0000022760
0.0000019130
0.0000017090
0.0000014410
0.0000013870
0.0000012200
0.0000012340
0.0000012880
0.0000012140
0.0000012750
0.0000024260
0.0000018980
0.0000015870
0.0000016470
0.0000014880
0.0000013450
0.0000014190
0.0000013730
0.0000012480
0.0000013060
0.0000033780
0.0000026520
0.0000021840
0.0000021900
0.0000026440
0.0000019010
0.0000018860
0.0000019760
0.0000018030
0.0000019210
0.0000035190
0.0000025550
0.0000023430
0.0000022420
0.0000022710
0.0000019730
0.0000018590
0.0000020000
0.0000019100
0.0000019960
