0.0009349200
0.0004051270
0.0003316960
0.0003353740
0.0003195940
0.0003112650
0.0002970100
0.0002952680
0.0002852510
0.0003345800
0.0009302580
0.0002711410
0.0002435820
0.0003186890
0.0003466870
0.0003346970
0.0003211600
0.0002866340
0.0003062550
0.0002776270
0.0013446860
0.0006844500
0.0005774220
0.0005160980
0.0005459140
0.0004999170
0.0004982760
0.0005571650
0.0006089010
0.0005363090
0.0011716610
0.0005215620
0.0004809200
0.0004323270
0.0004155680
0.0003809650
0.0003674740
0.0003679450
0.0004116500
0.0004230070
0.0008965260
0.0002039340
0.0001898360
0.0001843110
0.0001870740
0.0001853180
0.0001855850
0.0001844030
0.0001846460
0.0001854370
0.0009093180
0.0002049180
0.0002009070
0.0001903770
0.0001860830
0.0001862170
0.0001856150
0.0001877160
0.0001829200
0.0001836290
0.0010472970
0.0005010890
0.0004204800
0.0003709980
0.0003209170
0.0003580150
0.0003675630
0.0003676260
0.0002934530
0.0002830390
0.0008888210
0.0001927710
0.0001765330
0.0001690100
0.0001631360
0.0001671620
0.0001638650
0.0001658780
0.0001636230
0.0001664290
0.0010781610
0.0004368190
0.0003623230
0.0002954620
0.0002285520
0.0002109230
0.0002150700
0.0002135660
0.0002147890
0.0002194470
0.0008934970
0.0002001490
0.0001842710
0.0001890560
0.0001828420
0.0001808150
0.0001833530
0.0001787840
0.0001814080
0.0001802820
0.0009227350
0.0001968200
0.0001800830
0.0001770620
0.0001740440
0.0001751000
0.0001743400
0.0001714350
0.0001778990
0.0001757550
0.0008731500
0.0001937970
0.0001776490
0.0001776210
0.0001699360
0.0001761130
0.0001734680
0.0001707560
0.0001726910
0.0001688980
0.0008920590
0.0001942330
0.0001850290
0.0001834470
0.0001772740
0.0001773890
0.0001796300
0.0001718270
0.0001734380
0.0001773890
0.0008684620
0.0001968910
0.0001970610
0.0001874090
0.0001852150
0.0001963780
0.0002002680
0.0001913970
0.0001995180
0.0001919550
0.0008994520
0.0002048870
0.0001949430
0.0001918550
0.0001895510
0.0001908440
0.0001900910
0.0001923720
0.0001885560
0.0001951030
0.0011256550
0.0004839940
0.0004159140
0.0004110180
0.0003844020
0.0003620300
0.0003547240
0.0003486920
0.0003402700
0.0003450710
0.0009311030
0.0002078780
0.0001957790
0.0001903730
0.0001897310
0.0001859950
0.0001887320
0.0001866470
0.0001866550
0.0001871230
0.0009420680
0.0002309870
0.0002204570
0.0002076240
0.0002010310
0.0002036080
0.0002019910
0.0001991510
0.0001951180
0.0001969510
0.0008960470
0.0001913500
0.0001800770
0.0001765040
0.0001759530
0.0001760870
0.0001747010
0.0001744530
0.0001770770
0.0001752800
0.0009200980
0.0002088060
0.0001980450
0.0001968470
0.0001930170
0.0001920470
0.0001921080
0.0001931210
0.0001900190
0.0001919790
