0.0310483270
0.0189472840
0.0188504960
0.0188662220
0.0187964390
0.0188668380
0.0189551700
0.0189690580
0.0188733710
0.0162222050
0.0350413150
0.0152816400
0.0152184640
0.0203553960
0.0203252870
0.0202978850
0.0203420480
0.0203190970
0.0203664210
0.0203021940
0.0317681920
0.0206956040
0.0206082990
0.0204332280
0.0202719980
0.0201958560
0.0202185180
0.0201106600
0.0199602970
0.0198760060
0.0291438540
0.0117994040
0.0120051070
0.0118781470
0.0118421190
0.0119034660
0.0117851580
0.0119969420
0.0119040740
0.0118217390
0.0293509320
0.0117616650
0.0116760890
0.0116608110
0.0116437480
0.0117855210
0.0116617600
0.0117953090
0.0116300420
0.0116477560
0.0287315850
0.0117117950
0.0118757650
0.0117580790
0.0116630810
0.0116318680
0.0117596800
0.0120006230
0.0117826100
0.0118399150
0.0293456010
0.0117745160
0.0116713800
0.0140332390
0.0118955010
0.0119146260
0.0117629120
0.0117006560
0.0117516980
0.0116906490
0.0324986690
0.0124078580
0.0120621400
0.0119830340
0.0120246420
0.0119590470
0.0130576720
0.0122074700
0.0119604820
0.0120071790
0.0320249090
0.0121813850
0.0123816100
0.0123952310
0.0126147840
0.0121787110
0.0122299020
0.0120687010
0.0120139370
0.0119773330
0.0318730490
0.0119330530
0.0119443590
0.0119070620
0.0118445830
0.0119064910
0.0118396460
0.0117987550
0.0117266730
0.0118719100
0.0328516880
0.0121844270
0.0121083580
0.0120690560
0.0129308970
0.0143879530
0.0123182790
0.0121957310
0.0121503670
0.0121760830
0.0319448480
0.0116983450
0.0115684870
0.0116299220
0.0116959430
0.0116128200
0.0115071820
0.0114395700
0.0114374150
0.0114567030
0.0368950070
0.0188874370
0.0188987940
0.0188743170
0.0187861830
0.0187710460
0.0173054400
0.0129851740
0.0120077980
0.0124698520
0.0389900140
0.0197685430
0.0197033760
0.0198425120
0.0197856510
0.0198304170
0.0197872830
0.0133019490
0.0128411390
0.0127497440
0.0385592900
0.0197714090
0.0197124430
0.0197767710
0.0195888360
0.0195649670
0.0152065500
0.0130299500
0.0122003440
0.0120573830
0.0347957650
0.0186907650
0.0185723500
0.0185843100
0.0185802480
0.0181186460
0.0128532090
0.0121626280
0.0116084440
0.0116128430
0.0367820140
0.0194952740
0.0195092380
0.0194174200
0.0194264260
0.0193752980
0.0150266030
0.0127867710
0.0117509640
0.0116486300
0.0380032370
0.0254798030
0.0206883460
0.0216265840
0.0205739020
0.0153782320
0.0132279710
0.0121249430
0.0118035910
0.0116892870
0.0351068690
0.0185599620
0.0185299950
0.0185363590
0.0185261830
0.0185694300
0.0185572880
0.0172053850
0.0127780700
0.0121414560
0.0379484240
0.0204061560
0.0229203700
0.0212509130
0.0201457200
0.0200789130
0.0210187390
0.0201780310
0.0149308730
0.0128233680
