0.0000663910
0.0000094160
0.0000096630
0.0000093500
0.0000099280
0.0000097150
0.0000089790
0.0000095830
0.0000095050
0.0000095220
0.0000661270
0.0000092110
0.0000093510
0.0000091010
0.0000092400
0.0000093380
0.0000088520
0.0000091690
0.0000089830
0.0000091620
0.0000645530
0.0000101210
0.0000095880
0.0000097840
0.0000095920
0.0000095420
0.0000090130
0.0000093920
0.0000091350
0.0000093920
0.0000648730
0.0000099100
0.0000095340
0.0000092550
0.0000095330
0.0000099370
0.0000097140
0.0000094970
0.0000095400
0.0000094730
0.0000686250
0.0000104760
0.0000097650
0.0000094820
0.0000103150
0.0000113600
0.0000112690
0.0000115750
0.0000093870
0.0000121650
0.0000948320
0.0000142900
0.0000118860
0.0000110040
0.0000119790
0.0000115660
0.0000110530
0.0000113380
0.0000116070
0.0000116780
0.0000770490
0.0000114240
0.0000115840
0.0000109560
0.0000114230
0.0000112770
0.0000108480
0.0000110360
0.0000110030
0.0000110560
0.0000723980
0.0000108150
0.0000108460
0.0000106420
0.0000108960
0.0000107230
0.0000103980
0.0000104980
0.0000102450
0.0000107040
0.0000623830
0.0000103040
0.0000106050
0.0000103880
0.0000105510
0.0000105050
0.0000097690
0.0000108410
0.0000102400
0.0000104600
0.0000724730
0.0000103970
0.0000104760
0.0000102100
0.0000103530
0.0000102390
0.0000097320
0.0000101410
0.0000101640
0.0000102070
0.0000739390
0.0000106300
0.0000107680
0.0000106780
0.0000106810
0.0000106720
0.0000103700
0.0000104780
0.0000103310
0.0000106820
0.0000921100
0.0000117940
0.0000114220
0.0000111820
0.0000113790
0.0000114140
0.0000107380
0.0000111400
0.0000109600
0.0000112060
0.0001015330
0.0000123740
0.0000123840
0.0000115060
0.0000123460
0.0000117350
0.0000116730
0.0000119810
0.0000115390
0.0000118020
0.0001062910
0.0000131810
0.0000119140
0.0000111600
0.0000121550
0.0000119020
0.0000113760
0.0000113190
0.0000114790
0.0000113780
0.0000747540
0.0000112120
0.0000120260
0.0000111200
0.0000123770
0.0000123400
0.0000109500
0.0000119260
0.0000118650
0.0000120500
0.0000897260
0.0000116250
0.0000114990
0.0000114250
0.0000116230
0.0000118030
0.0000111440
0.0000168420
0.0000120190
0.0000121760
0.0000639800
0.0000108910
0.0000112670
0.0000103760
0.0000112340
0.0000112600
0.0000102100
0.0000110610
0.0000110260
0.0000112140
0.0000653410
0.0000108630
0.0000113630
0.0000107310
0.0000114830
0.0000113130
0.0000100650
0.0000111300
0.0000111180
0.0000113030
0.0000843850
0.0000119150
0.0000117480
0.0000116900
0.0000118120
0.0000118570
0.0000114130
0.0000114730
0.0000114130
0.0000116470
0.0000845470
0.0000118430
0.0000118330
0.0000120240
0.0000118670
0.0000119090
0.0000113430
0.0000115390
0.0000115920
0.0000120120
