0.0000307900
0.0000062990
0.0000054260
0.0000054500
0.0000060460
0.0000054300
0.0000054920
0.0000055070
0.0000074620
0.0000050740
0.0000253450
0.0000064880
0.0000055910
0.0000056320
0.0000059510
0.0000054850
0.0000053910
0.0000054240
0.0000053120
0.0000051890
0.0000246590
0.0000062060
0.0000052530
0.0000053530
0.0000059590
0.0000054720
0.0000052950
0.0000053800
0.0000052990
0.0000051670
0.0000268630
0.0000065770
0.0000057200
0.0000057730
0.0000062730
0.0000056560
0.0000056730
0.0000056460
0.0000055780
0.0000053820
0.0000232950
0.0000064930
0.0000055670
0.0000056390
0.0000061730
0.0000056380
0.0000056780
0.0000055790
0.0000055500
0.0000053600
0.0000325530
0.0000066900
0.0000055640
0.0000056440
0.0000061420
0.0000056100
0.0000057470
0.0000055360
0.0000055220
0.0000054190
0.0000241020
0.0000062860
0.0000053690
0.0000054340
0.0000059420
0.0000054250
0.0000054470
0.0000054720
0.0000053810
0.0000052360
0.0000290500
0.0000076790
0.0000069510
0.0000063400
0.0000069090
0.0000059420
0.0000058450
0.0000060610
0.0000058890
0.0000058040
0.0000253320
0.0000065110
0.0000055320
0.0000056730
0.0000061440
0.0000055770
0.0000056540
0.0000055650
0.0000055330
0.0000052860
0.0000256130
0.0000065000
0.0000056820
0.0000056070
0.0000061690
0.0000055930
0.0000055710
0.0000055420
0.0000054650
0.0000052660
0.0000330990
0.0000077700
0.0000066120
0.0000068950
0.0000073740
0.0000064970
0.0000065770
0.0000065520
0.0000063970
0.0000064390
0.0000244240
0.0000062570
0.0000053180
0.0000052880
0.0000058880
0.0000053120
0.0000052640
0.0000052740
0.0000051410
0.0000050680
0.0000335420
0.0000213380
0.0000066360
0.0000064210
0.0000070010
0.0000063310
0.0000063140
0.0000062730
0.0000061410
0.0000059920
0.0000273520
0.0000073610
0.0000058850
0.0000059230
0.0000064830
0.0000059190
0.0000059410
0.0000058920
0.0000057720
0.0000056360
0.0000327110
0.0000067210
0.0000057250
0.0000058400
0.0000063960
0.0000058030
0.0000057710
0.0000058000
0.0000057000
0.0000055600
0.0000264100
0.0000072080
0.0000060540
0.0000062280
0.0000068460
0.0000061910
0.0000063150
0.0000062050
0.0000060770
0.0000059320
0.0000265560
0.0000069670
0.0000060250
0.0000060580
0.0000066070
0.0000060290
0.0000060270
0.0000060080
0.0000059880
0.0000058110
0.0000288180
0.0000072130
0.0000061340
0.0000062360
0.0000068830
0.0000061670
0.0000061980
0.0000062440
0.0000061890
0.0000059730
0.0000247700
0.0000063370
0.0000054130
0.0000053600
0.0000059960
0.0000053460
0.0000053850
0.0000053920
0.0000052750
0.0000065810
0.0000258800
0.0000064630
0.0000055400
0.0000055540
0.0000060880
0.0000055610
0.0000055340
0.0000055310
0.0000053420
0.0000052430
