0.0001506370
0.0000263550
0.0000217750
0.0000219610
0.0000210810
0.0000215350
0.0000224640
0.0000219790
0.0000215000
0.0000229940
0.0001634180
0.0000272060
0.0000204190
0.0000203530
0.0000203340
0.0000200610
0.0000212440
0.0000203090
0.0000203240
0.0000211070
0.0000996580
0.0000186020
0.0000191860
0.0000183890
0.0000180060
0.0000181460
0.0000182220
0.0000182690
0.0000184190
0.0000181660
0.0001071480
0.0000257700
0.0000250430
0.0000241970
0.0000242190
0.0000249070
0.0000273070
0.0000249380
0.0000274100
0.0000250750
0.0001038380
0.0000255890
0.0000251820
0.0000255810
0.0000244930
0.0000247430
0.0000251510
0.0000247270
0.0000255350
0.0000202700
0.0001027360
0.0000201660
0.0000194780
0.0000195430
0.0000191720
0.0000195550
0.0000193740
0.0000191920
0.0000193090
0.0000193470
0.0001128070
0.0000208260
0.0000209360
0.0000210760
0.0000205570
0.0000208050
0.0000207420
0.0000208090
0.0000207530
0.0000208720
0.0001070890
0.0000221800
0.0000216080
0.0000216050
0.0000216020
0.0000213230
0.0000213830
0.0000214990
0.0000214250
0.0000213260
0.0001166400
0.0000225840
0.0000221060
0.0000221570
0.0000214030
0.0000215930
0.0000215680
0.0000217490
0.0000216120
0.0000216070
0.0001129330
0.0000213470
0.0000214800
0.0000216680
0.0000210840
0.0000212310
0.0000213440
0.0000212270
0.0000213100
0.0000214720
0.0000951040
0.0000194220
0.0000191220
0.0000190970
0.0000186890
0.0000188220
0.0000188240
0.0000189500
0.0000188870
0.0000189390
0.0001358220
0.0000299950
0.0000252630
0.0000237030
0.0000227070
0.0000233780
0.0000233500
0.0000234560
0.0000237440
0.0000234240
0.0001736180
0.0000292010
0.0000257300
0.0000254360
0.0000254260
0.0000245600
0.0000251120
0.0000247400
0.0000256200
0.0000249670
0.0001361490
0.0000278020
0.0000264240
0.0000268510
0.0000261180
0.0000259140
0.0000259470
0.0000260630
0.0000263880
0.0000258390
0.0001137330
0.0000206140
0.0000205890
0.0000203830
0.0000203510
0.0000205780
0.0000202520
0.0000204510
0.0000207090
0.0000204470
0.0001217280
0.0000254870
0.0000233570
0.0000234620
0.0000226570
0.0000231490
0.0000235460
0.0000233190
0.0000232700
0.0000233610
0.0001005120
0.0000208270
0.0000210750
0.0000208020
0.0000205170
0.0000204600
0.0000206420
0.0000206010
0.0000204640
0.0000207270
0.0001117910
0.0000231340
0.0000223940
0.0000225840
0.0000221240
0.0000220730
0.0000223340
0.0000221990
0.0000225990
0.0000224750
0.0001265310
0.0000245440
0.0000239600
0.0000237980
0.0000231690
0.0000233490
0.0000233390
0.0000232110
0.0000234040
0.0000235150
0.0000991160
0.0000194960
0.0000192230
0.0000191370
0.0000189060
0.0000188730
0.0000188200
0.0000190590
0.0000189550
0.0000189880
