0.0000585370
0.0000588460
0.0000585170
0.0000586500
0.0000167760
0.0000585690
0.0000586290
0.0000583290
0.0000583450
0.0000585080
0.0000581710
0.0000555490
0.0000582990
0.0000585150
0.0000595000
0.0000583700
0.0000585820
0.0000582900
0.0000583460
0.0000583120
0.0000581300
0.0000583330
0.0000581310
0.0000581710
0.0000552720
0.0000579890
0.0000581590
0.0000584240
0.0000589010
0.0000455100
0.0000582350
0.0000580690
0.0000581770
0.0000582060
0.0000579860
0.0000580750
0.0000580460
0.0000581860
0.0000580470
0.0000580580
0.0000579470
0.0000580160
0.0000580860
0.0000581280
