0.0000585130
0.0000586780
0.0000580500
0.0000581480
0.0000590590
0.0000582650
0.0000581820
0.0000582340
0.0000581980
0.0000333400
0.0000580860
0.0000582820
0.0000580890
0.0000580260
0.0000582900
0.0000581070
0.0000580650
0.0000580750
0.0000583080
0.0000580520
0.0000583730
0.0000583690
0.0000580510
0.0000581080
0.0000582370
0.0000582680
0.0000580300
0.0000580930
0.0000581500
0.0000579480
0.0000550660
0.0000584340
0.0000585710
0.0000604530
0.0000584820
0.0000581210
0.0000581490
0.0000581100
0.0000583760
0.0000581080
0.0000584170
0.0000581280
0.0000582020
0.0000208110
0.0000584950
0.0000582840
0.0000583180
0.0000553480
0.0000581460
0.0000581220
0.0000580280
0.0000579540
0.0000581620
0.0000582900
0.0000580760
0.0000582860
0.0000580350
0.0000581580
0.0000581110
0.0000579480
0.0000580140
0.0000583940
0.0000582470
0.0000584190
0.0000581580
0.0000580910
0.0000579900
0.0000579650
0.0000580850
0.0000581270
0.0000584940
0.0000592410
0.0000555180
