0.0000583490
0.0000585570
0.0000584400
0.0000582740
0.0000587900
0.0000547740
0.0000588790
0.0000587400
0.0000584190
0.0000584510
0.0000252980
0.0000645350
0.0000581700
0.0000583240
0.0000584760
0.0000582910
0.0000584740
0.0000584310
0.0000638230
0.0000587580
0.0000583030
0.0000582620
0.0000587690
0.0000583130
0.0000587300
0.0000585300
0.0000569360
0.0000593670
0.0000582680
0.0000584070
0.0000585940
0.0000162980
0.0000553490
0.0000548680
0.0000585530
0.0000581550
0.0000582100
0.0000557920
0.0000585270
0.0000547620
0.0000583610
0.0000584980
0.0000561110
0.0000583660
0.0000582560
0.0000586630
0.0000585890
0.0000583680
0.0000583090
0.0000582070
0.0000576790
0.0000584010
0.0000587480
0.0000583090
