0.0002281390
0.0002403930
0.0002287290
0.0002279890
0.0002485690
0.0002252950
0.0002281970
0.0002490490
0.0002271520
0.0002281510
0.0000583200
0.0000580970
0.0002286380
0.0002282090
0.0002278340
0.0002282580
0.0002276930
0.0002280590
0.0002280260
0.0002281260
0.0002201390
0.0002280860
0.0002283480
0.0002283760
0.0002283490
0.0002283790
0.0002283700
0.0002280700
0.0002369700
0.0002281850
0.0002283380
0.0000588750
0.0000582300
0.0002290840
0.0002285690
0.0002284230
0.0002288890
0.0002288790
0.0002293200
0.0002285410
0.0002283630
0.0002284990
0.0002285990
0.0000582420
0.0000585060
