0.0000010080
0.0000006130
0.0000005990
0.0000007150
0.0000005680
0.0000005690
0.0000004500
0.0000003980
0.0000003640
0.0000005160
0.0000011690
0.0000012290
0.0000007690
0.0000008690
0.0000007420
0.0000005880
0.0000004700
0.0000004070
0.0000003750
0.0000004550
0.0000011000
0.0000008230
0.0000007750
0.0000009250
0.0000007860
0.0000005750
0.0000004070
0.0000004310
0.0000003990
0.0000005110
0.0000011440
0.0000008010
0.0000008150
0.0000009230
0.0000007580
0.0000007650
0.0000006820
0.0000006370
0.0000006070
0.0000005550
0.0000011290
0.0000006400
0.0000006300
0.0000006600
0.0000005840
0.0000005410
0.0000004220
0.0000004640
0.0000003850
0.0000005200
0.0000011240
0.0000009030
0.0000007980
0.0000011130
0.0000007580
0.0000005140
0.0000004710
0.0000004110
0.0000003620
0.0000004780
0.0000011460
0.0000008450
0.0000008050
0.0000009190
0.0000012100
0.0000007740
0.0000004340
0.0000004620
0.0000004360
0.0000005190
0.0000010800
0.0000008030
0.0000008060
0.0000008840
0.0000007850
0.0000007480
0.0000006480
0.0000006760
0.0000004880
0.0000004980
0.0000011100
0.0000008400
0.0000009860
0.0000007180
0.0000005030
0.0000005270
0.0000004460
0.0000004040
0.0000003720
0.0000005100
0.0000011800
0.0000008520
0.0000008270
0.0000009220
0.0000008160
0.0000007880
0.0000006990
0.0000006570
0.0000006420
0.0000005230
