0.0000966460
0.0000196130
0.0000196480
0.0000196300
0.0000194960
0.0000195300
0.0000194180
0.0000194290
0.0000195400
0.0000196000
0.0000803680
0.0000176900
0.0000178430
0.0000178220
0.0000171440
0.0000174440
0.0000173570
0.0000175270
0.0000175390
0.0000177290
0.0000744070
0.0000172190
0.0000171070
0.0000173310
0.0000168850
0.0000174800
0.0000170460
0.0000170600
0.0000169840
0.0000170090
0.0000855930
0.0000211880
0.0000213770
0.0000210580
0.0000203240
0.0000206680
0.0000210730
0.0000207820
0.0000210260
0.0000210430
0.0000853790
0.0000181530
0.0000182080
0.0000180530
0.0000180080
0.0000180180
0.0000182190
0.0000180900
0.0000179780
0.0000180330
0.0000845170
0.0000180270
0.0000180510
0.0000180250
0.0000177250
0.0000178050
0.0000180420
0.0000178400
0.0000179380
0.0000178710
0.0000851880
0.0000178690
0.0000173740
0.0000174150
0.0000171120
0.0000172770
0.0000172420
0.0000171590
0.0000172080
0.0000172990
0.0000853060
0.0000182190
0.0000183440
0.0000183300
0.0000183340
0.0000180200
0.0000180260
0.0000182420
0.0000181760
0.0000181150
0.0000834330
0.0000177500
0.0000175220
0.0000177850
0.0000172340
0.0000172050
0.0000173210
0.0000173500
0.0000174860
0.0000173180
0.0000805000
0.0000174430
0.0000172890
0.0000173960
0.0000171490
0.0000172590
0.0000172600
0.0000173490
0.0000173250
0.0000174390
0.0000851560
0.0000208550
0.0000269620
0.0000207350
0.0000201190
0.0000204320
0.0000203830
0.0000203380
0.0000203490
0.0000205300
0.0000751340
0.0000177340
0.0000176320
0.0000176920
0.0000173180
0.0000174160
0.0000174760
0.0000174620
0.0000174450
0.0000176160
0.0000852510
0.0000192780
0.0000192900
0.0000193680
0.0000188390
0.0000189400
0.0000191650
0.0000189800
0.0000191370
0.0000191890
0.0000828170
0.0000207560
0.0000208820
0.0000209430
0.0000202980
0.0000206570
0.0000208700
0.0000207430
0.0000208090
0.0000209450
0.0000818280
0.0000184310
0.0000176160
0.0000175340
0.0000171010
0.0000172880
0.0000172760
0.0000172330
0.0000172720
0.0000173870
0.0000809940
0.0000174010
0.0000174530
0.0000174470
0.0000168970
0.0000172990
0.0000172020
0.0000174350
0.0000171870
0.0000173330
0.0000854360
0.0000207290
0.0000202810
0.0000202450
0.0000198360
0.0000200590
0.0000202300
0.0000202970
0.0000202980
0.0000203030
0.0000860560
0.0000181550
0.0000181610
0.0000182320
0.0000177400
0.0000178460
0.0000181980
0.0000177400
0.0000180570
0.0000181340
0.0000807020
0.0000178400
0.0000173540
0.0000176000
0.0000168710
0.0000170600
0.0000171790
0.0000170820
0.0000171610
0.0000171170
0.0000894130
0.0000204520
0.0000207580
0.0000209270
0.0000201730
0.0000205440
0.0000207200
0.0000203470
0.0000205410
0.0000205710
