0.0000097560
0.0000030140
0.0000033800
0.0000027930
0.0000027690
0.0000026430
0.0000026640
0.0000027360
0.0000025930
0.0000030200
0.0000123030
0.0000028750
0.0000026560
0.0000025910
0.0000026030
0.0000024460
0.0000024940
0.0000025010
0.0000023610
0.0000024800
0.0000121870
0.0000059870
0.0000028130
0.0000027470
0.0000026650
0.0000025590
0.0000026210
0.0000026240
0.0000025000
0.0000026120
0.0000116210
0.0000029360
0.0000027780
0.0000027230
0.0000027180
0.0000026050
0.0000025350
0.0000026590
0.0000025170
0.0000026020
0.0000125010
0.0000029780
0.0000027970
0.0000027190
0.0000027340
0.0000025910
0.0000025640
0.0000026340
0.0000025580
0.0000026160
0.0000098390
0.0000029710
0.0000027820
0.0000027710
0.0000027540
0.0000025810
0.0000026110
0.0000026700
0.0000024860
0.0000025700
0.0000118550
0.0000042720
0.0000027250
0.0000027630
0.0000026960
0.0000025490
0.0000026050
0.0000026050
0.0000025090
0.0000025970
0.0000103140
0.0000029410
0.0000027310
0.0000027390
0.0000111590
0.0000026270
0.0000026380
0.0000026300
0.0000026120
0.0000041500
0.0000118510
0.0000110180
0.0000028470
0.0000076780
0.0000026560
0.0000025330
0.0000024590
0.0000025660
0.0000024380
0.0000024970
0.0000123760
0.0000048560
0.0000030190
0.0000028380
0.0000027930
0.0000026700
0.0000027110
0.0000027640
0.0000026110
0.0000026590
