0.0036557780
0.0017351380
0.0014142680
0.0016186190
0.0014726250
0.0013906640
0.0014013040
0.0013869550
0.0013722960
0.0013537760
0.0035252450
0.0014853120
0.0013784770
0.0014634880
0.0013939700
0.0013815090
0.0013844020
0.0013990290
0.0013881600
0.0013749940
0.0035534940
0.0014998590
0.0013941240
0.0014784790
0.0013984720
0.0013887430
0.0013856950
0.0014183680
0.0013998530
0.0013849210
0.0035188030
0.0014976020
0.0014085720
0.0014334870
0.0013944880
0.0013811980
0.0014622300
0.0013956700
0.0013780060
0.0013543870
0.0035322580
0.0014998380
0.0013975460
0.0014950030
0.0014041380
0.0013934470
0.0013942350
0.0013939470
0.0014166030
0.0013803060
0.0035314780
0.0014949090
0.0014188060
0.0014433480
0.0014135390
0.0013802410
0.0014662010
0.0013925540
0.0013815420
0.0013590260
0.0035160440
0.0014584600
0.0013529360
0.0014593290
0.0013837090
0.0013565130
0.0013876640
0.0013754220
0.0013739950
0.0013751770
0.0035372680
0.0014827910
0.0014160310
0.0014560480
0.0014021170
0.0014270470
0.0014562590
0.0014023310
0.0014283460
0.0013587900
0.0036612520
0.0014660770
0.0013676370
0.0014611060
0.0013694250
0.0013714620
0.0013593130
0.0013690420
0.0013533190
0.0013587620
0.0035365930
0.0015031010
0.0014180440
0.0014359990
0.0014069620
0.0013914900
0.0014933130
0.0014446780
0.0013935690
0.0013665800
