0.0000020200
0.0000015790
0.0000013910
0.0000014090
0.0000013730
0.0000012400
0.0000013100
0.0000013080
0.0000012220
0.0000012760
0.0000026200
0.0000017520
0.0000014100
0.0000014130
0.0000013710
0.0000012410
0.0000014030
0.0000012930
0.0000011810
0.0000012860
0.0000023030
0.0000018250
0.0000016280
0.0000015990
0.0000013690
0.0000012510
0.0000012470
0.0000013170
0.0000012450
0.0000013030
0.0000023630
0.0000018900
0.0000017510
0.0000017740
0.0000016490
0.0000015380
0.0000015710
0.0000015880
0.0000014910
0.0000015650
0.0000021450
0.0000017810
0.0000016230
0.0000016190
0.0000015290
0.0000012900
0.0000012670
0.0000013110
0.0000012350
0.0000013040
0.0000022310
0.0000018470
0.0000017480
0.0000015940
0.0000014350
0.0000013200
0.0000012200
0.0000013200
0.0000012030
0.0000012690
0.0000021500
0.0000016760
0.0000015600
0.0000015620
0.0000016040
0.0000015080
0.0000056550
0.0000015710
0.0000014670
0.0000015390
0.0000021880
0.0000017650
0.0000016130
0.0000016620
0.0000014380
0.0000012800
0.0000012740
0.0000012870
0.0000012580
0.0000013320
0.0000021310
0.0000017780
0.0000015840
0.0000013600
0.0000014510
0.0000012650
0.0000012670
0.0000013010
0.0000011860
0.0000012850
0.0000021680
0.0000016880
0.0000015990
0.0000016180
0.0000015480
0.0000014340
0.0000014420
0.0000015270
0.0000014270
0.0000015080
0.0000021660
0.0000017530
0.0000015880
0.0000016020
0.0000013440
0.0000012540
0.0000012420
0.0000013170
0.0000011870
0.0000012550
0.0000020550
0.0000017740
0.0000016000
0.0000047270
0.0000015650
0.0000013920
0.0000014290
0.0000014750
0.0000011990
0.0000012930
0.0000021630
0.0000017770
0.0000016310
0.0000015660
0.0000015310
0.0000012440
0.0000012660
0.0000013560
0.0000012350
0.0000013010
0.0000022490
0.0000017350
0.0000016550
0.0000016320
0.0000015390
0.0000012440
0.0000012470
0.0000012880
0.0000012420
0.0000012560
0.0000021330
0.0000017680
0.0000015550
0.0000013600
0.0000013650
0.0000012010
0.0000012060
0.0000013050
0.0000011870
0.0000012430
0.0000021750
0.0000017570
0.0000016730
0.0000016140
0.0000015990
0.0000014700
0.0000013160
0.0000013370
0.0000012170
0.0000013000
0.0000022340
0.0000018490
0.0000014690
0.0000014860
0.0000017890
0.0000013110
0.0000012570
0.0000013710
0.0000011880
0.0000012740
0.0000026300
0.0000017760
0.0000016540
0.0000016520
0.0000016350
0.0000013030
0.0000012940
0.0000013530
0.0000012030
0.0000013060
0.0000020390
0.0000016690
0.0000015780
0.0000015640
0.0000013490
0.0000012300
0.0000012100
0.0000012980
0.0000011840
0.0000012510
0.0000025040
0.0000018990
0.0000016230
0.0000014450
0.0000014230
0.0000012720
0.0000012790
0.0000012870
0.0000012540
0.0000013590
