0.0000008160
0.0000005340
0.0000004850
0.0000005590
0.0000004350
0.0000004460
0.0000003180
0.0000003050
0.0000002590
0.0000004150
0.0000008990
0.0000005970
0.0000005680
0.0000006560
0.0000005320
0.0000009080
0.0000004160
0.0000004000
0.0000003510
0.0000005040
0.0000008370
0.0000005690
0.0000005410
0.0000005960
0.0000004830
0.0000004610
0.0000003890
0.0000003810
0.0000003360
0.0000004580
0.0000008030
0.0000005510
0.0000005400
0.0000006200
0.0000004390
0.0000004270
0.0000003370
0.0000002930
0.0000002540
0.0000004060
0.0000007930
0.0000005800
0.0000005350
0.0000006860
0.0000005360
0.0000005080
0.0000004160
0.0000003980
0.0000003340
0.0000004740
0.0000008190
0.0000005390
0.0000004740
0.0000005870
0.0000005040
0.0000004850
0.0000004280
0.0000003770
0.0000003090
0.0000004580
0.0000008720
0.0000007940
0.0000005190
0.0000006160
0.0000004510
0.0000004780
0.0000004000
0.0000004140
0.0000003290
0.0000003940
0.0000007830
0.0000005080
0.0000005080
0.0000006370
0.0000004830
0.0000004610
0.0000003800
0.0000003790
0.0000003300
0.0000004570
0.0000007710
0.0000005240
0.0000005070
0.0000005970
0.0000004790
0.0000004370
0.0000003580
0.0000003160
0.0000002970
0.0000004230
0.0000007820
0.0000004820
0.0000004790
0.0000006240
0.0000004760
0.0000004760
0.0000003760
0.0000003670
0.0000003240
0.0000004340
