0.0000012500
0.0000008710
0.0000007560
0.0000008090
0.0000007330
0.0000007430
0.0000008590
0.0000006290
0.0000005310
0.0000006990
0.0000014870
0.0000012260
0.0000011530
0.0000012590
0.0000011720
0.0000011270
0.0000010670
0.0000010440
0.0000010010
0.0000010380
0.0000014200
0.0000011840
0.0000011230
0.0000012600
0.0000010830
0.0000007570
0.0000005850
0.0000011360
0.0000005530
0.0000006790
0.0000011170
0.0000007670
0.0000007210
0.0000008840
0.0000007880
0.0000007340
0.0000005800
0.0000005620
0.0000005570
0.0000007160
0.0000015080
0.0000011710
0.0000011650
0.0000012870
0.0000011510
0.0000011520
0.0000010460
0.0000008430
0.0000005550
0.0000007120
0.0000015820
0.0000009430
0.0000007520
0.0000008500
0.0000007560
0.0000007340
0.0000009000
0.0000005780
0.0000005700
0.0000007070
0.0000015680
0.0000012370
0.0000007840
0.0000009070
0.0000007360
0.0000007600
0.0000005840
0.0000006050
0.0000005750
0.0000007080
0.0000014430
0.0000012130
0.0000011650
0.0000013000
0.0000011580
0.0000011830
0.0000010590
0.0000005460
0.0000005530
0.0000007380
0.0000014620
0.0000012280
0.0000011880
0.0000012700
0.0000011660
0.0000007450
0.0000006290
0.0000005940
0.0000005340
0.0000007020
0.0000014650
0.0000012030
0.0000011450
0.0000012820
0.0000010200
0.0000007290
0.0000006090
0.0000006060
0.0000005780
0.0000007000
