0.0001863430
0.0000350880
0.0000341400
0.0000341340
0.0000343550
0.0000341100
0.0000340580
0.0000342780
0.0000338690
0.0000341340
0.0001552610
0.0000353010
0.0000349250
0.0000349280
0.0000351010
0.0000349250
0.0000348830
0.0000350480
0.0000348160
0.0000348580
0.0001663580
0.0000427180
0.0000342250
0.0000342200
0.0000343080
0.0000343010
0.0000341440
0.0000339340
0.0000341430
0.0000342240
0.0001670560
0.0000362790
0.0000338900
0.0000338730
0.0000338690
0.0000337950
0.0000337150
0.0000338670
0.0000338320
0.0000342010
0.0001596680
0.0000351620
0.0000343920
0.0000343490
0.0000342270
0.0000341490
0.0000342360
0.0000341200
0.0000342900
0.0000341750
0.0001667200
0.0000395190
0.0000387390
0.0000385380
0.0000385440
0.0000387460
0.0000386750
0.0000386620
0.0001373660
0.0000367170
0.0001516690
0.0000341710
0.0000334870
0.0000339530
0.0000334530
0.0000415390
0.0000486280
0.0000337160
0.0000334810
0.0000336800
0.0001633120
0.0000364390
0.0000346800
0.0000342620
0.0000340080
0.0000338840
0.0000338350
0.0000339720
0.0000339160
0.0000337380
0.0001671760
0.0000369940
0.0000357150
0.0000353210
0.0000429240
0.0000485110
0.0000351690
0.0000353850
0.0000353180
0.0000354640
0.0001704140
0.0000413620
0.0000407020
0.0000408040
0.0000407160
0.0000406790
0.0000406390
0.0000404830
0.0000405330
0.0000406480
