0.0000136650
0.0000139490
0.0000023780
0.0000029460
0.0000025510
0.0000021260
0.0000026500
0.0000024080
0.0000019660
0.0000022680
0.0000118680
0.0000025350
0.0000022080
0.0000026140
0.0000021940
0.0000019890
0.0000023970
0.0000020960
0.0000018640
0.0000019730
0.0000131240
0.0000035660
0.0000034920
0.0000034140
0.0000024340
0.0000022500
0.0000025590
0.0000022470
0.0000019450
0.0000020620
0.0000121740
0.0000025830
0.0000022490
0.0000026800
0.0000021870
0.0000020360
0.0000024100
0.0000021350
0.0000018690
0.0000019900
0.0000129890
0.0000027190
0.0000023230
0.0000027250
0.0000022960
0.0000020900
0.0000024680
0.0000022000
0.0000019890
0.0000020600
0.0000128080
0.0000026460
0.0000022810
0.0000027550
0.0000023130
0.0000020870
0.0000024990
0.0000021920
0.0000019140
0.0000020620
0.0000136230
0.0000028020
0.0000025460
0.0000027370
0.0000023300
0.0000020880
0.0000025560
0.0000022930
0.0000020980
0.0000020720
0.0000134980
0.0000026130
0.0000023240
0.0000027220
0.0000023220
0.0000021190
0.0000024920
0.0000021400
0.0000019340
0.0000020710
0.0000125690
0.0000026480
0.0000086510
0.0000026120
0.0000022310
0.0000020460
0.0000024270
0.0000021430
0.0000018720
0.0000020830
0.0000119300
0.0000028710
0.0000023400
0.0000027840
0.0000023200
0.0000021060
0.0000024960
0.0000022070
0.0000019660
0.0000020670
