0.0000537160
0.0000088260
0.0000167940
0.0000082950
0.0000083440
0.0000084800
0.0000078700
0.0000081590
0.0000082070
0.0000084710
0.0000530850
0.0000201930
0.0000098670
0.0000093320
0.0000095970
0.0000098990
0.0000090120
0.0000094150
0.0000094940
0.0000099000
0.0000534990
0.0000090950
0.0000093290
0.0000087860
0.0000093930
0.0000093290
0.0000084600
0.0000092670
0.0000090470
0.0000093680
0.0000479970
0.0000085600
0.0000086420
0.0000081840
0.0000084240
0.0000082770
0.0000078680
0.0000083080
0.0000079730
0.0000084070
0.0000516540
0.0000088520
0.0000089590
0.0000083790
0.0000087470
0.0000088330
0.0000080080
0.0000085400
0.0000087810
0.0000085070
0.0000511250
0.0000080990
0.0000084100
0.0000183050
0.0000084660
0.0000143240
0.0000086110
0.0000090190
0.0000152010
0.0000083070
0.0000505580
0.0000082220
0.0000082560
0.0000081900
0.0000082700
0.0000083540
0.0000081040
0.0000081130
0.0000081850
0.0000084530
0.0000528030
0.0000085760
0.0000087220
0.0000088350
0.0000090930
0.0000089590
0.0000086710
0.0000088430
0.0000087770
0.0000090510
0.0000528010
0.0000095360
0.0000095510
0.0000090100
0.0000093890
0.0000094850
0.0000086460
0.0000093640
0.0000094300
0.0000095560
0.0000505950
0.0000091790
0.0000091740
0.0000088640
0.0000087870
0.0000090350
0.0000086690
0.0000090270
0.0000089650
0.0000090580
