0.0000021280
0.0000011810
0.0000011790
0.0000012850
0.0000011570
0.0000011340
0.0000011500
0.0000010660
0.0000009210
0.0000012830
0.0000021880
0.0000019430
0.0000018340
0.0000019520
0.0000018380
0.0000018320
0.0000009150
0.0000009400
0.0000008520
0.0000011150
0.0000023180
0.0000019800
0.0000018870
0.0000011850
0.0000010340
0.0000010310
0.0000009200
0.0000009370
0.0000009030
0.0000011100
0.0000022570
0.0000019880
0.0000013450
0.0000012160
0.0000010900
0.0000010550
0.0000009420
0.0000009490
0.0000009660
0.0000011690
0.0000021380
0.0000018350
0.0000016790
0.0000011440
0.0000010410
0.0000009840
0.0000009530
0.0000008750
0.0000008370
0.0000011490
0.0000021760
0.0000018830
0.0000015880
0.0000011540
0.0000010380
0.0000009550
0.0000008840
0.0000009370
0.0000008910
0.0000011100
0.0000021950
0.0000021040
0.0000019520
0.0000012050
0.0000010930
0.0000010730
0.0000009750
0.0000009380
0.0000008900
0.0000011840
0.0000015650
0.0000011710
0.0000011610
0.0000017440
0.0000010550
0.0000010430
0.0000009710
0.0000009490
0.0000008580
0.0000011260
0.0000022040
0.0000019690
0.0000017570
0.0000011620
0.0000011040
0.0000010310
0.0000009360
0.0000009330
0.0000008540
0.0000010330
0.0000023130
0.0000019680
0.0000019650
0.0000015280
0.0000011040
0.0000010410
0.0000009970
0.0000009880
0.0000009330
0.0000011670
