0.0000028350
0.0000023230
0.0000020900
0.0000020990
0.0000019800
0.0000019560
0.0000019070
0.0000020600
0.0000019590
0.0000019710
0.0000046810
0.0000022710
0.0000020580
0.0000020440
0.0000025010
0.0000019030
0.0000018710
0.0000019740
0.0000018830
0.0000019310
0.0000041490
0.0000023030
0.0000021090
0.0000020780
0.0000020510
0.0000018510
0.0000019030
0.0000020010
0.0000019160
0.0000019670
0.0000041330
0.0000037180
0.0000020450
0.0000020600
0.0000020210
0.0000019240
0.0000018600
0.0000019770
0.0000019180
0.0000019290
0.0000045720
0.0000025960
0.0000021030
0.0000021190
0.0000020520
0.0000019110
0.0000019410
0.0000020210
0.0000018910
0.0000019510
0.0000041970
0.0000023240
0.0000024030
0.0000020370
0.0000020520
0.0000018930
0.0000019410
0.0000020040
0.0000019030
0.0000020530
0.0000039720
0.0000036060
0.0000020200
0.0000019890
0.0000020220
0.0000018740
0.0000017970
0.0000019570
0.0000018470
0.0000018680
0.0000040900
0.0000025040
0.0000020170
0.0000020180
0.0000020200
0.0000018650
0.0000018610
0.0000019990
0.0000018700
0.0000019740
0.0000041640
0.0000022960
0.0000021750
0.0000020970
0.0000020310
0.0000019020
0.0000018700
0.0000019900
0.0000018930
0.0000019240
0.0000041130
0.0000036910
0.0000020780
0.0000021100
0.0000020080
0.0000018520
0.0000018850
0.0000020060
0.0000019420
0.0000019420
0.0000041020
0.0000145520
0.0000038440
0.0000038150
0.0000022190
0.0000021220
0.0000020410
0.0000021530
0.0000020150
0.0000020600
0.0000040260
0.0000022580
0.0000020400
0.0000019940
0.0000023280
0.0000018600
0.0000018750
0.0000019530
0.0000019310
0.0000019570
0.0000040920
0.0000041420
0.0000021290
0.0000021400
0.0000021010
0.0000019300
0.0000019320
0.0000020000
0.0000018980
0.0000019530
0.0000042050
0.0000022710
0.0000021640
0.0000020760
0.0000020350
0.0000019210
0.0000019240
0.0000020690
0.0000019440
0.0000020160
0.0000039230
0.0000021750
0.0000020240
0.0000019780
0.0000019510
0.0000018230
0.0000018190
0.0000018990
0.0000018120
0.0000018620
0.0000042490
0.0000023470
0.0000021950
0.0000019920
0.0000020910
0.0000018870
0.0000018160
0.0000019910
0.0000018350
0.0000018470
0.0000040870
0.0000037090
0.0000020880
0.0000020540
0.0000020280
0.0000018770
0.0000018790
0.0000020100
0.0000018920
0.0000019250
0.0000041400
0.0000025960
0.0000021080
0.0000021170
0.0000020840
0.0000018400
0.0000018670
0.0000019920
0.0000018870
0.0000019190
0.0000041960
0.0000038300
0.0000023250
0.0000020680
0.0000020120
0.0000019190
0.0000019300
0.0000020160
0.0000018960
0.0000019470
0.0000039630
0.0000035570
0.0000020090
0.0000019620
0.0000019130
0.0000017610
0.0000018380
0.0000019480
0.0000018660
0.0000018600
