0.0002307780
0.0000399830
0.0000380420
0.0000376500
0.0000377080
0.0000380360
0.0000377310
0.0000375650
0.0000377480
0.0000376760
0.0002050330
0.0000405370
0.0000383870
0.0000385610
0.0000388230
0.0000383830
0.0000388000
0.0000383480
0.0000380990
0.0000384950
0.0002058950
0.0000401830
0.0000376460
0.0000374790
0.0000374120
0.0000373800
0.0000373310
0.0000373690
0.0000374990
0.0000370450
0.0002509860
0.0000390460
0.0000376230
0.0000379170
0.0000373360
0.0000380030
0.0000372060
0.0000371620
0.0000374990
0.0000375740
0.0002052990
0.0000422460
0.0000419980
0.0000420060
0.0000419910
0.0000417380
0.0000409450
0.0000416390
0.0000419260
0.0000418330
0.0002067480
0.0000548870
0.0000457490
0.0000381260
0.0000381270
0.0000380370
0.0000380800
0.0000377180
0.0000377260
0.0000379370
0.0002008510
0.0000392690
0.0000382910
0.0000383540
0.0000389170
0.0000381190
0.0000378940
0.0000379870
0.0000377620
0.0000378550
0.0002499480
0.0000383510
0.0000373210
0.0000375020
0.0000371110
0.0000372210
0.0000389760
0.0000411570
0.0000406360
0.0000409020
0.0002059420
0.0000384250
0.0000372050
0.0000370890
0.0000368460
0.0000370500
0.0000380960
0.0000372430
0.0000374560
0.0000377950
0.0002108490
0.0000384900
0.0000385280
0.0000381630
0.0000383350
0.0000385200
0.0000382100
0.0000379470
0.0000381790
0.0000444170
