0.0071295320
0.0030468320
0.0030374250
0.0030429670
0.0030333590
0.0030320220
0.0030715120
0.0030011520
0.0030015580
0.0029621030
0.0070607820
0.0030695120
0.0030396100
0.0030705400
0.0030512850
0.0030655540
0.0030743230
0.0030211430
0.0030695620
0.0030304650
0.0071929460
0.0030476000
0.0029838080
0.0031164180
0.0030020730
0.0029912530
0.0029895930
0.0030023380
0.0029889410
0.0029972870
0.0070850910
0.0031017910
0.0030052690
0.0031362820
0.0030258730
0.0030119270
0.0029813460
0.0030033890
0.0030056740
0.0029998980
0.0071747720
0.0030706960
0.0030496770
0.0030832860
0.0030712320
0.0030592940
0.0030616680
0.0030222190
0.0030193180
0.0029973090
0.0071086180
0.0031504250
0.0030110790
0.0031253920
0.0030245500
0.0030126800
0.0029790120
0.0030217700
0.0030495480
0.0029946060
0.0070579420
0.0030921500
0.0030201240
0.0030977050
0.0030214290
0.0030149520
0.0030081180
0.0030275010
0.0030129620
0.0029691380
0.0070570940
0.0031045350
0.0030340840
0.0031243580
0.0030315400
0.0031080640
0.0030168820
0.0030332620
0.0030832310
0.0030416000
0.0071656760
0.0031172530
0.0031180670
0.0031350490
0.0030781500
0.0030876630
0.0031410730
0.0030447730
0.0030572040
0.0030313450
0.0074651480
0.0031635280
0.0031150390
0.0031404630
0.0031195690
0.0031383970
0.0031108020
0.0030956750
0.0030981520
0.0030534930
