0.0007418940
0.0001816050
0.0001642340
0.0001615720
0.0001573280
0.0001626710
0.0001608160
0.0001599310
0.0001562020
0.0001568250
0.0007012080
0.0001780550
0.0001711310
0.0001551450
0.0001509810
0.0001522460
0.0001509520
0.0001498450
0.0001483870
0.0001490270
0.0007011770
0.0001811460
0.0001610610
0.0001543390
0.0001520450
0.0001514600
0.0001493220
0.0001502150
0.0001498890
0.0001801260
0.0007304800
0.0002147500
0.0001810250
0.0001700180
0.0001624830
0.0001616960
0.0001583630
0.0001540420
0.0001539860
0.0001704270
0.0007383020
0.0001784090
0.0001544720
0.0001500720
0.0001446300
0.0001461630
0.0001457160
0.0001591500
0.0001751990
0.0001972540
0.0006851690
0.0001708210
0.0001541490
0.0001476290
0.0001433680
0.0001455400
0.0001455900
0.0001621900
0.0001676800
0.0001707900
0.0007220640
0.0001747920
0.0001571980
0.0001557210
0.0001483050
0.0001480010
0.0001480700
0.0001474080
0.0001464300
0.0001482430
0.0006932220
0.0001780290
0.0001585160
0.0001516530
0.0001520770
0.0001527000
0.0001502620
0.0001505100
0.0001788870
0.0001498920
0.0007170130
0.0001743630
0.0001546870
0.0001508620
0.0001471080
0.0001484790
0.0001434210
0.0001442640
0.0001428520
0.0001449700
0.0007219410
0.0001726720
0.0001591430
0.0001533640
0.0001475820
0.0001484780
0.0001490400
0.0001478840
0.0001468960
0.0001454290
0.0006910270
0.0001818220
0.0001579850
0.0001526150
0.0001460630
0.0001466420
0.0001468030
0.0001444050
0.0001440360
0.0001459900
0.0006855790
0.0001813420
0.0001656050
0.0001570310
0.0001445420
0.0001492300
0.0001487250
0.0001457770
0.0001419880
0.0001464110
0.0006881060
0.0001671180
0.0002284550
0.0001599640
0.0001467370
0.0001442310
0.0001437290
0.0001446700
0.0001404250
0.0001752280
0.0006949060
0.0001753590
0.0001547590
0.0001496210
0.0001467780
0.0001467740
0.0001760570
0.0001471790
0.0001473590
0.0001474800
0.0006954890
0.0002072310
0.0001633310
0.0001520120
0.0001503070
0.0001478910
0.0001460140
0.0001465800
0.0001448740
0.0001424790
0.0007207750
0.0002022540
0.0001705780
0.0001587790
0.0001469990
0.0001459760
0.0001588580
0.0001484100
0.0001458170
0.0001487900
0.0007239340
0.0001814200
0.0001579940
0.0001506690
0.0001444000
0.0001469310
0.0001474140
0.0001454280
0.0001464510
0.0001442460
0.0006854560
0.0001719900
0.0001599440
0.0001509290
0.0001488030
0.0001500210
0.0001479350
0.0001483840
0.0001439010
0.0001472030
0.0006882650
0.0001772500
0.0001662340
0.0001593300
0.0001542280
0.0001556630
0.0001558370
0.0001551540
0.0001551800
0.0001539270
0.0007816600
0.0002092470
0.0001880070
0.0002155370
0.0002435830
0.0001671600
0.0001619190
0.0001560250
0.0001538360
0.0001520850
