0.0000009010
0.0000005710
0.0000005000
0.0000006000
0.0000004950
0.0000004820
0.0000003620
0.0000003760
0.0000003590
0.0000004390
0.0000008930
0.0000006650
0.0000005900
0.0000007380
0.0000006090
0.0000005660
0.0000004040
0.0000003740
0.0000003550
0.0000004640
0.0000008720
0.0000006430
0.0000006350
0.0000007510
0.0000005960
0.0000005860
0.0000004520
0.0000004600
0.0000003460
0.0000004480
0.0000009370
0.0000007100
0.0000006730
0.0000007770
0.0000006160
0.0000005670
0.0000005060
0.0000004670
0.0000004530
0.0000005840
0.0000009400
0.0000006440
0.0000006280
0.0000007380
0.0000005930
0.0000005530
0.0000004610
0.0000004130
0.0000004400
0.0000005470
0.0000008640
0.0000007210
0.0000006250
0.0000007240
0.0000005980
0.0000005750
0.0000004720
0.0000003600
0.0000003460
0.0000004400
0.0000009040
0.0000006630
0.0000006530
0.0000007280
0.0000006220
0.0000006110
0.0000005030
0.0000004570
0.0000004230
0.0000005650
0.0000008620
0.0000006250
0.0000005780
0.0000007130
0.0000005580
0.0000005970
0.0000004990
0.0000004470
0.0000004080
0.0000005430
0.0000009270
0.0000006120
0.0000006320
0.0000007080
0.0000005790
0.0000005800
0.0000004700
0.0000004670
0.0000004300
0.0000005630
0.0000009180
0.0000008560
0.0000006090
0.0000007030
0.0000005600
0.0000005690
0.0000005050
0.0000004480
0.0000004040
0.0000005720
