0.0000439080
0.0000111930
0.0000109630
0.0000105260
0.0000109130
0.0000108670
0.0000105060
0.0000108620
0.0000104790
0.0000103100
0.0000437810
0.0000112620
0.0000110040
0.0000103360
0.0000108040
0.0000108760
0.0000104170
0.0000113650
0.0000109410
0.0000109550
0.0000410710
0.0000105080
0.0000102560
0.0000096690
0.0000101510
0.0000101390
0.0000096970
0.0000101340
0.0000095150
0.0000095340
0.0000427650
0.0000107420
0.0000103720
0.0000097010
0.0000103380
0.0000100250
0.0000096360
0.0000101330
0.0000095560
0.0000094840
0.0000405750
0.0000105990
0.0000103180
0.0000098100
0.0000103620
0.0000101840
0.0000097740
0.0000100770
0.0000095450
0.0000096660
0.0000434860
0.0000106230
0.0000102090
0.0000096390
0.0000102740
0.0000102240
0.0000099690
0.0000104860
0.0000163650
0.0000094930
0.0000461930
0.0000113890
0.0000109350
0.0000104180
0.0000107660
0.0000107460
0.0000103310
0.0000105840
0.0000102900
0.0000102820
0.0000429590
0.0000109180
0.0000101330
0.0000096600
0.0000102530
0.0000100370
0.0000096620
0.0000101300
0.0000095290
0.0000095050
0.0000448430
0.0000110020
0.0000106820
0.0000102820
0.0000108290
0.0000106370
0.0000101590
0.0000106550
0.0000100930
0.0000100980
0.0000410050
0.0000105300
0.0000102640
0.0000096710
0.0000103800
0.0000100720
0.0000096660
0.0000101600
0.0000096390
0.0000096140
