0.0000024720
0.0000018710
0.0000019410
0.0000017540
0.0000016900
0.0000015180
0.0000015230
0.0000016040
0.0000015250
0.0000015820
0.0000031610
0.0000028250
0.0000018040
0.0000016890
0.0000016390
0.0000015130
0.0000014930
0.0000015700
0.0000014700
0.0000015300
0.0000029940
0.0000022450
0.0000016960
0.0000016800
0.0000015890
0.0000014980
0.0000015580
0.0000015610
0.0000015050
0.0000015560
0.0000030670
0.0000025480
0.0000016550
0.0000016280
0.0000016760
0.0000014950
0.0000015160
0.0000015710
0.0000014760
0.0000015260
0.0000030740
0.0000026400
0.0000017280
0.0000016830
0.0000016130
0.0000014480
0.0000014770
0.0000015730
0.0000014750
0.0000015340
0.0000028910
0.0000023790
0.0000015950
0.0000016820
0.0000016260
0.0000015000
0.0000014920
0.0000015270
0.0000014000
0.0000014410
0.0000031450
0.0000026520
0.0000017570
0.0000017590
0.0000017960
0.0000014830
0.0000015520
0.0000016280
0.0000014620
0.0000015450
0.0000029260
0.0000025310
0.0000016770
0.0000015910
0.0000016220
0.0000014790
0.0000014970
0.0000015530
0.0000014760
0.0000015560
0.0000029680
0.0000019270
0.0000016160
0.0000016120
0.0000015610
0.0000014960
0.0000014580
0.0000015200
0.0000013770
0.0000014840
0.0000036680
0.0000025170
0.0000021950
0.0000021870
0.0000021380
0.0000019110
0.0000019860
0.0000020500
0.0000018510
0.0000019560
