0.0058326800
0.0026322500
0.0024920640
0.0024677130
0.0025156170
0.0024987890
0.0025105370
0.0024796960
0.0024422100
0.0024437980
0.0057715360
0.0025559590
0.0024783120
0.0024535880
0.0024610740
0.0024320310
0.0024186140
0.0024630280
0.0024614190
0.0024342310
0.0057839850
0.0025808530
0.0024913200
0.0024628540
0.0025001930
0.0024740320
0.0024516100
0.0024726200
0.0024351110
0.0024396820
0.0057597970
0.0026171210
0.0024966100
0.0024679970
0.0025359480
0.0024786900
0.0024636340
0.0024624490
0.0024679250
0.0024401800
0.0061103980
0.0029710540
0.0029402090
0.0027146320
0.0026794310
0.0025750620
0.0025585090
0.0025444450
0.0025122070
0.0025343590
0.0058417190
0.0026516710
0.0024835630
0.0024757570
0.0025153270
0.0024669170
0.0024522650
0.0024793710
0.0024761800
0.0024465590
0.0057598500
0.0026700210
0.0025363780
0.0025058870
0.0025464360
0.0025000590
0.0024619190
0.0024824040
0.0024531680
0.0025139370
0.0058069400
0.0025999890
0.0024879360
0.0024739540
0.0025167130
0.0024818640
0.0025271700
0.0024720840
0.0024545950
0.0024457060
0.0057638800
0.0026013200
0.0024861260
0.0025220660
0.0025765980
0.0025080040
0.0024612130
0.0025119970
0.0024519650
0.0024516300
0.0057494170
0.0025904070
0.0024956340
0.0024821220
0.0025020960
0.0024695060
0.0024704170
0.0024692220
0.0024580620
0.0024418880
0.0057421970
0.0026030910
0.0025061770
0.0024656580
0.0025307230
0.0024837480
0.0024648980
0.0024827170
0.0024554710
0.0024527860
0.0058061440
0.0026455450
0.0024920390
0.0025303820
0.0025348580
0.0025220990
0.0024689660
0.0025041070
0.0024520360
0.0024521970
0.0057816320
0.0026428790
0.0024857710
0.0025039100
0.0025313190
0.0025164780
0.0024517860
0.0024773000
0.0024470240
0.0024389910
0.0057456900
0.0026160350
0.0025142510
0.0024803570
0.0025344020
0.0025133360
0.0024398820
0.0024591100
0.0024365780
0.0024279600
0.0059899080
0.0027228760
0.0025654190
0.0027267170
0.0025806100
0.0027169160
0.0026672170
0.0025696440
0.0025046300
0.0024922150
0.0057312490
0.0026047830
0.0024826900
0.0024514370
0.0025282840
0.0024676580
0.0024431720
0.0024702520
0.0024392770
0.0024372720
0.0057570890
0.0026169770
0.0025019440
0.0024665440
0.0025425180
0.0024793140
0.0027456640
0.0025017950
0.0024672530
0.0024800670
0.0058005170
0.0026050500
0.0025014900
0.0025331310
0.0025636570
0.0024922510
0.0024968550
0.0025027770
0.0024845020
0.0024414000
0.0057615640
0.0026137500
0.0025038390
0.0024700060
0.0025929820
0.0024913940
0.0024610080
0.0061594940
0.0026452250
0.0026344030
0.0057579520
0.0026466190
0.0024900870
0.0025139750
0.0025562040
0.0025419020
0.0024845210
0.0025024330
0.0024681690
0.0024529290
