0.0000187840
0.0000056420
0.0000053880
0.0000053560
0.0000053850
0.0000051590
0.0000051480
0.0000052020
0.0000050370
0.0000048420
0.0000223160
0.0000056080
0.0000052600
0.0000056690
0.0000052460
0.0000050410
0.0000049270
0.0000050130
0.0000048610
0.0000046540
0.0000184830
0.0000057260
0.0000053270
0.0000051840
0.0000052190
0.0000050280
0.0000049380
0.0000049980
0.0000049070
0.0000047060
0.0000224690
0.0000058190
0.0000055650
0.0000054890
0.0000054480
0.0000053020
0.0000052140
0.0000052350
0.0000050720
0.0000049060
0.0000206660
0.0000060130
0.0000055270
0.0000054700
0.0000055180
0.0000052430
0.0000051900
0.0000051970
0.0000050590
0.0000048380
0.0000205230
0.0000059130
0.0000055970
0.0000054410
0.0000054840
0.0000053210
0.0000052110
0.0000052440
0.0000050960
0.0000049440
0.0000186770
0.0000056330
0.0000052770
0.0000051860
0.0000056050
0.0000050240
0.0000103100
0.0000052050
0.0000050710
0.0000048460
0.0000219810
0.0000058420
0.0000059960
0.0000058260
0.0000055180
0.0000053480
0.0000051550
0.0000052570
0.0000051310
0.0000049250
0.0000202620
0.0000055360
0.0000053240
0.0000052480
0.0000052830
0.0000051090
0.0000050890
0.0000050370
0.0000048830
0.0000047000
0.0000200050
0.0000060510
0.0000058260
0.0000056330
0.0000057010
0.0000054520
0.0000053750
0.0000055350
0.0000053390
0.0000052000
0.0000195760
0.0000057280
0.0000053630
0.0000052230
0.0000053170
0.0000050650
0.0000050040
0.0000050290
0.0000048780
0.0000046730
0.0000201890
0.0000058670
0.0000057190
0.0000054930
0.0000058400
0.0000052640
0.0000051930
0.0000052680
0.0000050620
0.0000049480
0.0000204650
0.0000058380
0.0000055800
0.0000055310
0.0000055570
0.0000053650
0.0000052990
0.0000052920
0.0000051780
0.0000049920
0.0000201510
0.0000056030
0.0000053730
0.0000052190
0.0000052810
0.0000051090
0.0000050530
0.0000050300
0.0000048900
0.0000046760
0.0000204530
0.0000055750
0.0000052110
0.0000051850
0.0000051650
0.0000050120
0.0000049420
0.0000049370
0.0000047980
0.0000046270
0.0000228400
0.0000057650
0.0000054600
0.0000053470
0.0000053260
0.0000050980
0.0000050800
0.0000051330
0.0000049470
0.0000047300
0.0000201660
0.0000058840
0.0000055480
0.0000054490
0.0000054500
0.0000052860
0.0000051960
0.0000052840
0.0000050990
0.0000048780
0.0000220860
0.0000058120
0.0000054890
0.0000053940
0.0000054300
0.0000051790
0.0000051250
0.0000051780
0.0000050030
0.0000048200
0.0000207660
0.0000060560
0.0000056020
0.0000055010
0.0000055560
0.0000053240
0.0000052060
0.0000053670
0.0000051140
0.0000050480
0.0000497960
0.0000064560
0.0000057520
0.0000125100
0.0000059510
0.0000052970
0.0000051970
0.0000053060
0.0000051410
0.0000048760
