0.0017606870
0.0006060230
0.0005595340
0.0006288700
0.0005629240
0.0005448350
0.0005540350
0.0005902200
0.0005503440
0.0005406490
0.0017500820
0.0006126670
0.0005634080
0.0005792130
0.0005695370
0.0005475250
0.0005573640
0.0005484490
0.0005331740
0.0005256760
0.0017559030
0.0006156170
0.0005704210
0.0005991820
0.0006187690
0.0005622990
0.0005582040
0.0005640960
0.0005631080
0.0005281770
0.0018773360
0.0006370340
0.0005845710
0.0005920840
0.0005625380
0.0005541780
0.0005555440
0.0005489840
0.0005382660
0.0005317320
0.0018848010
0.0006453820
0.0006066250
0.0006155820
0.0005833210
0.0005625650
0.0005703230
0.0005444890
0.0005513110
0.0005528960
0.0017435950
0.0006227300
0.0005720210
0.0005812350
0.0005552530
0.0005434600
0.0005642610
0.0005491350
0.0005310660
0.0005272460
0.0017406750
0.0006062490
0.0007205910
0.0005959800
0.0005699420
0.0005605390
0.0005608750
0.0005500510
0.0005386740
0.0005377830
0.0018547680
0.0007536900
0.0006150570
0.0006049070
0.0005654740
0.0005540520
0.0005640900
0.0007071830
0.0005844730
0.0005954450
0.0017722730
0.0006123690
0.0005689870
0.0007493830
0.0005857160
0.0005596810
0.0005605500
0.0005822270
0.0005420390
0.0005299500
0.0017744550
0.0005956380
0.0005853080
0.0006142120
0.0005859950
0.0005587390
0.0005659180
0.0005567100
0.0005438810
0.0005310240
