0.0028553720
0.0012173090
0.0011227220
0.0010957970
0.0011209630
0.0011262550
0.0010805650
0.0011274610
0.0010987780
0.0011083470
0.0028378390
0.0012321350
0.0011274330
0.0010942750
0.0011204120
0.0011097020
0.0010827900
0.0010921350
0.0010683730
0.0011038800
0.0028568840
0.0012501150
0.0011229130
0.0010858120
0.0011113200
0.0010848750
0.0010655830
0.0010784670
0.0010583920
0.0010579600
0.0028583720
0.0012470990
0.0011299440
0.0010959340
0.0011163430
0.0010880500
0.0010822710
0.0010874810
0.0010819990
0.0010671260
0.0028156690
0.0012530760
0.0011025480
0.0010795450
0.0011147000
0.0010797600
0.0010618590
0.0010755450
0.0010675470
0.0010519270
0.0028337600
0.0012075330
0.0011006330
0.0010720770
0.0011038520
0.0011346870
0.0010670270
0.0010843760
0.0010564030
0.0010591430
0.0028415750
0.0012635510
0.0011613920
0.0010888290
0.0011606940
0.0011049360
0.0011177690
0.0010964040
0.0010754920
0.0010706020
0.0029341090
0.0012462260
0.0011773240
0.0011018150
0.0011785890
0.0011111260
0.0010817070
0.0011002590
0.0010756620
0.0010864540
0.0028409880
0.0012426310
0.0011056870
0.0011045710
0.0011143800
0.0010810230
0.0010662830
0.0010866570
0.0010765150
0.0010585080
0.0036036890
0.0013024950
0.0012440060
0.0012125820
0.0012218070
0.0012034290
0.0011982260
0.0011917410
0.0011908740
0.0011924950
