0.0001042320
0.0000190330
0.0000190810
0.0000192230
0.0000193250
0.0000192900
0.0000189660
0.0000191920
0.0000190520
0.0000192500
0.0001114730
0.0000223950
0.0000225140
0.0000222480
0.0000224770
0.0000225930
0.0000218840
0.0000223960
0.0000223580
0.0000224590
0.0001030530
0.0000185630
0.0000186070
0.0000186540
0.0000186910
0.0000185310
0.0000181280
0.0000184680
0.0000182250
0.0000184920
0.0001017020
0.0000190120
0.0000184480
0.0000186210
0.0000187380
0.0000189610
0.0000183300
0.0000187530
0.0000183930
0.0000185590
0.0001029740
0.0000184260
0.0000184040
0.0000184460
0.0000183180
0.0000184390
0.0000179800
0.0000179870
0.0000180850
0.0000184160
0.0001043990
0.0000193710
0.0000188780
0.0000184400
0.0000185770
0.0000186450
0.0000181300
0.0000187610
0.0000183920
0.0000184870
0.0001033080
0.0000190440
0.0000187870
0.0000191020
0.0000193010
0.0000218790
0.0000251150
0.0000208840
0.0000193650
0.0000197750
0.0000987580
0.0000189200
0.0000187140
0.0000186550
0.0000186720
0.0000190130
0.0000184450
0.0000186040
0.0000186680
0.0000188240
0.0001076000
0.0000220770
0.0000220000
0.0000212590
0.0000217020
0.0000217080
0.0000211520
0.0000223050
0.0000218640
0.0000238940
0.0001047820
0.0000214390
0.0000217280
0.0000219540
0.0000238760
0.0000238740
0.0000229230
0.0000234920
0.0000235370
0.0000235790
