0.0008793840
0.0002001000
0.0001925000
0.0001859980
0.0001849170
0.0002071510
0.0002352660
0.0001965290
0.0001888030
0.0001838590
0.0008742320
0.0001951400
0.0001924750
0.0001766270
0.0001833320
0.0001778890
0.0001888410
0.0001812710
0.0001793090
0.0001747680
0.0008554800
0.0003112230
0.0002170900
0.0002096350
0.0001975480
0.0002512730
0.0001991610
0.0001893770
0.0002151700
0.0001878820
0.0008550300
0.0001990280
0.0002003840
0.0001898560
0.0001946320
0.0001926190
0.0001923120
0.0001924940
0.0001876130
0.0001901580
0.0008596010
0.0002119480
0.0001957970
0.0001962450
0.0001919490
0.0001831550
0.0001871340
0.0001824450
0.0002045390
0.0001930810
0.0008502350
0.0001919900
0.0001873190
0.0001796250
0.0001868670
0.0001747530
0.0001816840
0.0001787120
0.0001732530
0.0001843090
0.0008548700
0.0001947410
0.0001862430
0.0002269430
0.0001894800
0.0001752430
0.0001845340
0.0001837110
0.0001755030
0.0001790970
0.0008582280
0.0002065010
0.0001915560
0.0001841840
0.0001861970
0.0001785670
0.0001855390
0.0001855400
0.0001801970
0.0001890130
0.0008546790
0.0001958800
0.0001863160
0.0001817720
0.0001805530
0.0001755960
0.0001828770
0.0002025590
0.0001775890
0.0001781300
0.0008535000
0.0002041740
0.0002018610
0.0001948600
0.0001936870
0.0001913140
0.0002100460
0.0001943060
0.0002208040
0.0002730700
