0.0004432740
0.0000820960
0.0000824940
0.0000837100
0.0000821670
0.0000824990
0.0000797640
0.0000823350
0.0000820860
0.0000821860
0.0004352040
0.0000892430
0.0000857500
0.0000852590
0.0000930780
0.0000900120
0.0000760230
0.0000746920
0.0000740510
0.0000743560
0.0004146880
0.0000805900
0.0000783740
0.0001077530
0.0001164150
0.0000795130
0.0000789650
0.0000781660
0.0000775530
0.0000787740
0.0004232770
0.0000819740
0.0000925850
0.0000759750
0.0000773470
0.0000763740
0.0000766620
0.0000763930
0.0000761000
0.0000768500
0.0004400220
0.0000956010
0.0000904780
0.0000906560
0.0000905980
0.0000904670
0.0000903330
0.0000896690
0.0000896320
0.0000902630
0.0004254700
0.0000836290
0.0000784930
0.0000783110
0.0000786830
0.0000779200
0.0000777820
0.0000779530
0.0000773620
0.0000784810
0.0004327180
0.0000816140
0.0000797190
0.0000836650
0.0000840380
0.0000836630
0.0000788150
0.0000784520
0.0000821960
0.0000817970
0.0004284390
0.0000802080
0.0000763520
0.0000755540
0.0000756080
0.0000750430
0.0000764900
0.0000765960
0.0001011070
0.0000756600
0.0004235250
0.0000830930
0.0000773990
0.0000773400
0.0000766410
0.0000764950
0.0000774230
0.0000769400
0.0000766360
0.0000767040
0.0004276310
0.0000837490
0.0000782330
0.0000770440
0.0000773270
0.0000774940
0.0000792270
0.0000789770
0.0000793430
0.0000785140
