0.0000024020
0.0000016900
0.0000016070
0.0000015330
0.0000115320
0.0000013830
0.0000014280
0.0000015100
0.0000013790
0.0000014130
0.0000023940
0.0000021290
0.0000020140
0.0000015240
0.0000020500
0.0000013800
0.0000013420
0.0000014150
0.0000012990
0.0000013430
0.0000026380
0.0000020420
0.0000018680
0.0000014640
0.0000014940
0.0000013390
0.0000013230
0.0000013650
0.0000012650
0.0000013350
0.0000024530
0.0000016300
0.0000015100
0.0000014840
0.0000015010
0.0000013800
0.0000013480
0.0000014450
0.0000013010
0.0000013460
0.0000023080
0.0000019130
0.0000018380
0.0000017780
0.0000014210
0.0000012960
0.0000013130
0.0000013650
0.0000013330
0.0000013140
0.0000023640
0.0000020290
0.0000018390
0.0000014790
0.0000014400
0.0000012990
0.0000016180
0.0000013910
0.0000012970
0.0000013920
0.0000023980
0.0000024920
0.0000018650
0.0000015190
0.0000014530
0.0000013030
0.0000013230
0.0000013770
0.0000012510
0.0000013050
0.0000024270
0.0000020210
0.0000015130
0.0000015350
0.0000014510
0.0000013290
0.0000013100
0.0000014210
0.0000013390
0.0000013750
0.0000023440
0.0000021090
0.0000015090
0.0000013890
0.0000014310
0.0000013190
0.0000013140
0.0000013490
0.0000012270
0.0000013120
0.0000025050
0.0000019520
0.0000018430
0.0000018680
0.0000014110
0.0000012990
0.0000013150
0.0000013620
0.0000012600
0.0000013470
