0.0003623470
0.0000785090
0.0000718240
0.0000703030
0.0000704350
0.0000701520
0.0000701920
0.0000725730
0.0000761790
0.0000681110
0.0003311040
0.0000741910
0.0000695300
0.0000693740
0.0000692340
0.0000698980
0.0000694220
0.0000690620
0.0000766480
0.0000763960
0.0003408460
0.0000743850
0.0000695340
0.0000690980
0.0000694590
0.0000699250
0.0000796300
0.0000691320
0.0000691670
0.0000691520
0.0003324030
0.0000728200
0.0000688130
0.0000688570
0.0000686620
0.0000685080
0.0000690830
0.0000679980
0.0000682610
0.0000684040
0.0003337410
0.0000747510
0.0000700490
0.0000694850
0.0000696590
0.0000703470
0.0000690020
0.0000691510
0.0000691160
0.0000691760
0.0003351570
0.0000731620
0.0000691830
0.0000692000
0.0000689000
0.0000690500
0.0000692490
0.0000688590
0.0000687260
0.0000690540
0.0003391930
0.0000762190
0.0000684590
0.0000678360
0.0000677680
0.0000677790
0.0000676280
0.0000676030
0.0000673870
0.0000671930
0.0003373580
0.0000736550
0.0000691010
0.0000688800
0.0000686260
0.0000693240
0.0000686210
0.0000682820
0.0000684820
0.0000685140
0.0003384970
0.0000909510
0.0000688440
0.0000693370
0.0000692640
0.0000690220
0.0000691310
0.0000690340
0.0000688620
0.0000686370
0.0003581400
0.0000735080
0.0000692700
0.0000682950
0.0000687430
0.0000687550
0.0000685310
0.0000678970
0.0000676800
0.0000681420
0.0003281780
0.0000739040
0.0000687850
0.0000689850
0.0000685730
0.0000685330
0.0000683060
0.0000679640
0.0000678850
0.0000683180
0.0003382580
0.0000753190
0.0000702890
0.0000697670
0.0000697930
0.0000698150
0.0000698580
0.0000694800
0.0000693520
0.0000696480
0.0003283160
0.0000728870
0.0000677900
0.0000679290
0.0000680630
0.0000683050
0.0000677820
0.0000677660
0.0000676940
0.0000675910
0.0003292370
0.0000722320
0.0000678390
0.0000677420
0.0000679460
0.0000683260
0.0000680600
0.0000679250
0.0000676520
0.0000675820
0.0003282040
0.0000709510
0.0000680950
0.0000677540
0.0000678620
0.0000683930
0.0000675300
0.0000671550
0.0000671790
0.0000677350
0.0003274280
0.0000718500
0.0000693780
0.0000684670
0.0000686350
0.0000688340
0.0000686520
0.0000685360
0.0000680810
0.0000686510
0.0003288860
0.0000737300
0.0000687160
0.0000687130
0.0000684400
0.0000692060
0.0000685290
0.0000679700
0.0000680980
0.0000683560
0.0003306580
0.0000744610
0.0000692190
0.0000692220
0.0000811180
0.0000698410
0.0000689220
0.0000691510
0.0000689590
0.0000688620
0.0004280070
0.0000931430
0.0000873640
0.0000869280
0.0000902020
0.0000867860
0.0000868340
0.0000863070
0.0000862380
0.0000961520
0.0003549300
0.0000753810
0.0000702420
0.0000689010
0.0000693880
0.0000706110
0.0000693620
0.0000700800
0.0000695240
0.0000692350
