0.0014214430
0.0004904710
0.0004541580
0.0004470780
0.0004215660
0.0004207150
0.0004415770
0.0004476240
0.0004117670
0.0004597850
0.0014144160
0.0004825010
0.0004437590
0.0004259050
0.0004693720
0.0004225340
0.0004103130
0.0004122010
0.0004739600
0.0004954240
0.0013878260
0.0004894690
0.0004617670
0.0004295580
0.0004330570
0.0004326400
0.0004363330
0.0004321330
0.0004466220
0.0004430130
0.0014006780
0.0005058910
0.0004596320
0.0004329120
0.0004331460
0.0004472000
0.0004265890
0.0004370740
0.0004342860
0.0004568980
0.0013993990
0.0004879940
0.0004392940
0.0004239190
0.0005283060
0.0004564760
0.0004318130
0.0004128620
0.0004360150
0.0004291600
0.0014845280
0.0005155410
0.0004605190
0.0004534340
0.0004221900
0.0004098940
0.0004931690
0.0004058030
0.0004749480
0.0004884770
0.0014230580
0.0004771240
0.0004354050
0.0004068400
0.0004586800
0.0004078160
0.0004048950
0.0004062190
0.0004033140
0.0004439750
0.0014734620
0.0005093670
0.0004439150
0.0004342460
0.0004238880
0.0004580120
0.0004889940
0.0004151820
0.0004562700
0.0004150490
0.0013940330
0.0004923130
0.0006129960
0.0004315260
0.0004322510
0.0004345830
0.0004568420
0.0004093950
0.0004635190
0.0004115850
0.0014245210
0.0004759420
0.0004327580
0.0004919170
0.0004607510
0.0004275630
0.0004152820
0.0004013750
0.0004185260
0.0004364700
0.0013986340
0.0004956140
0.0004426490
0.0004403740
0.0004253110
0.0004253390
0.0004178160
0.0004184130
0.0004097700
0.0004118350
0.0013971700
0.0004761460
0.0004328250
0.0004714280
0.0004310700
0.0004371640
0.0004881280
0.0004358250
0.0004507770
0.0004838320
0.0014050390
0.0004788030
0.0004256860
0.0004633970
0.0005528220
0.0004293260
0.0004479120
0.0004468650
0.0004666410
0.0004350280
0.0013952220
0.0004787160
0.0004339840
0.0004402670
0.0006048150
0.0004342560
0.0004136450
0.0004098720
0.0004136520
0.0004016530
0.0013956960
0.0004855230
0.0004408360
0.0004572210
0.0004237020
0.0004269090
0.0004996910
0.0005001650
0.0004730180
0.0005002490
0.0014186990
0.0005083240
0.0004667220
0.0004736800
0.0004338630
0.0004207450
0.0004428700
0.0004801130
0.0004114550
0.0004100530
0.0013805020
0.0004849330
0.0004420190
0.0004091690
0.0004216800
0.0004099530
0.0005150650
0.0005101570
0.0005808500
0.0004277720
0.0013931640
0.0004629270
0.0004663390
0.0004567670
0.0006084290
0.0004296220
0.0004096330
0.0004000280
0.0004631460
0.0004088810
0.0013887870
0.0004842160
0.0004388310
0.0004197970
0.0004142460
0.0004070680
0.0004193420
0.0004102200
0.0003985730
0.0004458210
0.0013891570
0.0004875950
0.0004360630
0.0004242010
0.0004235780
0.0004190990
0.0004081390
0.0004091450
0.0004091020
0.0004061210
