0.0115676890
0.0054776300
0.0054183890
0.0052888080
0.0053847960
0.0053456880
0.0053022930
0.0053220460
0.0055374920
0.0058127900
0.0115609220
0.0060323440
0.0055337020
0.0054274150
0.0054897090
0.0054464280
0.0054020580
0.0054451510
0.0053810270
0.0053587510
0.0115531280
0.0054588820
0.0053469620
0.0052996340
0.0053530250
0.0053336900
0.0053124020
0.0053312220
0.0052907380
0.0052643490
0.0116007460
0.0054336770
0.0053276780
0.0052669330
0.0053190280
0.0053154000
0.0052512330
0.0052839090
0.0052374660
0.0052833760
0.0117072020
0.0055016460
0.0054131710
0.0053545490
0.0054065470
0.0053697280
0.0053241830
0.0053518090
0.0052965930
0.0052941110
0.0115477440
0.0054864890
0.0053361390
0.0052549600
0.0053328880
0.0054008280
0.0052676590
0.0053315820
0.0052607280
0.0053217840
0.0116971420
0.0054269060
0.0053217000
0.0053292230
0.0053449130
0.0053406540
0.0052795850
0.0052555370
0.0052999110
0.0052449590
0.0115105670
0.0054713090
0.0053596950
0.0053177090
0.0054117370
0.0053429430
0.0053178660
0.0053666610
0.0052991930
0.0055576930
0.0115661780
0.0054406100
0.0054257720
0.0053337380
0.0053391150
0.0053330920
0.0053094640
0.0054161370
0.0052766620
0.0052987640
0.0115791880
0.0053962710
0.0053194480
0.0052964300
0.0053587200
0.0053149690
0.0052854070
0.0052808480
0.0053282390
0.0052836670
0.0115677420
0.0054727530
0.0053997790
0.0054459280
0.0054142350
0.0053910210
0.0053106020
0.0053907660
0.0053130140
0.0053200470
0.0116189230
0.0054754850
0.0054086080
0.0053358950
0.0053662870
0.0053704620
0.0053177660
0.0053485160
0.0053543450
0.0053471270
0.0115111220
0.0054703280
0.0053884790
0.0053429270
0.0054342600
0.0054199240
0.0053547310
0.0053571020
0.0053163530
0.0053460840
0.0115332100
0.0054447560
0.0053499710
0.0053245600
0.0053222160
0.0053189230
0.0052908290
0.0052976980
0.0053459020
0.0053338440
0.0115559900
0.0054805380
0.0054100090
0.0053605960
0.0053770650
0.0053859360
0.0053435260
0.0053507570
0.0053201720
0.0053623900
0.0115482660
0.0054752600
0.0054217210
0.0053482430
0.0054432710
0.0053933290
0.0054346510
0.0053684580
0.0053429680
0.0053428350
0.0115510340
0.0054578850
0.0053970300
0.0053097160
0.0053400530
0.0053448170
0.0052919220
0.0053263330
0.0053613490
0.0052903640
0.0115409000
0.0054747030
0.0054191280
0.0053587750
0.0053980530
0.0054162440
0.0053929590
0.0053975030
0.0053997510
0.0054058190
0.0115466930
0.0059442790
0.0057493090
0.0054479300
0.0054617780
0.0054246520
0.0053755300
0.0053857750
0.0053765800
0.0053865110
0.0115718500
0.0055422760
0.0053857760
0.0054009020
0.0054256150
0.0053775230
0.0053076120
0.0053629220
0.0053048190
0.0053010790
