0.0000535370
0.0000061570
0.0000097110
0.0000087700
0.0000099700
0.0000049370
0.0000059320
0.0000124080
0.0000049980
0.0000119120
0.0000251240
0.0000050510
0.0000047110
0.0000050050
0.0000045950
0.0000048530
0.0000051590
0.0000050050
0.0000049350
0.0000051060
0.0000263530
0.0000050500
0.0000046300
0.0000050910
0.0000046300
0.0000048840
0.0000051650
0.0000049550
0.0000049450
0.0000051760
0.0000232760
0.0000048830
0.0000042920
0.0000049750
0.0000044990
0.0000045110
0.0000051010
0.0000047720
0.0000046470
0.0000048730
0.0000243040
0.0000050330
0.0000042390
0.0000047820
0.0000041820
0.0000044360
0.0000049380
0.0000046090
0.0000046540
0.0000047800
0.0000246900
0.0000050640
0.0000044640
0.0000050610
0.0000044200
0.0000046560
0.0000051320
0.0000048150
0.0000048300
0.0000049680
0.0000242750
0.0000049130
0.0000044350
0.0000049910
0.0000044550
0.0000044710
0.0000051340
0.0000047950
0.0000046840
0.0000049130
0.0000254260
0.0000056170
0.0000044600
0.0000050670
0.0000044340
0.0000046770
0.0000051710
0.0000047920
0.0000047650
0.0000049880
0.0000243470
0.0000048490
0.0000042930
0.0000047990
0.0000042400
0.0000045200
0.0000050010
0.0000047390
0.0000046090
0.0000047620
0.0000213510
0.0000049170
0.0000042340
0.0000047880
0.0000042230
0.0000044970
0.0000049770
0.0000046100
0.0000046540
0.0000048310
