0.0001071970
0.0001067370
0.0001067580
0.0001067770
0.0001067460
0.0001067710
0.0001067480
0.0001067590
0.0001067310
0.0001067460
0.0001070400
0.0001068770
0.0001068450
0.0001068010
0.0001068750
0.0001067800
0.0001068300
0.0001068060
0.0001068280
0.0001067420
0.0001069910
0.0001070420
0.0001068090
0.0001068190
0.0001068210
0.0001068100
0.0001067980
0.0001067940
0.0001068120
0.0001067690
0.0001070340
0.0001069030
0.0001068310
0.0001069090
0.0001068780
0.0001068780
0.0001068760
0.0001068750
0.0001069080
0.0001068070
