0.0005866550
0.0005864650
0.0005862100
0.0005862160
0.0005863700
0.0005863330
0.0005802770
0.0005865290
0.0005862670
0.0005863980
0.0005882420
0.0005866020
0.0005867290
0.0005865210
0.0005865090
0.0005862590
0.0005880200
0.0005863740
0.0005866470
0.0005863130
0.0005864490
0.0005873810
0.0005862900
0.0005864620
0.0005862860
0.0005856410
0.0005862830
0.0005864390
0.0005862690
0.0005862610
0.0005868990
0.0005865190
0.0005864700
0.0005864370
0.0005881580
0.0005862290
0.0005862400
0.0005882650
0.0005862190
0.0005861890
0.0005875230
0.0005868250
0.0005869450
0.0005866520
0.0005870310
0.0005867920
0.0005949420
0.0005868910
0.0005870830
0.0005868760
0.0005862450
0.0005855640
0.0005857780
0.0005858800
0.0005857330
0.0005857430
0.0005858100
0.0005820070
0.0005856680
0.0005856740
0.0005865540
0.0005864380
0.0005863390
0.0005862300
0.0005863910
0.0005900360
0.0005862650
0.0006095090
0.0005863560
0.0005863480
0.0005872870
0.0005668720
0.0005871430
0.0005870890
0.0005869670
0.0005867880
0.0005868720
0.0005868150
0.0006058130
0.0005869910
0.0005875660
0.0005870710
0.0005716170
0.0005869250
0.0005871070
0.0005873690
0.0005868530
0.0005873150
0.0005870050
0.0006108710
0.0005865850
0.0005862700
0.0005864100
0.0005862900
0.0005864380
0.0005864010
0.0005941880
0.0005864550
0.0005862470
0.0005862760
