0.0000537200
0.0000534860
0.0000535290
0.0000534920
0.0000535350
0.0000534980
0.0000537070
0.0000534790
0.0000535350
0.0000535280
0.0000536500
0.0000534460
0.0000535110
0.0000535130
0.0000535070
0.0000534560
0.0000534670
0.0000534910
0.0000534680
0.0000534890
0.0000536450
0.0000535030
0.0000534910
0.0000535180
0.0000535780
0.0000535620
0.0000535280
0.0000534730
0.0000535430
0.0000535170
0.0000538100
0.0000535530
0.0000535190
0.0000535340
0.0000534940
0.0000535800
0.0000535210
0.0000534830
0.0000535090
0.0000535210
0.0000536400
0.0000534600
0.0000534490
0.0000534690
0.0000534410
0.0000534600
0.0000535130
0.0000534650
0.0000534650
0.0000534650
0.0000535890
0.0000534590
0.0000534780
0.0000534850
0.0000534990
0.0000535010
0.0000534490
0.0000534870
0.0000534640
0.0000534560
0.0000536430
0.0000534950
0.0000534930
0.0000534790
0.0000534860
0.0000534980
0.0000534700
0.0000535070
0.0000535010
0.0000534850
0.0000536710
0.0000535020
0.0000534560
0.0000534730
0.0000534860
0.0000534980
0.0000536660
0.0000534650
0.0000534600
0.0000534490
0.0000536570
0.0000534490
0.0000535310
0.0000535650
0.0000535160
0.0000534840
0.0000534530
0.0000534820
0.0000534900
0.0000536120
0.0000536010
0.0000535060
0.0000534920
0.0000535130
0.0000534530
0.0000534630
0.0000535010
0.0000534940
0.0000534720
0.0000534670
