0.0000538850
0.0000535280
0.0000534910
0.0000534690
0.0000535330
0.0000535710
0.0000535240
0.0000535190
0.0000535180
0.0000535270
0.0000536470
0.0000535280
0.0000534860
0.0000535370
0.0000534970
0.0000536940
0.0000534690
0.0000534890
0.0000534780
0.0000534610
0.0000537110
0.0000535580
0.0000535070
0.0000535010
0.0000535000
0.0000534860
0.0000535130
0.0000534820
0.0000534720
0.0000537060
0.0000537340
0.0000535540
0.0000534870
0.0000535400
0.0000535250
0.0000535020
0.0000535070
0.0000535530
0.0000535030
0.0000536870
0.0000535720
0.0000534930
0.0000534670
0.0000534520
0.0000534760
0.0000534910
0.0000534460
0.0000534780
0.0000536490
0.0000534560
0.0000536700
0.0000534730
0.0000534540
0.0000534770
0.0000534820
0.0000534780
0.0000534540
0.0000536290
0.0000534620
0.0000534690
0.0000536720
0.0000534540
0.0000534310
0.0000534640
0.0000536240
0.0000534580
0.0000534810
0.0000534050
0.0000534470
0.0000534080
0.0000536460
0.0000534690
0.0000534470
0.0000534150
0.0000534510
0.0000534440
0.0000534410
0.0000534450
0.0000534340
0.0000534480
0.0000536770
0.0000536850
0.0000534580
0.0000534980
0.0000535120
0.0000534880
0.0000534610
0.0000534620
0.0000534650
0.0000535070
0.0000536550
0.0000535550
0.0000535320
0.0000534940
0.0000534720
0.0000534910
0.0000534690
0.0000534630
0.0000534940
0.0000534480
