0.0000537900
0.0000536250
0.0000534790
0.0000534900
0.0000534680
0.0000534810
0.0000534110
0.0000534020
0.0000534710
0.0000534730
0.0000536300
0.0000534750
0.0000534290
0.0000534580
0.0000534080
0.0000534040
0.0000534580
0.0000534930
0.0000534400
0.0000534550
0.0000536860
0.0000534760
0.0000534930
0.0000534820
0.0000534630
0.0000534900
0.0000534760
0.0000534680
0.0000534780
0.0000534710
0.0000535970
0.0000535110
0.0000535590
0.0000534320
0.0000534390
0.0000534280
0.0000534390
0.0000534480
0.0000534260
0.0000534300
