0.0089850030
0.0089868840
0.0089843450
0.0090633100
0.0089864700
0.0089512230
0.0090065440
0.0089976850
0.0089754120
0.0089889800
0.0090056050
0.0089759110
0.0089922750
0.0089943470
0.0089989820
0.0089788640
0.0089970600
0.0089876830
0.0089996520
0.0090102020
0.0089737210
0.0089902750
0.0090012520
0.0089370520
0.0089391710
0.0089840450
0.0089693060
0.0089563670
0.0089503070
0.0089872240
0.0089541450
0.0089771740
0.0089474300
0.0089617570
0.0089609440
0.0089570470
0.0089558540
0.0089638000
0.0089483660
0.0090137340
0.0089670220
0.0089631180
0.0089852760
0.0089893180
0.0089760300
0.0089928670
0.0089645790
0.0089911180
0.0089867430
0.0089762630
0.0090069200
0.0089942440
0.0089908150
0.0089835820
0.0090655440
0.0089864460
0.0089996210
0.0089886540
0.0089772700
0.0089681270
0.0089493770
0.0089702260
0.0089992010
0.0089804910
0.0089697490
0.0089516790
0.0089595690
0.0089906710
0.0089898080
0.0089648890
0.0089489810
0.0090147110
0.0089667480
0.0090044650
0.0089592840
0.0089801360
0.0089636430
0.0089882270
0.0089428420
0.0089719060
0.0090126270
0.0089862580
0.0090066000
0.0089718300
0.0089924610
0.0089579010
0.0089640870
0.0089673950
0.0089890340
0.0089934650
0.0089759000
0.0089714530
0.0089676210
0.0089984760
0.0089618410
0.0090083660
0.0089967290
0.0089496230
0.0090025060
0.0090024110
