0.0045291480
0.0044929140
0.0044912940
0.0045272660
0.0045026520
0.0045318970
0.0044941850
0.0045071000
0.0045952520
0.0045198530
0.0045928500
0.0045012240
0.0045000240
0.0045210580
0.0044955690
0.0045240410
0.0045205560
0.0045008100
0.0044774320
0.0044838770
0.0044817330
0.0044992310
0.0044941140
0.0044739260
0.0044958680
0.0045097400
0.0045167930
0.0044861330
0.0044913100
0.0044972080
0.0044955760
0.0045201820
0.0045251590
0.0044864030
0.0045260070
0.0045085400
0.0045108820
0.0044782370
0.0045170510
0.0044887750
0.0045277330
0.0045031830
0.0045225660
0.0045158790
0.0044838570
0.0045765060
0.0044791610
0.0045317260
0.0044908750
0.0045016080
0.0044910300
0.0045322440
0.0045070480
0.0045024040
0.0045226830
0.0044802520
0.0044785100
0.0045263680
0.0045307840
0.0045099750
0.0045083390
0.0044888450
0.0045166570
0.0045033520
0.0044829310
0.0045111060
0.0044878560
0.0045141120
0.0044974660
0.0045119450
0.0044810570
0.0044861060
0.0045047870
0.0045210370
0.0045199820
0.0044827160
0.0044925180
0.0044936350
0.0045139070
0.0044993420
0.0045211840
0.0044813090
0.0044753130
0.0045059970
0.0045266210
0.0045345940
0.0045137480
0.0044945850
0.0045174880
0.0045263300
0.0044760480
0.0044911530
0.0045172020
0.0045279870
0.0045235370
0.0045180910
0.0044875640
0.0045086930
0.0044714960
0.0045169630
