0.0000536790
0.0000534890
0.0000534790
0.0000534590
0.0000537110
0.0000534780
0.0000534990
0.0000534700
0.0000534820
0.0000534960
0.0000536780
0.0000534830
0.0000535010
0.0000535070
0.0000534860
0.0000534880
0.0000535080
0.0000534820
0.0000534880
0.0000535180
0.0000535670
0.0000534220
0.0000534380
0.0000534610
0.0000534830
0.0000534300
0.0000534140
0.0000533980
0.0000534040
0.0000534520
0.0000535730
0.0000534520
0.0000534690
0.0000534610
0.0000534380
0.0000534890
0.0000533990
0.0000534190
0.0000533730
0.0000533950
0.0000537200
0.0000534880
0.0000535170
0.0000534970
0.0000534980
0.0000535160
0.0000534840
0.0000534800
0.0000534930
0.0000534890
0.0000536370
0.0000534320
0.0000534820
0.0000534160
0.0000535670
0.0000534910
0.0000533990
0.0000534040
0.0000533840
0.0000534510
0.0000536310
0.0000534450
0.0000536550
0.0000533880
0.0000534060
0.0000534670
0.0000534710
0.0000533960
0.0000534480
0.0000534150
0.0000535740
0.0000534560
0.0000534020
0.0000535030
0.0000534790
0.0000534690
0.0000535250
0.0000534270
0.0000534000
0.0000534410
0.0000536880
0.0000534730
0.0000534830
0.0000535040
0.0000534720
0.0000534090
0.0000534820
0.0000534540
0.0000534120
0.0000535300
0.0000535970
0.0000534320
0.0000534490
0.0000534820
0.0000534790
0.0000534280
0.0000534860
0.0000534040
0.0000534580
0.0000533830
