0.0000555890
0.0000539090
0.0000534910
0.0000535070
0.0000535080
0.0000535120
0.0000534900
0.0000537500
0.0000534920
0.0000534840
0.0000536100
0.0000534500
0.0000534700
0.0000534560
0.0000536370
0.0000534560
0.0000534450
0.0000534440
0.0000534070
0.0000534550
0.0000536720
0.0000535390
0.0000535100
0.0000534750
0.0000534830
0.0000535420
0.0000534750
0.0000535260
0.0000534660
0.0000535130
0.0000535960
0.0000534830
0.0000534350
0.0000534500
0.0000534610
0.0000534810
0.0000534810
0.0000534790
0.0000534010
0.0000534380
0.0000537780
0.0000535010
0.0000535050
0.0000534920
0.0000534560
0.0000535260
0.0000534810
0.0000534900
0.0000534950
0.0000535190
0.0000536880
0.0000535130
0.0000534710
0.0000534730
0.0000534340
0.0000534840
0.0000533910
0.0000534530
0.0000534280
0.0000534810
0.0000537210
0.0000535210
0.0000535350
0.0000535240
0.0000535200
0.0000535380
0.0000537480
0.0000535280
0.0000535300
0.0000535330
0.0000538350
0.0000535140
0.0000535330
0.0000534900
0.0000534890
0.0000535450
0.0000534880
0.0000535620
0.0000535210
0.0000536320
0.0000536650
0.0000536310
0.0000534230
0.0000534250
0.0000534530
0.0000534410
0.0000534540
0.0000534610
0.0000534590
0.0000534550
0.0000536680
0.0000534970
0.0000534270
0.0000534990
0.0000534820
0.0000534350
0.0000534620
0.0000534170
0.0000534690
0.0000534600
