0.0023247790
0.0027359600
0.0022913230
0.0022407790
0.0022941960
0.0022550000
0.0022437440
0.0022401600
0.0022400830
0.0022789800
0.0022606810
0.0022444180
0.0022719900
0.0022754530
0.0022418590
0.0022437450
0.0023062600
0.0022550430
0.0022423420
0.0024570600
0.0022926010
0.0022418740
0.0022693970
0.0022414080
0.0022412180
0.0022644520
0.0022685100
0.0022412870
0.0022398620
0.0022410590
0.0022890930
0.0022517610
0.0022734580
0.0022417670
0.0022933660
0.0022925300
0.0022571170
0.0022416390
0.0022929810
0.0022400040
0.0022489260
0.0022401030
0.0023005140
0.0022786300
0.0022872680
0.0022406810
0.0022403200
0.0022800730
0.0022537360
0.0022661490
0.0022419700
0.0022393230
0.0022928350
0.0022472790
0.0022621980
0.0022411430
0.0022393520
0.0022403450
0.0022583140
0.0022745430
0.0023021260
0.0022529180
0.0022830110
0.0022887050
0.0022409900
0.0022406280
0.0022650450
0.0022866410
0.0022470070
0.0022404860
0.0022668400
0.0022378880
0.0022842710
0.0022888570
0.0022402620
0.0022411180
0.0022533790
0.0022748840
0.0022617130
0.0022405780
0.0023266910
0.0022871060
0.0022971060
0.0022968370
0.0023391180
0.0022947210
0.0023464540
0.0022972960
0.0022965270
0.0022976460
0.0022409780
0.0022749640
0.0022400460
0.0022403830
0.0022558130
0.0022556290
0.0022400320
0.0022934660
0.0022539530
0.0022542840
