0.0003366280
0.0002987650
0.0003200650
0.0003203420
0.0003199740
0.0003200890
0.0003199140
0.0003323890
0.0003201770
0.0003198200
0.0003199810
0.0003121240
0.0003198410
0.0003198690
0.0003199640
0.0003198310
0.0003196990
0.0003197410
0.0003198190
0.0003197720
0.0003202190
0.0003198560
0.0003198630
0.0003199840
0.0003204280
0.0003199580
0.0003201970
0.0003200120
0.0003199220
0.0003198650
0.0003200280
0.0003199080
0.0003201540
0.0003078430
0.0003200140
0.0003198750
0.0003199180
0.0003200110
0.0003199650
0.0003199200
0.0003204110
0.0003199450
0.0003201300
0.0003198970
0.0003199270
0.0003199710
0.0003198230
0.0003199130
0.0003199720
0.0002907170
0.0003205960
0.0003203270
0.0003201840
0.0003201810
0.0003207460
0.0003201480
0.0003203430
0.0003013960
0.0003205580
0.0003202820
0.0003201710
0.0003199130
0.0003198360
0.0003200200
0.0003198300
0.0003200580
0.0003197930
0.0003197670
0.0003199610
0.0003196780
0.0003205010
0.0003201900
0.0003202600
0.0003204100
0.0003201260
0.0003204350
0.0003202760
0.0003203020
0.0003203440
0.0003201810
0.0003203300
0.0003200930
0.0003199720
0.0002840910
0.0003206820
0.0003206520
0.0003197990
0.0003199580
0.0003202740
0.0003198320
0.0003202140
0.0003200230
0.0003198810
0.0003203020
0.0003199580
0.0003197850
0.0003201930
0.0003199150
0.0003199020
0.0002923660
