0.0000536750
0.0000535040
0.0000534920
0.0000535320
0.0000534940
0.0000534950
0.0000534940
0.0000534840
0.0000535190
0.0000534840
0.0000535860
0.0000534120
0.0000534050
0.0000534140
0.0000534320
0.0000534230
0.0000534440
0.0000534020
0.0000534190
0.0000534200
0.0000537090
0.0000534810
0.0000535010
0.0000534560
0.0000534410
0.0000535020
0.0000534910
0.0000535070
0.0000535140
0.0000534840
0.0000536300
0.0000534940
0.0000534790
0.0000534360
0.0000534620
0.0000534510
0.0000534780
0.0000534640
0.0000534250
0.0000534640
0.0000536970
0.0000534400
0.0000534110
0.0000534560
0.0000534360
0.0000534360
0.0000534670
0.0000534480
0.0000534850
0.0000534610
0.0000535940
0.0000534310
0.0000534860
0.0000534750
0.0000534110
0.0000534190
0.0000534470
0.0000534040
0.0000534030
0.0000535630
0.0000536100
0.0000534480
0.0000534600
0.0000534480
0.0000534490
0.0000534710
0.0000536120
0.0000534550
0.0000534470
0.0000534520
0.0000536300
0.0000534220
0.0000533950
0.0000534560
0.0000534010
0.0000534520
0.0000534520
0.0000534810
0.0000536190
0.0000533970
0.0000536670
0.0000534760
0.0000535060
0.0000535000
0.0000534740
0.0000534930
0.0000534930
0.0000535050
0.0000534540
0.0000534600
0.0000536780
0.0000535070
0.0000534760
0.0000535180
0.0000534510
0.0000534410
0.0000534710
0.0000534850
0.0000534980
0.0000534880
