0.0000536900
0.0000534790
0.0000535400
0.0000534770
0.0000535130
0.0000534800
0.0000534860
0.0000534740
0.0000534960
0.0000535280
0.0000537250
0.0000535330
0.0000534860
0.0000534790
0.0000534970
0.0000535110
0.0000534520
0.0000534920
0.0000534970
0.0000535000
0.0000536930
0.0000534640
0.0000535160
0.0000534830
0.0000534800
0.0000534980
0.0000534780
0.0000534660
0.0000534950
0.0000534670
0.0000536690
0.0000534910
0.0000534870
0.0000534920
0.0000535050
0.0000535030
0.0000534900
0.0000536430
0.0000534950
0.0000535030
0.0000536510
0.0000534480
0.0000533910
0.0000534810
0.0000534550
0.0000534840
0.0000534060
0.0000536290
0.0000534680
0.0000534870
0.0000535520
0.0000534560
0.0000534710
0.0000534910
0.0000534660
0.0000534220
0.0000533960
0.0000534450
0.0000534010
0.0000534080
0.0000536490
0.0000535100
0.0000534780
0.0000534740
0.0000534830
0.0000536360
0.0000534840
0.0000534900
0.0000534980
0.0000534980
0.0000535980
0.0000534680
0.0000534590
0.0000534040
0.0000535880
0.0000533940
0.0000534710
0.0000534610
0.0000534650
0.0000534730
0.0000536500
0.0000534870
0.0000534500
0.0000533980
0.0000534740
0.0000534440
0.0000534300
0.0000534030
0.0000534650
0.0000533970
0.0000536610
0.0000534830
0.0000534910
0.0000535020
0.0000534410
0.0000534900
0.0000535020
0.0000534960
0.0000534950
0.0000536330
