0.0001070600
0.0001067860
0.0001067810
0.0001068240
0.0001067970
0.0001068160
0.0001067930
0.0001068390
0.0001068060
0.0001067780
0.0001069850
0.0001073980
0.0001068060
0.0001069660
0.0001068180
0.0001069370
0.0001068940
0.0001068160
0.0001068250
0.0001068120
0.0001069450
0.0001068010
0.0001070080
0.0001067570
0.0001067570
0.0001068090
0.0001068530
0.0001069020
0.0001069350
0.0001066890
0.0001070040
0.0001068470
0.0001068320
0.0001067580
0.0001068340
0.0001068060
0.0001071310
0.0001067850
0.0001067840
0.0001068030
0.0001072150
0.0001071390
0.0001069190
0.0001070150
0.0001069280
0.0001069130
0.0001069170
0.0001070660
0.0001068690
0.0001069460
0.0001070450
0.0001067590
0.0001067870
0.0001069560
0.0001068290
0.0001068300
0.0001068020
0.0001068060
0.0001068380
0.0001068010
0.0001068860
0.0001067900
0.0001067600
0.0001067180
0.0001068070
0.0001069100
0.0001068430
0.0001067910
0.0001067610
0.0001067660
0.0001070440
0.0001068220
0.0001067270
0.0001067080
0.0001067300
0.0001071590
0.0001067120
0.0001067880
0.0001071020
0.0001068590
0.0001069930
0.0001068110
0.0001067590
0.0001067180
0.0001070560
0.0001068990
0.0001067330
0.0001069020
0.0001067980
0.0001067690
0.0001071510
0.0001069550
0.0001069060
0.0001068980
0.0001068640
0.0001070400
0.0001068330
0.0001068580
0.0001070320
0.0001068360
