0.0000536610
0.0000535670
0.0000535390
0.0000535260
0.0000535280
0.0000535630
0.0000535160
0.0000535390
0.0000535360
0.0000517650
0.0000536930
0.0000534740
0.0000534600
0.0000534720
0.0000534470
0.0000534990
0.0000534810
0.0000534770
0.0000534490
0.0000534920
0.0000537560
0.0000535740
0.0000535170
0.0000534950
0.0000535180
0.0000535030
0.0000535200
0.0000534950
0.0000535110
0.0000439130
0.0000536950
0.0000534700
0.0000534700
0.0000534670
0.0000534760
0.0000534660
0.0000534830
0.0000534560
0.0000534620
0.0000534510
