0.0000580550
0.0000534680
0.0000534760
0.0000534510
0.0000534970
0.0000535070
0.0000534780
0.0000534190
0.0000536120
0.0000534160
0.0000535950
0.0000534340
0.0000534290
0.0000534840
0.0000534740
0.0000534590
0.0000534150
0.0000535050
0.0000534170
0.0000534130
0.0000536000
0.0000535340
0.0000534510
0.0000534930
0.0000534880
0.0000534280
0.0000534640
0.0000534850
0.0000534850
0.0000534050
0.0000536760
0.0000534620
0.0000534930
0.0000534090
0.0000534510
0.0000534870
0.0000534450
0.0000534850
0.0000534900
0.0000534800
0.0000537420
0.0000535500
0.0000535220
0.0000534820
0.0000534870
0.0000534920
0.0000534870
0.0000534720
0.0000534880
0.0000534980
