0.0000537050
0.0000535090
0.0000535130
0.0000535320
0.0000535160
0.0000535350
0.0000535160
0.0000537140
0.0000535160
0.0000208300
0.0000536470
0.0000534550
0.0000534980
0.0000535030
0.0000534720
0.0000534900
0.0000535110
0.0000535150
0.0000535000
0.0000535180
0.0000536120
0.0000534330
0.0000534920
0.0000534400
0.0000534900
0.0000534660
0.0000534700
0.0000534270
0.0000534780
0.0000534640
0.0000536550
0.0000534730
0.0000534980
0.0000534800
0.0000534670
0.0000534940
0.0000537090
0.0000535000
0.0000534660
0.0000534630
0.0000537060
0.0000535150
0.0000534940
0.0000534590
0.0000535080
0.0000534770
0.0000535100
0.0000534330
0.0000535060
0.0000534700
0.0000537100
0.0000534750
0.0000535060
0.0000534750
0.0000536530
0.0000534710
0.0000534830
0.0000534940
0.0000534830
0.0000534160
0.0000536400
0.0000534480
0.0000534450
0.0000534820
0.0000534470
0.0000534830
0.0000534760
0.0000534950
0.0000535050
0.0000534330
0.0000535820
0.0000534310
0.0000534830
0.0000535220
0.0000534990
0.0000534660
0.0000534620
0.0000685830
0.0000535200
0.0000533690
0.0000536680
0.0000535040
0.0000534580
0.0000534710
0.0000535250
0.0000534960
0.0000534900
0.0000534710
0.0000534200
0.0000535410
0.0000536660
0.0000534920
0.0000535180
0.0000534790
0.0000535120
0.0000534810
0.0000535280
0.0000535240
0.0000535160
0.0000535120
