0.0000016050
0.0000012200
0.0000010160
0.0000009590
0.0000010810
0.0000011550
0.0000009530
0.0000009740
0.0000010370
0.0000011540
0.0000014500
0.0000012470
0.0000010170
0.0000009900
0.0000009580
0.0000011600
0.0000009280
0.0000009640
0.0000010290
0.0000011470
0.0000016040
0.0000013020
0.0000010160
0.0000009930
0.0000009870
0.0000011870
0.0000009770
0.0000010110
0.0000010820
0.0000011690
0.0000013600
0.0000011880
0.0000009960
0.0000010020
0.0000009700
0.0000011780
0.0000009470
0.0000009750
0.0000010390
0.0000011500
0.0000013450
0.0000012770
0.0000009940
0.0000009860
0.0000009780
0.0000010660
0.0000009490
0.0000009670
0.0000010450
0.0000011350
