0.0000007030
0.0000003900
0.0000001600
0.0000001550
0.0000002430
0.0000001510
0.0000001530
0.0000001540
0.0000001540
0.0000001540
0.0000006630
0.0000004060
0.0000001660
0.0000001630
0.0000002420
0.0000001540
0.0000001560
0.0000001520
0.0000001520
0.0000001560
0.0000006270
0.0000003820
0.0000001620
0.0000001610
0.0000001700
0.0000001610
0.0000001590
0.0000001580
0.0000001550
0.0000001590
0.0000005880
0.0000003810
0.0000001550
0.0000001530
0.0000001670
0.0000001560
0.0000001560
0.0000001560
0.0000001570
0.0000001530
0.0000006420
0.0000003850
0.0000001750
0.0000001540
0.0000001700
0.0000001530
0.0000001540
0.0000001560
0.0000001550
0.0000001540
