0.0030198500
0.0016666470
0.0017219280
0.0017126830
0.0015719490
0.0014660270
0.0015431350
0.0015638190
0.0014152680
0.0014257640
0.0033739000
0.0017805660
0.0017257970
0.0017460520
0.0016705330
0.0015158690
0.0015313110
0.0015875370
0.0015289070
0.0014573750
0.0033259250
0.0017099120
0.0017100380
0.0016225350
0.0015438530
0.0014745200
0.0014814320
0.0015151310
0.0014378440
0.0014177790
0.0031623230
0.0016139020
0.0015896460
0.0015443210
0.0014352280
0.0013751690
0.0013585260
0.0013846610
0.0013484190
0.0013405730
0.0034233980
0.0018623090
0.0017226660
0.0017103300
0.0016699620
0.0015877850
0.0015980260
0.0015490980
0.0015064070
0.0015094320
0.0032193590
0.0016868030
0.0017170960
0.0016506950
0.0015341840
0.0014317020
0.0014671980
0.0014981880
0.0014457880
0.0013817540
0.0031869130
0.0016427280
0.0016788860
0.0016406660
0.0014491960
0.0014242770
0.0014446320
0.0014781110
0.0013909870
0.0013938170
0.0028059280
0.0015271360
0.0015307890
0.0015152180
0.0013204700
0.0012480390
0.0012889040
0.0012987170
0.0013023130
0.0012536080
0.0027636890
0.0014355510
0.0015073300
0.0014559120
0.0013492780
0.0012410570
0.0012802810
0.0012679960
0.0012711810
0.0012758000
0.0026134520
0.0014046300
0.0014393100
0.0014301440
0.0013426470
0.0012313320
0.0012767040
0.0012792670
0.0012701990
0.0012526140
