0.0000151760
0.0000023040
0.0000019440
0.0000019410
0.0000021570
0.0000023570
0.0000021680
0.0000023820
0.0000019080
0.0000021490
0.0000142110
0.0000023160
0.0000019210
0.0000019630
0.0000024140
0.0000023660
0.0000023680
0.0000021840
0.0000019730
0.0000023500
0.0000149510
0.0000023250
0.0000019130
0.0000019620
0.0000021710
0.0000023400
0.0000023730
0.0000021890
0.0000019760
0.0000023720
0.0000144330
0.0000020260
0.0000018740
0.0000018750
0.0000021120
0.0000022790
0.0000023020
0.0000023200
0.0000019110
0.0000022960
0.0000117900
0.0000020090
0.0000019490
0.0000018980
0.0000021040
0.0000023030
0.0000020970
0.0000023120
0.0000018630
0.0000022980
0.0000110720
0.0000020190
0.0000018570
0.0000018990
0.0000022500
0.0000023060
0.0000022950
0.0000021290
0.0000019150
0.0000022880
0.0000100310
0.0000020810
0.0000019240
0.0000018880
0.0000021180
0.0000022980
0.0000023110
0.0000023160
0.0000018520
0.0000020950
0.0000141740
0.0000019910
0.0000018580
0.0000018920
0.0000021060
0.0000022930
0.0000022910
0.0000021200
0.0000019090
0.0000022930
0.0000132620
0.0000020640
0.0000019040
0.0000018940
0.0000023050
0.0000021150
0.0000023000
0.0000021190
0.0000019050
0.0000022900
0.0000134680
0.0000020280
0.0000018680
0.0000019070
0.0000021820
0.0000022930
0.0000022920
0.0000023150
0.0000019280
0.0000022980
