0.0004216300
0.0001678270
0.0001673060
0.0001665330
0.0001656230
0.0001655790
0.0001653820
0.0001660060
0.0001590390
0.0001664380
0.0004775480
0.0001760550
0.0001675530
0.0001695270
0.0001660040
0.0001668820
0.0001664390
0.0001694690
0.0001599180
0.0001662450
0.0004165470
0.0001682380
0.0001659620
0.0001697200
0.0001660420
0.0001653710
0.0001657230
0.0001685220
0.0001607350
0.0001659150
0.0004771100
0.0001945170
0.0001899420
0.0001940700
0.0001907690
0.0001901870
0.0001906260
0.0001899290
0.0001845390
0.0001901040
0.0004518000
0.0001756830
0.0001708750
0.0001693460
0.0001697950
0.0001723620
0.0001685360
0.0001683470
0.0001635230
0.0001711170
0.0004622560
0.0001517410
0.0001470170
0.0001441180
0.0001399910
0.0001478380
0.0001470920
0.0001463020
0.0001391300
0.0001472310
0.0004586910
0.0001693970
0.0001705410
0.0001673800
0.0001673290
0.0001674440
0.0001674470
0.0001674470
0.0001625570
0.0001673840
0.0004745870
0.0001733030
0.0001732350
0.0001706320
0.0001728300
0.0001684850
0.0001702080
0.0001696300
0.0001664040
0.0001680210
0.0004413870
0.0001600380
0.0001536690
0.0001470470
0.0001496890
0.0001462420
0.0001462390
0.0001461520
0.0001405190
0.0001498250
0.0003888970
0.0001685310
0.0001675200
0.0001715780
0.0001671250
0.0001678760
0.0001672600
0.0001705580
0.0001612780
0.0001676110
