0.0000116740
0.0000042420
0.0000041580
0.0000046490
0.0000039330
0.0000039420
0.0000038600
0.0000037560
0.0000036610
0.0000041260
0.0000143520
0.0000043500
0.0000042140
0.0000043490
0.0000039540
0.0000039800
0.0000039990
0.0000037810
0.0000038030
0.0000042400
0.0000150820
0.0000042450
0.0000041410
0.0000046100
0.0000038450
0.0000038680
0.0000038730
0.0000036980
0.0000036520
0.0000041260
0.0000145640
0.0000039580
0.0000039390
0.0000042350
0.0000038490
0.0000038870
0.0000038490
0.0000036690
0.0000036620
0.0000041300
0.0000148070
0.0000039970
0.0000038530
0.0000046150
0.0000041900
0.0000039190
0.0000038650
0.0000036640
0.0000036180
0.0000041270
0.0000147430
0.0000042610
0.0000041680
0.0000046540
0.0000038930
0.0000039080
0.0000038500
0.0000036770
0.0000036410
0.0000040870
0.0000142060
0.0000042410
0.0000041130
0.0000046590
0.0000041530
0.0000041630
0.0000038890
0.0000038310
0.0000036150
0.0000041410
0.0000128740
0.0000042180
0.0000041410
0.0000046400
0.0000039010
0.0000038750
0.0000038670
0.0000036840
0.0000036930
0.0000041150
0.0000154250
0.0000042420
0.0000041040
0.0000046490
0.0000041640
0.0000039920
0.0000038710
0.0000037390
0.0000036870
0.0000039040
0.0000121420
0.0000042020
0.0000041110
0.0000046030
0.0000041260
0.0000041230
0.0000038750
0.0000036900
0.0000036690
0.0000041580
