0.0000543930
0.0000093840
0.0000093180
0.0000086180
0.0000085450
0.0000092810
0.0000092260
0.0000092780
0.0000092880
0.0000085200
0.0000414370
0.0000095720
0.0000095490
0.0000089280
0.0000089280
0.0000095250
0.0000094790
0.0000095100
0.0000095240
0.0000094920
0.0000511170
0.0000086500
0.0000093290
0.0000104920
0.0000093190
0.0000092670
0.0000084900
0.0000092880
0.0000092890
0.0000092880
0.0000411920
0.0000094210
0.0000093050
0.0000085400
0.0000093050
0.0000084540
0.0000092710
0.0000092790
0.0000092920
0.0000085120
0.0000561010
0.0000093740
0.0000085720
0.0000093090
0.0000086880
0.0000092360
0.0000092750
0.0000084380
0.0000085360
0.0000092640
0.0000427730
0.0000086600
0.0000093180
0.0000093310
0.0000093050
0.0000092960
0.0000085160
0.0000084940
0.0000085720
0.0000092680
0.0000590110
0.0000096730
0.0000098460
0.0000086130
0.0000086840
0.0000092740
0.0000092860
0.0000085180
0.0000085240
0.0000092380
0.0000529480
0.0000097570
0.0000093670
0.0000085630
0.0000085630
0.0000092620
0.0000092760
0.0000084620
0.0000085060
0.0000092920
0.0000494090
0.0000094060
0.0000093320
0.0000118050
0.0000085350
0.0000092310
0.0000092700
0.0000092480
0.0000092940
0.0000092650
0.0000440050
0.0000093640
0.0000092720
0.0000093140
0.0000092700
0.0000092200
0.0000092370
0.0000092760
0.0000092610
0.0000085300
