0.0003201610
0.0001627610
0.0001509970
0.0001442550
0.0001433220
0.0001426420
0.0001471650
0.0001506060
0.0001438390
0.0001441170
0.0003063020
0.0001553810
0.0001522640
0.0001424450
0.0001426210
0.0001426750
0.0001411750
0.0001486860
0.0001454440
0.0001432500
0.0003288510
0.0001574520
0.0001508910
0.0001429370
0.0001416000
0.0001420860
0.0001422660
0.0001486770
0.0001414480
0.0001428660
0.0002953170
0.0001454390
0.0001434780
0.0001467470
0.0001423420
0.0001431360
0.0001420620
0.0001428090
0.0001413170
0.0001420180
0.0002687960
0.0001447280
0.0001440260
0.0001435820
0.0001427690
0.0001427040
0.0001425580
0.0001437600
0.0001473970
0.0001433020
0.0002770430
0.0001311150
0.0001248830
0.0001268270
0.0001241430
0.0001238150
0.0001245410
0.0001255880
0.0001241860
0.0001270290
0.0002951260
0.0001307400
0.0001276860
0.0001324500
0.0001253360
0.0001256650
0.0001264250
0.0001321730
0.0001285810
0.0001317000
0.0002916370
0.0001279320
0.0001240770
0.0001246470
0.0001231370
0.0001284070
0.0001239490
0.0001289510
0.0001245590
0.0001233400
0.0002639530
0.0001255420
0.0001244680
0.0001246980
0.0001250210
0.0001243940
0.0001243150
0.0001282420
0.0001248490
0.0001247700
0.0003052090
0.0001387190
0.0001352400
0.0001273860
0.0001289420
0.0001265860
0.0001257340
0.0001324520
0.0001305960
0.0001260800
