0.0000014320
0.0000010040
0.0000009440
0.0000009900
0.0000009240
0.0000009210
0.0000009180
0.0000009230
0.0000009700
0.0000009180
0.0000012360
0.0000009870
0.0000009510
0.0000008410
0.0000008690
0.0000008810
0.0000009060
0.0000009200
0.0000009790
0.0000009040
0.0000013560
0.0000010160
0.0000009370
0.0000009510
0.0000009260
0.0000009160
0.0000009130
0.0000008980
0.0000009840
0.0000009280
0.0000014350
0.0000010090
0.0000009360
0.0000009180
0.0000008580
0.0000009260
0.0000009340
0.0000009160
0.0000010000
0.0000009260
0.0000012760
0.0000009820
0.0000009290
0.0000008520
0.0000008730
0.0000008600
0.0000009270
0.0000009360
0.0000009930
0.0000009220
0.0000014060
0.0000011890
0.0000010490
0.0000008670
0.0000009130
0.0000008630
0.0000009440
0.0000010080
0.0000010020
0.0000009270
0.0000013400
0.0000010240
0.0000009320
0.0000009280
0.0000009360
0.0000009570
0.0000009210
0.0000009270
0.0000009790
0.0000009220
0.0000014330
0.0000011630
0.0000009370
0.0000009660
0.0000009310
0.0000009520
0.0000009600
0.0000009950
0.0000009930
0.0000009560
0.0000014610
0.0000011590
0.0000009610
0.0000008660
0.0000008780
0.0000008930
0.0000009570
0.0000009500
0.0000010160
0.0000009470
0.0000014290
0.0000012070
0.0000010800
0.0000008730
0.0000008890
0.0000008910
0.0000009610
0.0000009410
0.0000010050
0.0000009170
