0.0051280610
0.0033301740
0.0032280610
0.0031035890
0.0031381350
0.0031033570
0.0030145120
0.0030962140
0.0030587540
0.0029065160
0.0049138560
0.0031966890
0.0030965580
0.0030087560
0.0029748730
0.0029516130
0.0028843660
0.0029790600
0.0029232470
0.0028463310
0.0049930630
0.0032258150
0.0031094910
0.0029913280
0.0029797720
0.0030073390
0.0029398420
0.0029929710
0.0029632770
0.0028260500
0.0050582760
0.0032712050
0.0031869370
0.0030706340
0.0030602150
0.0030704360
0.0029947350
0.0030559590
0.0030179250
0.0029454030
0.0049460570
0.0032371140
0.0031537890
0.0030085210
0.0029839570
0.0029880040
0.0029452270
0.0029510120
0.0029382030
0.0027670790
0.0047191810
0.0030781310
0.0029620990
0.0028630520
0.0028612130
0.0028878020
0.0028449720
0.0028818910
0.0028469790
0.0027259110
0.0045676000
0.0031193290
0.0030173050
0.0029024730
0.0029049730
0.0029242710
0.0029151090
0.0029467870
0.0029259600
0.0027528340
0.0046880480
0.0031187400
0.0029849490
0.0028837690
0.0029198900
0.0029258660
0.0028807060
0.0029409060
0.0028452890
0.0027658530
0.0047813210
0.0031586460
0.0030784640
0.0029732140
0.0029687450
0.0029742490
0.0029257220
0.0030330580
0.0030005240
0.0028364140
0.0049108400
0.0031410810
0.0030680070
0.0030327530
0.0029595700
0.0029634640
0.0029171330
0.0029333960
0.0029305650
0.0028298210
