0.0000259260
0.0000085370
0.0000092450
0.0000092790
0.0000080870
0.0000083450
0.0000081070
0.0000078420
0.0000068300
0.0000067960
0.0000322660
0.0000085650
0.0000092210
0.0000083280
0.0000093810
0.0000098500
0.0000078390
0.0000080060
0.0000072030
0.0000068600
0.0000315850
0.0000088190
0.0000090260
0.0000077700
0.0000091220
0.0000087870
0.0000091000
0.0000090290
0.0000085750
0.0000085570
0.0000314310
0.0000097280
0.0000078730
0.0000076120
0.0000078480
0.0000087500
0.0000078730
0.0000075090
0.0000069020
0.0000068550
0.0000225760
0.0000087440
0.0000136960
0.0000091040
0.0000090010
0.0000099560
0.0000078620
0.0000089910
0.0000070720
0.0000087670
