0.0061112990
0.0038562150
0.0037347550
0.0039608560
0.0035598470
0.0035277330
0.0034861700
0.0035185110
0.0034877480
0.0033930330
0.0067500130
0.0039141150
0.0038679570
0.0039522340
0.0036269450
0.0035576230
0.0035474330
0.0036199370
0.0035600020
0.0034723130
0.0068294150
0.0042088160
0.0039497250
0.0040942750
0.0038573850
0.0036211550
0.0035744610
0.0036703110
0.0037122510
0.0034885790
0.0065746410
0.0038428340
0.0036937010
0.0038234670
0.0035439450
0.0035034680
0.0034380670
0.0035036660
0.0034455250
0.0033992130
0.0067035850
0.0040769070
0.0039836220
0.0040711640
0.0037669680
0.0036161000
0.0036207250
0.0037071300
0.0036753170
0.0034964800
0.0057034670
0.0034341360
0.0034284000
0.0035623270
0.0032922310
0.0031787920
0.0032483720
0.0033005740
0.0032051750
0.0031062530
0.0055309160
0.0033254520
0.0034777390
0.0035067970
0.0032395660
0.0030576340
0.0032166390
0.0031911640
0.0031943800
0.0030374860
0.0057006770
0.0036187590
0.0034989990
0.0036686840
0.0034052360
0.0032937860
0.0032762320
0.0032704480
0.0032974950
0.0031769520
0.0056242520
0.0033930560
0.0034904180
0.0036404550
0.0032677590
0.0031312550
0.0032038140
0.0032498140
0.0031962020
0.0030510590
0.0065010410
0.0037491050
0.0037307190
0.0038432880
0.0035584320
0.0034075500
0.0034464720
0.0035185890
0.0034540280
0.0033338960
