0.0099469300
0.0068876540
0.0066245360
0.0065263890
0.0064008970
0.0062493830
0.0064088740
0.0062898030
0.0062660180
0.0063762260
0.0099287750
0.0068503370
0.0066403570
0.0064683450
0.0063570020
0.0062584970
0.0064147950
0.0062802740
0.0062936400
0.0062068990
0.0090333110
0.0066773340
0.0064861130
0.0063285350
0.0062803140
0.0061618750
0.0061736420
0.0060490020
0.0060457670
0.0059477770
0.0100392980
0.0069338000
0.0067167580
0.0065394290
0.0064808940
0.0063431780
0.0064961140
0.0063809070
0.0063681010
0.0063020600
0.0097161300
0.0073123160
0.0070298420
0.0068112460
0.0066185220
0.0065164790
0.0066458180
0.0065189020
0.0064523730
0.0063944390
0.0090589820
0.0067244920
0.0065946350
0.0063430010
0.0062870330
0.0061672790
0.0062394000
0.0061222350
0.0060725350
0.0059426400
0.0098467090
0.0067954950
0.0066120670
0.0064465700
0.0063683980
0.0062608820
0.0065025820
0.0063404080
0.0062549700
0.0062117520
0.0093837620
0.0068570210
0.0066799600
0.0065417670
0.0063947070
0.0062471990
0.0063604010
0.0061143210
0.0059344880
0.0059274140
0.0099840040
0.0070270120
0.0068211790
0.0065742120
0.0064309130
0.0062966040
0.0064724100
0.0064584620
0.0064279330
0.0063237260
0.0100141260
0.0068096520
0.0065262250
0.0063164090
0.0063008630
0.0062037970
0.0062727920
0.0062322050
0.0061634910
0.0060922500
