0.0000005860
0.0000003080
0.0000001210
0.0000000570
0.0000001560
0.0000000530
0.0000000530
0.0000000490
0.0000000600
0.0000000510
0.0000003760
0.0000001640
0.0000000530
0.0000000550
0.0000000840
0.0000000530
0.0000000530
0.0000000580
0.0000000550
0.0000000520
0.0000004180
0.0000001460
0.0000000610
0.0000000520
0.0000000860
0.0000000510
0.0000000500
0.0000000490
0.0000000500
0.0000000510
0.0000004910
0.0000002140
0.0000000580
0.0000000770
0.0000000940
0.0000000490
0.0000000500
0.0000000540
0.0000000560
0.0000000460
0.0000003850
0.0000001620
0.0000000550
0.0000000490
0.0000000830
0.0000000500
0.0000000480
0.0000000470
0.0000000690
0.0000000480
0.0000003850
0.0000001480
0.0000000530
0.0000000550
0.0000000800
0.0000000520
0.0000000510
0.0000000500
0.0000000510
0.0000000500
0.0000005290
0.0000003390
0.0000001140
0.0000001060
0.0000000860
0.0000000540
0.0000000590
0.0000000500
0.0000000500
0.0000000500
0.0000003800
0.0000001630
0.0000000570
0.0000000560
0.0000000800
0.0000000500
0.0000000520
0.0000000480
0.0000000510
0.0000000510
0.0000003710
0.0000001620
0.0000000510
0.0000000580
0.0000000750
0.0000000530
0.0000000530
0.0000000520
0.0000000580
0.0000000510
0.0000003910
0.0000001330
0.0000001100
0.0000001060
0.0000000810
0.0000000590
0.0000000520
0.0000000490
0.0000000510
0.0000000510
