0.0373003440
0.0281172370
0.0281136730
0.0281666180
0.0280594950
0.0280261400
0.0282513520
0.0281782890
0.0282662390
0.0281912700
0.0342731210
0.0269495780
0.0267658740
0.0270594890
0.0268187510
0.0268837910
0.0270311520
0.0271534450
0.0269896310
0.0270858220
0.0348536110
0.0268491360
0.0267505880
0.0268821300
0.0267445680
0.0268453140
0.0270541190
0.0269914440
0.0268999140
0.0268591150
0.0349332600
0.0278857600
0.0278561130
0.0278512140
0.0278112360
0.0280434580
0.0281111330
0.0279024200
0.0278054060
0.0277841260
0.0410039320
0.0277752370
0.0272288420
0.0271367540
0.0271533750
0.0271594350
0.0274594850
0.0273376940
0.0272532890
0.0271076850
