0.0000266790
0.0000034710
0.0000037750
0.0000032610
0.0000039590
0.0000037080
0.0000041900
0.0000090580
0.0000030990
0.0000039310
0.0000212260
0.0000039810
0.0000038050
0.0000051890
0.0000039000
0.0000038350
0.0000047380
0.0000038130
0.0000034190
0.0000039620
0.0000240940
0.0000035680
0.0000041280
0.0000038290
0.0000043040
0.0000036990
0.0000048040
0.0000040890
0.0000028590
0.0000038140
0.0000208220
0.0000034710
0.0000040000
0.0000038230
0.0000043000
0.0000037140
0.0000048130
0.0000039910
0.0000032700
0.0000036980
0.0000248390
0.0000034970
0.0000038320
0.0000035710
0.0000040410
0.0000037280
0.0000047500
0.0000039230
0.0000030000
0.0000039100
