0.0000697110
0.0000199740
0.0000206930
0.0000206450
0.0000189780
0.0000185730
0.0000188850
0.0000195630
0.0000187280
0.0000202910
0.0000669870
0.0000196730
0.0000195070
0.0000193690
0.0000178420
0.0000177590
0.0000176720
0.0000180160
0.0000185150
0.0000200530
0.0000484470
0.0000189790
0.0000190250
0.0000186600
0.0000186910
0.0000187150
0.0000171550
0.0000176130
0.0000176100
0.0000172590
0.0000551660
0.0000189200
0.0000187920
0.0000172000
0.0000172040
0.0000171910
0.0000172020
0.0000172400
0.0000172200
0.0000187200
0.0000521180
0.0000205040
0.0000187620
0.0000184950
0.0000185310
0.0000185310
0.0000185540
0.0000173190
0.0000171330
0.0000186910
0.0000615040
0.0000183480
0.0000177900
0.0000175620
0.0000177510
0.0000175030
0.0000173100
0.0000191480
0.0000173000
0.0000186850
0.0000634790
0.0000172860
0.0000171650
0.0000172470
0.0000171040
0.0000187850
0.0000187210
0.0000191170
0.0000171710
0.0000186940
0.0000519640
0.0000189380
0.0000188440
0.0000187420
0.0000187060
0.0000171840
0.0000171440
0.0000174780
0.0000171950
0.0000187390
0.0000657080
0.0000196250
0.0000193400
0.0000190760
0.0000192080
0.0000193090
0.0000193050
0.0000183550
0.0000177520
0.0000187650
0.0000655310
0.0000181080
0.0000174700
0.0000175850
0.0000175690
0.0000176420
0.0000175680
0.0000176590
0.0000173720
0.0000189250
