0.0000008380
0.0000005900
0.0000003520
0.0000005540
0.0000004180
0.0000003810
0.0000003380
0.0000003760
0.0000003460
0.0000003370
0.0000008040
0.0000005870
0.0000003660
0.0000003550
0.0000003470
0.0000003330
0.0000003330
0.0000003660
0.0000003520
0.0000003330
0.0000007970
0.0000005770
0.0000003730
0.0000003370
0.0000003500
0.0000003640
0.0000003390
0.0000003570
0.0000003560
0.0000003250
0.0000010110
0.0000006340
0.0000003560
0.0000003370
0.0000004070
0.0000005060
0.0000003360
0.0000003770
0.0000003440
0.0000003200
0.0000007960
0.0000005710
0.0000003590
0.0000005140
0.0000003380
0.0000003400
0.0000003360
0.0000003630
0.0000003600
0.0000003380
