0.0000580060
0.0000582510
0.0000585110
0.0000582240
0.0000583200
0.0000583010
0.0000581700
0.0000584500
0.0000580040
0.0000584500
0.0000580870
0.0000580610
0.0000580720
0.0000582110
0.0000581200
0.0000581180
0.0000582990
0.0000580890
0.0000580900
0.0000580520
0.0000578910
0.0000197290
0.0000580600
0.0000581780
0.0000580590
0.0000580930
0.0000581000
0.0000581400
0.0000693410
0.0000581430
0.0000579160
0.0000580260
0.0000580500
0.0000580600
0.0000580870
0.0000580690
0.0000580310
0.0000583120
0.0000582490
0.0000579720
0.0000580910
0.0000582590
0.0000582750
0.0000583610
0.0000583350
0.0000587400
0.0000687280
0.0000583070
0.0000552780
0.0000581020
