0.0001146030
0.0001147110
0.0001142540
0.0001144840
0.0001152090
0.0001148590
0.0001144780
0.0001145680
0.0001011620
0.0001148990
0.0001144370
0.0001146030
0.0001144190
0.0001145810
0.0001142400
0.0001251210
0.0001146680
0.0001144290
0.0001146780
0.0001144610
0.0001239290
0.0001145960
0.0001146750
0.0001146330
0.0001148280
0.0001151380
0.0001175470
0.0001146340
0.0001142220
0.0001143600
0.0001149040
0.0001146890
0.0000860310
0.0001110300
0.0001148090
0.0001147630
0.0001144700
0.0001145890
0.0001143600
0.0001148780
0.0001152490
0.0001151080
0.0001148450
0.0001152950
0.0001150160
0.0001149320
0.0001149100
0.0001151400
0.0000807670
0.0001152120
0.0001151440
0.0001151190
0.0000839480
0.0001150980
0.0001152690
0.0001153160
0.0001151640
0.0001153540
0.0001151160
0.0001151250
0.0001143210
0.0001149910
0.0001038130
0.0001146190
0.0001149240
0.0001146480
0.0001145890
0.0001145890
0.0001145970
0.0001116600
0.0001135860
0.0001149790
0.0001150160
0.0001184210
0.0001150910
0.0001149300
0.0001246680
0.0001149300
0.0001148020
0.0001147710
0.0001120070
0.0001153780
0.0001149650
0.0001150650
0.0001154280
0.0001151900
0.0001150490
0.0001151770
0.0001148770
0.0000949190
0.0001144810
0.0001147270
0.0001123380
0.0001150400
0.0001148470
0.0001148690
0.0001147310
0.0001146070
0.0001146780
0.0001146800
