0.0112077890
0.0111676720
0.0111677540
0.0112080850
0.0111642510
0.0111660370
0.0111749340
0.0111769860
0.0112098650
0.0111840250
0.0111878180
0.0111968340
0.0111866380
0.0111787570
0.0111631070
0.0111867630
0.0111852850
0.0112051700
0.0111996350
0.0111895690
0.0111701030
0.0111872140
0.0111651340
0.0111943860
0.0111716470
0.0111968060
0.0111961420
0.0111974510
0.0111899940
0.0112133650
0.0112095430
0.0111854760
0.0111917330
0.0112099620
0.0111815550
0.0112023940
0.0111612640
0.0112149580
0.0111777080
0.0111672800
0.0111779570
0.0111650920
0.0111679160
0.0111833150
0.0112035860
0.0111856490
0.0111663890
0.0111579640
0.0112026230
0.0111741420
