0.0000580420
0.0000580250
0.0000583460
0.0000581020
0.0000579500
0.0000580360
0.0000580590
0.0000582030
0.0000581610
0.0000581620
0.0000584650
0.0000583310
0.0000585090
0.0000586110
0.0000585810
0.0000338310
0.0000586380
0.0000585600
0.0000586000
0.0000582980
0.0000579870
0.0000581150
0.0000579840
0.0000579970
0.0000580610
0.0000580910
0.0000580880
0.0000581290
0.0000581410
0.0000580860
0.0000583100
0.0000580900
0.0000581590
0.0000581580
0.0000581310
0.0000581690
0.0000584280
0.0000582070
0.0000582030
0.0000582090
0.0000581360
0.0000583700
0.0000586290
0.0000581810
0.0000583040
0.0000583300
0.0000585300
0.0000581590
0.0000581450
0.0000582510
