0.0223479880
0.0223692610
0.0223366920
0.0223201100
0.0223380840
0.0223442840
0.0223184740
0.0223607200
0.0223416450
0.0223401270
0.0223438520
0.0223565060
0.0223445650
0.0223338760
0.0223585720
0.0223238100
0.0223478980
0.0223383600
0.0223686590
0.0223676510
0.0223197560
0.0223486730
0.0223609780
0.0223603290
0.0223383280
0.0223457170
0.0223473040
0.0223485870
0.0223572270
0.0223333760
0.0223238920
0.0223375530
0.0223283550
0.0223357330
0.0223159020
0.0223529880
0.0223468780
0.0223629650
0.0223592380
0.0223689470
0.0223539390
0.0223322660
0.0223306300
0.0223676090
0.0223549980
0.0223571370
0.0223473240
0.0223666760
0.0223358580
0.0223259230
