0.0357135060
0.0357244800
0.0357366170
0.0357502120
0.0357324250
0.0357467090
0.0357056760
0.0357026420
0.0357365490
0.0357367840
0.0357476070
0.0357287160
0.0357050380
0.0357341060
0.0357463410
0.0357210790
0.0357404210
0.0357163850
0.0357080210
0.0357244250
0.0357147870
0.0357538090
0.0357283030
0.0357029980
0.0357079760
0.0357317780
0.0357060430
0.0357428410
0.0357121810
0.0357121080
0.0357276520
0.0357404940
0.0357268220
0.0357076920
0.0357444890
0.0357551520
0.0357005670
0.0357493250
0.0357168470
0.0357076980
0.0357200640
0.0357215380
0.0357209810
0.0357056640
0.0357086530
0.0357210130
0.0357083200
0.0357189300
0.0357363700
0.0357428320
