0.0000577980
0.0000579480
0.0000578080
0.0000578890
0.0000578090
0.0000657550
0.0000578800
0.0000578290
0.0000578980
0.0000579590
0.0000579830
0.0000580110
0.0000579960
0.0000580480
0.0000579520
0.0000579690
0.0000580190
0.0000581110
0.0000582310
0.0000578440
0.0000584070
0.0000581470
0.0000582390
0.0000582420
0.0000583190
0.0000581990
0.0000582890
0.0000583900
0.0000583090
0.0000583000
0.0000583430
0.0000585770
0.0000582170
0.0000588150
0.0000584980
0.0000581190
0.0000586010
0.0000583060
0.0000581500
0.0000583710
0.0000580510
0.0000582590
0.0000580160
0.0000589910
0.0000551300
0.0000578850
0.0000579240
0.0000579400
0.0000577700
0.0000582760
0.0000581090
0.0000582590
0.0000584570
0.0000584230
0.0000582590
0.0000582410
0.0000334890
0.0000583600
0.0000583420
0.0000584090
0.0000579190
0.0000581040
0.0000582420
0.0000581580
0.0000580520
0.0000581150
0.0000580900
0.0000584390
0.0000582100
0.0000581800
0.0000475930
0.0000579730
0.0000579900
0.0000580200
0.0000580090
0.0000579590
0.0000580310
0.0000582900
0.0000579010
0.0000579880
0.0000579930
0.0000584670
0.0000580890
0.0000580690
0.0000581810
0.0000581240
0.0000583590
0.0000581590
0.0000583210
0.0000585590
0.0000645280
0.0000581370
0.0000581600
0.0000582100
0.0000580990
0.0000581290
0.0000583290
0.0000581700
0.0000580800
0.0000581590
