0.0000578800
0.0000549180
0.0000581020
0.0000581100
0.0000581910
0.0000584200
0.0000625180
0.0000580200
0.0000555300
0.0000580290
0.0000582840
0.0000579820
0.0000581500
0.0000580420
0.0000584510
0.0000580590
0.0000580610
0.0000581250
0.0000580800
0.0000583860
0.0000582180
0.0000584570
0.0000581480
0.0000582900
0.0000583290
0.0000586190
0.0000580790
0.0000239820
0.0000582890
0.0000586460
0.0000580710
0.0000582400
0.0000582300
0.0000582790
0.0000582140
0.0000581430
0.0000329980
0.0000587430
0.0000581750
0.0000580880
0.0000581940
0.0000583490
0.0000583800
0.0000583770
0.0000583380
0.0000584550
0.0000631770
0.0000582590
0.0000583070
0.0000583890
