0.0000580980
0.0000579720
0.0000580800
0.0000582000
0.0000578500
0.0000580890
0.0000581210
0.0000586700
0.0000581510
0.0000696820
0.0000579490
0.0000582520
0.0000579250
0.0000578090
0.0000579730
0.0000579190
0.0000579400
0.0000581010
0.0000579300
0.0000752080
0.0000586530
0.0000585010
0.0000583160
0.0000585010
0.0000581620
0.0000727900
0.0000582490
0.0000583990
0.0000581510
0.0000584500
0.0000669900
0.0000583790
0.0000581330
0.0000580900
0.0000581030
0.0000720100
0.0000580110
0.0000580880
0.0000579800
0.0000580690
0.0000583180
0.0000581180
0.0000581070
0.0000531330
0.0000581370
0.0000579670
0.0000580280
0.0000580120
0.0000581700
0.0000587880
0.0000580590
0.0000581110
0.0000581110
0.0000581010
0.0000580860
0.0000579800
0.0000581510
0.0000584010
0.0000581690
0.0000581520
0.0000584770
0.0000553850
0.0000582960
0.0000586560
0.0000583730
0.0000583500
0.0000588710
0.0000582840
0.0000586400
0.0000583970
0.0000581170
0.0000583260
0.0000581170
0.0000581370
0.0000581390
0.0000763410
0.0000581100
0.0000581090
0.0000582590
0.0000585300
0.0000582210
0.0000585280
0.0000586610
0.0000583160
0.0000582890
0.0000586190
0.0000582090
0.0000581880
0.0000582700
0.0000583390
0.0000581810
0.0000582700
0.0000581880
0.0000581310
0.0000580120
0.0000581290
0.0000581490
0.0000581580
0.0000581700
0.0000581020
