0.0028205390
0.0028410790
0.0028023710
0.0028177790
0.0028254060
0.0028426750
0.0027957090
0.0028203700
0.0028040190
0.0028484950
0.0028211230
0.0028252390
0.0027954380
0.0028211780
0.0028403870
0.0028468620
0.0028201180
0.0028235660
0.0027981240
0.0027957900
0.0027980090
0.0028067970
0.0028466800
0.0028160640
0.0028478050
0.0028247700
0.0028210990
0.0027949280
0.0028259070
0.0027958660
0.0028284160
0.0027995830
0.0028147110
0.0028081480
0.0028397980
0.0028440360
0.0028308620
0.0028215720
0.0028079470
0.0028195670
0.0028208830
0.0028210030
0.0028210220
0.0028241240
0.0027980220
0.0028263890
0.0028283390
0.0028369730
0.0028040620
0.0027931150
0.0028465640
0.0028397590
0.0027999540
0.0028026350
0.0028335480
0.0028104070
0.0028435280
0.0028105440
0.0028153940
0.0027960920
0.0028119640
0.0028137350
0.0027929800
0.0028354660
0.0027921940
0.0027996990
0.0028026530
0.0028026650
0.0028431050
0.0028345460
0.0028343390
0.0028086560
0.0028176580
0.0027929540
0.0028125480
0.0028168310
0.0028065740
0.0028461960
0.0028281160
0.0028053590
0.0028167360
0.0028253680
0.0028420790
0.0028091730
0.0028064090
0.0028154440
0.0028373010
0.0027918630
0.0028453850
0.0028158890
0.0028290140
0.0028216870
0.0028187320
0.0028228380
0.0027957360
0.0028246450
0.0028263550
0.0028309990
0.0028275070
0.0028360590
