0.0001723370
0.0001721170
0.0001725320
0.0001723300
0.0001715990
0.0001718570
0.0001719880
0.0001718170
0.0001719300
0.0001720140
0.0001711550
0.0001712950
0.0001712500
0.0001711860
0.0001710400
0.0001713200
0.0001714480
0.0001711210
0.0001712320
0.0001712990
0.0001710740
0.0001712500
0.0001716070
0.0001716690
0.0001717260
0.0001721870
0.0001714580
0.0001714450
0.0001712220
0.0001716070
0.0001710280
0.0001712050
0.0001452550
0.0001712990
0.0001978220
0.0001714290
0.0001806000
0.0001712370
0.0001958180
0.0001717480
0.0001714470
0.0001717490
0.0001715650
0.0001716230
0.0001717280
0.0001717590
0.0001717680
0.0001716000
0.0001715790
0.0001715690
