0.0011398630
0.0011492180
0.0011722760
0.0011594400
0.0011364800
0.0011368720
0.0011563510
0.0011352290
0.0011204810
0.0011389100
0.0011230700
0.0011709920
0.0011750330
0.0011568500
0.0011299110
0.0011464000
0.0011200580
0.0011529260
0.0011203390
0.0011726350
0.0011318760
0.0011543410
0.0011639920
0.0011294810
0.0011552840
0.0011617840
0.0011565780
0.0011615180
0.0011267960
0.0011304900
0.0011225770
0.0011744770
0.0011241710
0.0011555390
0.0011392330
0.0011224170
0.0011719620
0.0011286830
0.0011545540
0.0011737710
0.0011707400
0.0011638230
0.0011423120
0.0011752370
0.0011398430
0.0011267710
0.0011314500
0.0011506520
0.0011303500
0.0011637130
0.0011402130
0.0011548380
0.0011468060
0.0011289700
0.0011661840
0.0011689860
0.0011741660
0.0011616140
0.0011313300
0.0011353620
0.0011297770
0.0011230570
0.0011494390
0.0011352920
0.0011586530
0.0011241020
0.0011474100
0.0011483620
0.0011393780
0.0011374900
0.0011252720
0.0011399010
0.0011208410
0.0011718610
0.0011723020
0.0011313320
0.0011268300
0.0011361410
0.0011292780
0.0011596140
0.0011423850
0.0011762230
0.0011571090
0.0011334090
0.0011261520
0.0011240910
0.0011613820
0.0011376760
0.0011499930
0.0011502990
0.0011512270
0.0011205800
0.0011268620
0.0011573360
0.0011699940
0.0011506610
0.0011680210
0.0011661460
0.0011394620
0.0011371380
