0.0000585340
0.0000586190
0.0000582510
0.0000582510
0.0000586310
0.0000585190
0.0000582690
0.0000582990
0.0000582690
0.0000583500
0.0000593300
0.0000582090
0.0000581800
0.0000581790
0.0000241350
0.0000582300
0.0000580000
0.0000581700
0.0000585290
0.0000581650
0.0000581220
0.0000585820
0.0000582090
0.0000582290
0.0000585120
0.0000582480
0.0000582990
0.0000585670
0.0000581780
0.0000581980
0.0000579700
0.0000583200
0.0000580290
0.0000584790
0.0000513280
0.0000579910
0.0000580410
0.0000583970
0.0000584820
0.0000580210
0.0000579400
0.0000583890
0.0000582320
0.0000253080
0.0000582470
0.0000585710
0.0000582390
0.0000582210
0.0000581960
0.0000585600
