0.0000580240
0.0000581400
0.0000581510
0.0000580990
0.0000581500
0.0000581400
0.0000582690
0.0000581080
0.0000579810
0.0000579870
0.0000579290
0.0000582650
0.0000545400
0.0000580500
0.0000584200
0.0000249710
0.0000546490
0.0000579860
0.0000546320
0.0000546060
0.0000585200
0.0000544470
0.0000580750
0.0000583580
0.0000580710
0.0000545690
0.0000544880
0.0000579480
0.0000581470
0.0000548570
0.0000585800
0.0000583980
0.0000580310
0.0000583370
0.0000577990
0.0000584080
0.0000579490
0.0000578210
0.0000601450
0.0000577690
0.0000586160
0.0000584200
0.0000585000
0.0000581010
0.0000581830
0.0000581000
0.0000584190
0.0000580260
0.0000579970
0.0000583600
0.0000583130
0.0000580410
0.0000580190
0.0000584460
0.0000580780
0.0000582500
0.0000583780
0.0000584360
0.0000580100
0.0000555470
0.0000580800
0.0000581770
0.0000547500
0.0000583480
0.0000580880
0.0000184280
0.0000580860
0.0000585220
0.0000585000
0.0000584810
0.0000583540
0.0000582170
0.0000582400
0.0000581580
0.0000583180
0.0000582010
0.0000583790
0.0000583000
0.0000583350
0.0000583200
0.0000579260
0.0000582900
0.0000583590
0.0000580740
0.0000580370
0.0000554590
0.0000583930
0.0000580800
0.0000580230
0.0000584100
0.0000582460
0.0000583590
0.0000583530
0.0000582050
0.0000581560
0.0000583850
0.0000582560
0.0000583690
0.0000583310
0.0000582500
