0.0000584690
0.0000584580
0.0000587970
0.0000583580
0.0000584100
0.0000583400
0.0000586750
0.0000583660
0.0000583580
0.0000277710
0.0000579750
0.0000582550
0.0000579890
0.0000581640
0.0000580390
0.0000579090
0.0000582090
0.0000580580
0.0000580590
0.0000579250
0.0000580690
0.0000580960
0.0000578000
0.0000657300
0.0000578210
0.0000581580
0.0000578410
0.0000582200
0.0000578000
0.0000577910
0.0000579600
0.0000579390
0.0000582730
0.0000722270
0.0000578990
0.0000580120
0.0000581180
0.0000580080
0.0000579170
0.0000579990
0.0000582280
0.0000580600
0.0000581300
0.0000476290
0.0000581380
0.0000581200
0.0000580300
0.0000580800
0.0000580840
0.0000581800
0.0000584330
0.0000581150
0.0000583710
0.0000580410
0.0000580450
0.0000581090
0.0000591300
0.0000581090
0.0000585290
0.0000581290
0.0000579420
0.0000580210
0.0000580670
0.0000307380
0.0000580390
0.0000584110
0.0000579610
0.0000581190
0.0000583280
0.0000579900
0.0000580290
0.0000581300
0.0000583920
0.0000580990
0.0000581690
0.0000583270
0.0000581080
0.0000581680
0.0000581780
0.0000584000
0.0000584050
0.0000583320
0.0000584470
0.0000583010
0.0000583200
0.0000583100
0.0000584400
0.0000582920
0.0000582890
0.0000585010
0.0000580410
0.0000580970
0.0000585470
0.0000391900
0.0000581060
0.0000581110
0.0000581100
0.0000579610
0.0000580100
0.0000580590
