0.0000579450
0.0000581690
0.0000585290
0.0000580080
0.0000580070
0.0000581090
0.0000581400
0.0000581730
0.0000581180
0.0000581400
0.0000581280
0.0000583210
0.0000582020
0.0000587980
0.0000891860
0.0000582570
0.0000582830
0.0000582910
0.0000582890
0.0000699470
0.0000582140
0.0000581190
0.0000584360
0.0000585400
0.0000583240
0.0000584190
0.0000581570
0.0000584580
0.0000581700
0.0000581990
0.0000609990
0.0000582080
0.0000582190
0.0000580280
0.0000580480
0.0000581040
0.0000581690
0.0000581300
0.0000581270
0.0000581200
0.0000581060
0.0000582690
0.0000582830
0.0000582610
0.0000582610
0.0000582120
0.0000581990
0.0000581320
0.0000581310
0.0000583090
