0.0000582910
0.0000584520
0.0000581920
0.0000581800
0.0000581290
0.0000656090
0.0000582150
0.0000581700
0.0000581770
0.0000581580
0.0000581650
0.0000586910
0.0000586500
0.0000583880
0.0000584100
0.0000572800
0.0000582590
0.0000581090
0.0000583010
0.0000583010
0.0000129700
0.0000581820
0.0000581790
0.0000582110
0.0000581980
0.0000581910
0.0000581130
0.0000581590
0.0000581780
0.0000582690
0.0000584500
0.0000584210
0.0000583200
0.0000582980
0.0000582700
0.0000582790
0.0000581200
0.0000582820
0.0000582790
0.0000583290
0.0000580520
0.0000580500
0.0000580400
0.0000582610
0.0000579770
0.0000581210
0.0000580860
0.0000549390
0.0000580010
0.0000580290
