0.0000580960
0.0000582290
0.0000581190
0.0000580990
0.0000585410
0.0000585070
0.0000581090
0.0000580610
0.0000581010
0.0000582310
0.0000153810
0.0000579900
0.0000580360
0.0000580460
0.0000579520
0.0000580010
0.0000580890
0.0000304280
0.0000580190
0.0000579480
0.0000548570
0.0000583720
0.0000586200
0.0000582880
0.0000585490
0.0000584620
0.0000554040
0.0000189300
0.0000582660
0.0000582780
0.0000583870
0.0000581280
0.0000582210
0.0000581990
0.0000581170
0.0000585200
0.0000580820
0.0000584340
0.0000585600
0.0000581120
0.0000582760
0.0000583020
0.0000583100
0.0000583590
0.0000582900
0.0000582480
0.0000582290
0.0000582300
0.0000277550
0.0000583110
