0.0003970770
0.0003704220
0.0003511350
0.0003760870
0.0004072460
0.0003965530
0.0003930130
0.0003967110
0.0003963020
0.0003963440
0.0003705470
0.0003801450
0.0003647950
0.0003662880
0.0003689650
0.0003758960
0.0003759060
0.0003824950
0.0003713240
0.0003696500
0.0003659650
0.0003944210
0.0003978020
0.0003944430
0.0003979960
0.0003806920
0.0003757330
0.0003793550
0.0003769030
0.0003781240
0.0003966550
0.0003663340
0.0003962950
0.0004057930
0.0003603400
0.0003528190
0.0003619980
0.0004059640
0.0004037710
0.0003598760
0.0003984130
0.0003527390
0.0003538120
0.0003796410
0.0003726540
0.0003777630
0.0003692360
0.0003761040
0.0003677890
0.0003948810
0.0003922400
0.0003990740
0.0003984330
0.0003926400
0.0003993770
0.0003989960
0.0003991030
0.0003987100
0.0003986500
0.0003981720
0.0004052020
0.0003599030
0.0003837310
0.0003866660
0.0003903090
0.0003793820
0.0003958980
0.0003539640
0.0003995010
0.0003966350
0.0003984780
0.0003983130
0.0003979150
0.0003981110
0.0003978920
0.0003981740
0.0003613870
0.0003756210
0.0003810510
0.0003853620
0.0003610920
0.0003813750
0.0003902620
0.0003580930
0.0003977590
0.0003943850
0.0003917270
0.0004052930
0.0003977540
0.0003974460
0.0003682600
0.0003951760
0.0003945210
0.0003991410
0.0004015980
0.0003643660
0.0003943530
0.0003975930
0.0003977630
0.0003946250
0.0003983990
0.0003973060
0.0003938430
0.0003939740
0.0003971610
0.0003962810
0.0003934900
0.0003945700
0.0003937450
0.0003972420
0.0003975510
0.0003976240
0.0003938650
0.0003936250
0.0003972630
0.0003971800
0.0003936000
0.0003971290
0.0003941340
0.0003971040
0.0003989350
0.0003943850
0.0003978420
0.0003981300
0.0003984830
0.0003945770
0.0003944020
0.0003944010
0.0003978650
0.0003943070
0.0003918750
0.0003942920
0.0003978090
0.0003942970
0.0003980650
0.0003977810
0.0003945740
0.0003978430
0.0003896580
0.0003963720
0.0003983580
0.0003942620
0.0003943340
0.0003979970
0.0003978810
0.0003943130
0.0003943750
0.0003982500
0.0003944930
0.0003986530
