0.0000584100
0.0000580900
0.0000372510
0.0000583210
0.0000583990
0.0000583210
0.0000580290
0.0000580500
0.0000580180
0.0000580020
0.0000583640
0.0000581100
0.0000624770
0.0000581300
0.0000582200
0.0000580940
0.0000582450
0.0000581470
0.0000581010
0.0000580900
0.0000580700
0.0000579000
0.0000579870
0.0000578690
0.0000577690
0.0000579590
0.0000578910
0.0000582470
0.0000580300
0.0000579690
0.0000580470
0.0000580880
0.0000579680
0.0000580490
0.0000579300
0.0000580420
0.0000580500
0.0000581780
0.0000579910
0.0000262690
0.0000583700
0.0000579000
0.0000578410
0.0000579360
0.0000581700
0.0000578460
0.0000578540
0.0000579000
0.0000591690
0.0000582200
0.0000582680
0.0000586500
0.0000590080
0.0000585280
0.0000582370
0.0000582490
0.0000581390
0.0000582300
0.0000584390
0.0000586070
0.0000577600
0.0000582380
0.0000579660
0.0000580090
0.0000579610
0.0000581950
0.0000580610
0.0000583080
0.0000579900
0.0000582840
0.0000585800
0.0000581900
0.0000303170
0.0000581890
0.0000582500
0.0000583400
0.0000585220
0.0000585300
0.0000585770
0.0000586500
0.0000578880
0.0000580500
0.0000584690
0.0000305310
0.0000581480
0.0000581690
0.0000581010
0.0000580990
0.0000580490
0.0000583580
0.0000584450
0.0000581920
0.0000263400
0.0000587590
0.0000583030
0.0000586710
0.0000582520
0.0000587200
0.0000581540
0.0000582440
