0.0015577170
0.0015396560
0.0017345240
0.0017481130
0.0017500830
0.0017801780
0.0018558440
0.0017748380
0.0016619380
0.0016730900
0.0024345640
0.0007451640
0.0006841130
0.0006819880
0.0007627340
0.0007811930
0.0007852390
0.0007869330
0.0007929140
0.0007737220
0.0025851700
0.0007823770
0.0007379110
0.0007325250
0.0007007440
0.0007019180
0.0007062570
0.0007026780
0.0006933880
0.0006890590
0.0032546100
0.0015614390
0.0014363780
0.0013948300
0.0012306720
0.0010781050
0.0010700780
0.0010147190
0.0011435690
0.0011911740
0.0026299030
0.0009268640
0.0008060540
0.0007882600
0.0007710150
0.0007966050
0.0007310930
0.0007573140
0.0007496410
0.0007482840
0.0026978840
0.0008860670
0.0008120430
0.0007797240
0.0007268860
0.0007742290
0.0007268980
0.0007377990
0.0007161820
0.0007065070
0.0026614280
0.0010443300
0.0012751720
0.0012663470
0.0012343370
0.0011720210
0.0011526410
0.0011589830
0.0011121410
0.0010929460
0.0027250690
0.0015929010
0.0015712370
0.0016908310
0.0018442310
0.0018794190
0.0018478780
0.0018158800
0.0017737890
0.0017314160
0.0026432930
0.0010757690
0.0009764130
0.0009337860
0.0010676410
0.0010387950
0.0011105980
0.0011274710
0.0011878180
0.0011685330
0.0030271410
0.0014695760
0.0015129460
0.0014521100
0.0013878330
0.0013096730
0.0012791620
0.0012628350
0.0012217740
0.0011884260
0.0034305100
0.0023973200
0.0024015260
0.0022718090
0.0022484000
0.0022068300
0.0022216600
0.0022228890
0.0021913210
0.0023004040
0.0046958210
0.0031318420
0.0024746700
0.0023211740
0.0025219940
0.0022696320
0.0022297310
0.0021674410
0.0025075820
0.0024905090
0.0036355460
0.0012266920
0.0013752450
0.0014079480
0.0011682260
0.0012553830
0.0015455450
0.0014987520
0.0016712490
0.0014628710
0.0039509160
0.0014902800
0.0017881050
0.0020531150
0.0017174750
0.0016614730
0.0018841120
0.0018549010
0.0016273460
0.0015916350
0.0032721200
0.0018177950
0.0018578590
0.0019900190
0.0019691320
0.0019586330
0.0019075750
0.0018075170
0.0016983720
0.0012602920
0.0027289310
0.0016500840
0.0016256570
0.0015594980
0.0014130950
0.0014021960
0.0013582850
0.0012705600
0.0012086840
0.0011815510
0.0024480850
0.0008229320
0.0007074410
0.0007135540
0.0007059480
0.0006649120
0.0006663220
0.0006320640
0.0006273130
0.0006047470
0.0034236890
0.0015779180
0.0016159250
0.0015130010
0.0014483130
0.0012027630
0.0011251080
0.0011320850
0.0010991360
0.0010960580
