0.0000023500
0.0000001830
0.0000001400
0.0000001210
0.0000001190
0.0000001270
0.0000000990
0.0000001340
0.0000001320
0.0000001330
0.0000009400
0.0000005750
0.0000005210
0.0000006210
0.0000004840
0.0000004610
0.0000004620
0.0000007240
0.0000002830
0.0000004310
0.0000008890
0.0000005590
0.0000005500
0.0000006730
0.0000005480
0.0000004600
0.0000003330
0.0000002910
0.0000002720
0.0000004180
0.0000009250
0.0000006160
0.0000005200
0.0000008370
0.0000004950
0.0000004890
0.0000006580
0.0000004890
0.0000002820
0.0000004480
0.0000010070
0.0000006330
0.0000006260
0.0000007640
0.0000005840
0.0000005780
0.0000003730
0.0000003460
0.0000003190
0.0000004780
0.0000010220
0.0000007650
0.0000006660
0.0000008710
0.0000006170
0.0000006190
0.0000004560
0.0000004520
0.0000004230
0.0000005680
0.0000010380
0.0000006910
0.0000006360
0.0000007890
0.0000006190
0.0000005640
0.0000004720
0.0000004800
0.0000004180
0.0000005300
0.0000010470
0.0000005940
0.0000005950
0.0000007090
0.0000005060
0.0000005220
0.0000004000
0.0000005990
0.0000003100
0.0000004840
0.0000013870
0.0000006540
0.0000006360
0.0000008050
0.0000006120
0.0000006000
0.0000004780
0.0000004490
0.0000003590
0.0000005210
0.0000012840
0.0000008050
0.0000007190
0.0000008510
0.0000006630
0.0000006660
0.0000005100
0.0000004670
0.0000004700
0.0000006450
0.0000009780
0.0000007140
0.0000007000
0.0000008080
0.0000006370
0.0000006070
0.0000004270
0.0000004370
0.0000004640
0.0000005450
0.0000011210
0.0000005680
0.0000005490
0.0000007310
0.0000005440
0.0000005280
0.0000003870
0.0000003240
0.0000003130
0.0000005020
0.0000010040
0.0000007850
0.0000006490
0.0000007520
0.0000005330
0.0000005480
0.0000004110
0.0000003150
0.0000003230
0.0000004930
0.0000012780
0.0000008290
0.0000007250
0.0000008700
0.0000007170
0.0000007390
0.0000005960
0.0000005120
0.0000005460
0.0000005050
0.0000010220
0.0000006930
0.0000006040
0.0000007590
0.0000005980
0.0000006030
0.0000004250
0.0000003550
0.0000003100
0.0000004950
0.0000009760
0.0000006220
0.0000006670
0.0000008050
0.0000005920
0.0000005880
0.0000004680
0.0000004110
0.0000004120
0.0000005620
0.0000010280
0.0000006180
0.0000005600
0.0000007410
0.0000005300
0.0000005190
0.0000003810
0.0000004110
0.0000003180
0.0000004820
