0.0522115020
0.0477685680
0.0497154810
0.0558651400
0.0362539650
0.0352416560
0.0326141820
0.0318552040
0.0344387100
0.0323529720
0.0597609280
0.0524785960
0.0491466130
0.0480922230
0.0422747040
0.0454875570
0.0475218600
0.0451814090
0.0498887490
0.0621584030
0.0432622000
0.0421674820
0.0386172460
0.0442519120
0.0498621310
0.0456897230
0.0447333200
0.0450090940
0.0448265660
0.0446925050
0.0409099230
0.0220906700
0.0304728500
0.0363719190
0.0377018380
0.0352111230
0.0349922430
0.0392539260
0.0450891860
0.0443476230
0.0419070210
0.0219721070
0.0301095040
0.0369076920
0.0480088850
0.0524004490
0.0519143920
0.0427189160
0.0470824920
0.0426623650
0.0438987270
0.0345634960
0.0352512680
0.0559094100
0.0440254060
0.0346091020
0.0382425650
0.0408401680
0.0336397020
0.0328971210
0.0439800610
0.0316820330
0.0345619900
0.0388746240
0.0353275380
0.0437876620
0.0439662770
0.0377606340
0.0341821670
0.0465065380
0.0726827280
0.0445466270
0.0350498780
0.0196597720
0.0167756820
0.0180797550
0.0175424980
0.0180331840
0.0177405740
0.0211942550
0.0510909580
0.0335204280
0.0337079110
0.0340700030
0.0428952700
0.0440743700
0.0411171990
0.0342446790
0.0173733580
0.0144025640
0.0518029860
0.0328432510
0.0252941670
0.0238818660
0.0237923240
0.0240178740
0.0239776060
0.0242097510
0.0292168690
0.0245018590
0.0431474990
0.0221140760
0.0220696880
0.0223429020
0.0225088320
0.0222696310
0.0224171220
0.0222431260
0.0250992130
0.0269600350
0.0508040530
0.0239899900
0.0258474540
0.0334874060
0.0386141720
0.0404704060
0.0290671910
0.0249421050
0.0243442250
0.0241240740
0.0449102250
0.0303258210
0.0340419990
0.0342047820
0.0425835100
0.0445852590
0.0426860640
0.0350596130
0.0344760260
0.0344760830
0.0512568700
0.0397752360
0.0432256920
0.0500186350
0.0424199410
0.0332959900
0.0389160280
0.0434955730
0.0493186840
0.0421496380
0.0504150640
0.0247357230
0.0250321280
0.0249117980
0.0247932350
0.0246891250
0.0244641140
0.0244562270
0.0244212420
0.0241920580
0.0447922050
0.0336329000
0.0343492750
0.0342643910
0.0345936610
0.0340722740
0.0249626200
0.0243830350
0.0244000420
0.0243675400
0.0515017190
0.0346341960
0.0332807670
0.0294852380
0.0308412310
0.0448841390
0.0423379020
0.0459552110
0.0461879700
0.0424469540
0.0548423370
0.0312226700
0.0313586770
0.0356900100
0.0316788620
0.0308703210
0.0226607080
0.0222940640
0.0213508820
0.0155337090
0.0515621520
0.0278644230
0.0243337310
0.0252922410
0.0243752830
0.0247442920
0.0241916570
0.0242679180
0.0242776020
0.0158114290
