0.0012229980
0.0006580480
0.0007337130
0.0007041090
0.0006412920
0.0005970300
0.0006488010
0.0005027760
0.0004504590
0.0004309370
0.0011373220
0.0002764440
0.0002766300
0.0002384150
0.0002305670
0.0002256370
0.0002103040
0.0002083290
0.0002079870
0.0002108560
0.0012205970
0.0002880700
0.0002876110
0.0002476000
0.0002382260
0.0002421340
0.0002287200
0.0002559330
0.0002318950
0.0002361920
0.0017190240
0.0009931700
0.0009860000
0.0008896530
0.0007188310
0.0007474570
0.0007440290
0.0007240600
0.0007395390
0.0006824930
0.0014776550
0.0007031970
0.0005792270
0.0005338400
0.0004705920
0.0005181830
0.0004895950
0.0004751870
0.0004666050
0.0004600310
0.0012516820
0.0002844050
0.0002526700
0.0002234610
0.0002335890
0.0002332860
0.0002488260
0.0002316610
0.0002330000
0.0002289430
0.0013707400
0.0004420700
0.0003587540
0.0003438430
0.0003082370
0.0003071060
0.0003040830
0.0003003060
0.0003056170
0.0003044480
0.0012271280
0.0002600210
0.0002701300
0.0002359580
0.0002475530
0.0002577380
0.0002348580
0.0002469890
0.0002397240
0.0002357540
0.0012359780
0.0002777950
0.0002686840
0.0002549980
0.0002696100
0.0002566380
0.0002503750
0.0002545340
0.0002602040
0.0002833690
0.0017758760
0.0008643580
0.0007825540
0.0007641030
0.0006873200
0.0006791240
0.0006699980
0.0005765990
0.0005339360
0.0004728010
0.0020345830
0.0014832580
0.0015476620
0.0014194550
0.0013335210
0.0011684780
0.0011250900
0.0010708400
0.0011169660
0.0011081990
0.0016378830
0.0006444840
0.0005968300
0.0005610930
0.0005220970
0.0004835730
0.0004977750
0.0004585840
0.0003721880
0.0003757340
0.0015332260
0.0002733440
0.0002725390
0.0002547120
0.0002882230
0.0002925830
0.0002945620
0.0002848830
0.0002825720
0.0002974450
0.0013732240
0.0005096760
0.0004342110
0.0004669240
0.0004540920
0.0003657860
0.0003335540
0.0003064250
0.0003031420
0.0002981190
0.0013984210
0.0005328310
0.0004402070
0.0004568260
0.0004670130
0.0004357810
0.0004292390
0.0004038950
0.0003422180
0.0003220100
0.0013658840
0.0005208720
0.0004502010
0.0004520200
0.0004261330
0.0004599430
0.0004330740
0.0004301020
0.0004290230
0.0003399430
0.0013314440
0.0005740410
0.0004855780
0.0006232950
0.0005642040
0.0005560300
0.0005765670
0.0005579520
0.0005453780
0.0005308280
