0.0035519050
0.0037259660
0.0038372740
0.0037332820
0.0039887060
0.0039632110
0.0040140760
0.0040908700
0.0039770700
0.0038333000
0.0046432110
0.0016497370
0.0015809810
0.0015657670
0.0015125260
0.0015444100
0.0014959270
0.0014799030
0.0014850800
0.0014475860
0.0062195860
0.0029127320
0.0028533960
0.0028224530
0.0027056650
0.0019011850
0.0019536450
0.0018340870
0.0018064750
0.0017323670
0.0061453760
0.0029103610
0.0028192850
0.0027637760
0.0027097840
0.0019460250
0.0018864760
0.0017856690
0.0017770400
0.0017706900
0.0053110240
0.0020691130
0.0020097170
0.0020422750
0.0020796500
0.0027584070
0.0027570580
0.0028110450
0.0027046820
0.0026820660
0.0066456080
0.0043208420
0.0041568480
0.0044341370
0.0048634070
0.0048093900
0.0044362640
0.0043205410
0.0034813450
0.0034398180
0.0053782130
0.0027098440
0.0026580800
0.0026508530
0.0026210830
0.0025768370
0.0025443080
0.0025571660
0.0025358950
0.0024709480
0.0056830910
0.0033826110
0.0033428690
0.0033336610
0.0033021090
0.0032830460
0.0032322060
0.0032268630
0.0032115550
0.0031732000
0.0054553540
0.0021048680
0.0020570320
0.0025666190
0.0025193550
0.0025004830
0.0024446360
0.0024864730
0.0024910440
0.0024634650
0.0080504640
0.0050558510
0.0049509820
0.0058126470
0.0059762870
0.0057753870
0.0061096750
0.0067101100
0.0067620400
0.0063230300
0.0053157210
0.0017742330
0.0016588680
0.0020462210
0.0021251990
0.0021026090
0.0021217110
0.0027864980
0.0027673720
0.0026875020
0.0065427020
0.0023682190
0.0022968320
0.0022882040
0.0022723420
0.0029354670
0.0029361880
0.0028603380
0.0028030880
0.0028232870
0.0062282000
0.0038333420
0.0042240460
0.0042535540
0.0042287280
0.0041972180
0.0041546620
0.0037062360
0.0036850530
0.0036468250
0.0058375490
0.0031500370
0.0030588880
0.0028567060
0.0028053260
0.0027854200
0.0027395630
0.0027575680
0.0027767890
0.0019329770
0.0054367750
0.0027914460
0.0027548860
0.0027870000
0.0027539000
0.0027314580
0.0027787130
0.0027480320
0.0027340300
0.0029919310
0.0063633620
0.0029717560
0.0030496030
0.0026110220
0.0025295510
0.0024396420
0.0024102480
0.0028685300
0.0028051570
0.0028007470
0.0068892210
0.0027050690
0.0025811270
0.0037182710
0.0035636610
0.0032379620
0.0030278760
0.0035072610
0.0034857490
0.0032303430
0.0069434660
0.0036054480
0.0033561120
0.0031788640
0.0030325380
0.0029784350
0.0028134060
0.0024724620
0.0024592650
0.0024218540
0.0054479840
0.0018101960
0.0016746640
0.0016822120
0.0016464400
0.0016372480
0.0016258950
0.0016158370
0.0016308710
0.0015749050
