0.0000022990
0.0000016430
0.0000014290
0.0000015430
0.0000014110
0.0000013270
0.0000012160
0.0000011480
0.0000010380
0.0000012000
0.0000025220
0.0000013390
0.0000013960
0.0000015230
0.0000013130
0.0000012740
0.0000012060
0.0000012820
0.0000010740
0.0000011370
0.0000025900
0.0000015010
0.0000012490
0.0000013980
0.0000012540
0.0000011710
0.0000014220
0.0000011550
0.0000010520
0.0000011640
0.0000033730
0.0000013300
0.0000013220
0.0000014150
0.0000013050
0.0000012110
0.0000012510
0.0000012320
0.0000010300
0.0000012130
0.0000022230
0.0000015080
0.0000012920
0.0000013850
0.0000012270
0.0000011750
0.0000012250
0.0000019130
0.0000011010
0.0000011780
0.0000027530
0.0000024880
0.0000014720
0.0000015910
0.0000014810
0.0000013920
0.0000013430
0.0000012870
0.0000011830
0.0000013450
0.0000027580
0.0000019700
0.0000014470
0.0000015790
0.0000014220
0.0000013400
0.0000013610
0.0000012820
0.0000011720
0.0000013520
0.0000027500
0.0000014530
0.0000013860
0.0000015660
0.0000014380
0.0000013470
0.0000013210
0.0000013080
0.0000011740
0.0000013160
0.0000025200
0.0000020640
0.0000014670
0.0000016470
0.0000014430
0.0000014460
0.0000014270
0.0000013210
0.0000012130
0.0000013490
0.0000035490
0.0000015710
0.0000015680
0.0000017230
0.0000015020
0.0000014720
0.0000014460
0.0000014180
0.0000012620
0.0000014680
0.0000035270
0.0000015320
0.0000017360
0.0000021290
0.0000015200
0.0000014650
0.0000014030
0.0000019320
0.0000013030
0.0000014770
0.0000032600
0.0000025440
0.0000024120
0.0000016240
0.0000014400
0.0000013340
0.0000014010
0.0000013230
0.0000012010
0.0000013570
0.0000033580
0.0000024290
0.0000024380
0.0000024860
0.0000018990
0.0000021400
0.0000019910
0.0000012920
0.0000012370
0.0000013850
0.0000020540
0.0000016440
0.0000014490
0.0000016560
0.0000014550
0.0000013910
0.0000013920
0.0000013390
0.0000012140
0.0000013540
0.0000027950
0.0000023910
0.0000023780
0.0000015920
0.0000014800
0.0000013950
0.0000013570
0.0000012260
0.0000012060
0.0000013790
0.0000028230
0.0000024900
0.0000023880
0.0000025320
0.0000014130
0.0000013160
0.0000013410
0.0000012920
0.0000011550
0.0000013470
0.0000027110
0.0000016090
0.0000015290
0.0000017100
0.0000015640
0.0000014410
0.0000014250
0.0000013350
0.0000012500
0.0000014410
0.0000028760
0.0000026230
0.0000025310
0.0000021180
0.0000016600
0.0000016050
0.0000013280
0.0000012650
0.0000011880
0.0000013790
0.0000026000
0.0000013680
0.0000013200
0.0000014740
0.0000012940
0.0000012540
0.0000012250
0.0000011680
0.0000010930
0.0000012670
