0.0117028860
0.0090857970
0.0082541970
0.0090795700
0.0082136090
0.0081082860
0.0081255460
0.0081733910
0.0080575010
0.0038240470
0.0090023770
0.0033669650
0.0035349880
0.0041334500
0.0041613740
0.0041113300
0.0057534220
0.0058212000
0.0057314070
0.0056729460
0.0101980850
0.0034426350
0.0033912950
0.0033848830
0.0034107290
0.0033333670
0.0032928320
0.0039239560
0.0054353350
0.0053272250
0.0145906250
0.0099784830
0.0109585130
0.0133575280
0.0128920620
0.0100642340
0.0078532210
0.0066318380
0.0052400880
0.0051695340
0.0109896350
0.0069395160
0.0090604740
0.0109130840
0.0109042950
0.0110145550
0.0091255260
0.0066084120
0.0061103240
0.0062658960
0.0103591890
0.0035305060
0.0043046610
0.0042969350
0.0042731510
0.0046211370
0.0055658250
0.0056459670
0.0056554960
0.0056402810
0.0162137890
0.0089487220
0.0081436060
0.0082550290
0.0079171100
0.0080433120
0.0077765660
0.0086492660
0.0087278210
0.0103696700
0.0146486980
0.0084389600
0.0091249920
0.0088490060
0.0092644300
0.0092155960
0.0101498960
0.0100629650
0.0102479470
0.0111596060
0.0118476410
0.0070159060
0.0069097820
0.0073639640
0.0078893770
0.0078352090
0.0090462460
0.0086479390
0.0081351550
0.0079811810
0.0110221890
0.0053823690
0.0053940380
0.0054180600
0.0053514520
0.0053843450
0.0053180010
0.0053535320
0.0053536280
0.0049326590
0.0117878880
0.0043923110
0.0049213730
0.0057213950
0.0057871360
0.0056144830
0.0055945450
0.0055089120
0.0056440550
0.0055735010
0.0107471200
0.0058233670
0.0058028180
0.0058075300
0.0057736760
0.0058038800
0.0057798240
0.0057783840
0.0061822300
0.0069589940
0.0112156230
0.0055724090
0.0055848960
0.0056500500
0.0056659920
0.0056218850
0.0055986830
0.0056081980
0.0055715250
0.0055888880
0.0114053260
0.0059381310
0.0059220600
0.0071521740
0.0070498870
0.0071465780
0.0086440900
0.0086468330
0.0086297840
0.0086057720
0.0136869110
0.0069653440
0.0078074160
0.0079598910
0.0067494130
0.0059160870
0.0066862580
0.0069088360
0.0065597940
0.0065535140
0.0119515320
0.0039134840
0.0038685390
0.0036982350
0.0034612780
0.0034962000
0.0034153280
0.0034219630
0.0034019830
0.0033447520
0.0147684640
0.0088904960
0.0065890920
0.0063474490
0.0059511050
0.0040712610
0.0038966730
0.0036306640
0.0034091450
0.0034280780
0.0140727230
0.0094442120
0.0102787980
0.0094611510
0.0102626590
0.0093032210
0.0104217020
0.0078247650
0.0091297060
0.0079896560
0.0133594410
0.0064401770
0.0049517840
0.0047706010
0.0047747910
0.0047737580
0.0045787130
0.0045321820
0.0045771860
0.0044655950
