0.0000015060
0.0000005530
0.0000003090
0.0000002160
0.0000002470
0.0000002360
0.0000002670
0.0000002160
0.0000002300
0.0000002390
0.0000016300
0.0000009740
0.0000008120
0.0000009800
0.0000008290
0.0000008130
0.0000006470
0.0000006030
0.0000005690
0.0000007440
0.0000017690
0.0000008200
0.0000007790
0.0000009350
0.0000007940
0.0000007600
0.0000006260
0.0000011310
0.0000005350
0.0000007270
0.0000014530
0.0000012260
0.0000008180
0.0000011720
0.0000008140
0.0000008350
0.0000006020
0.0000007340
0.0000005890
0.0000007660
0.0000016080
0.0000012760
0.0000007890
0.0000009590
0.0000008230
0.0000007530
0.0000006150
0.0000005870
0.0000005670
0.0000007570
0.0000014880
0.0000013250
0.0000007810
0.0000008950
0.0000007870
0.0000008140
0.0000008120
0.0000008840
0.0000005930
0.0000007290
0.0000025610
0.0000008820
0.0000007640
0.0000009690
0.0000007720
0.0000007780
0.0000007400
0.0000006170
0.0000005760
0.0000007180
0.0000016310
0.0000008390
0.0000007780
0.0000008970
0.0000008150
0.0000009210
0.0000006840
0.0000013310
0.0000008120
0.0000007520
0.0000016530
0.0000011170
0.0000009510
0.0000010800
0.0000009860
0.0000009610
0.0000007940
0.0000007710
0.0000006880
0.0000009100
0.0000018370
0.0000015600
0.0000008620
0.0000010060
0.0000008770
0.0000008540
0.0000007180
0.0000006910
0.0000006250
0.0000008060
0.0000021980
0.0000009430
0.0000008820
0.0000010370
0.0000009180
0.0000008950
0.0000007370
0.0000007130
0.0000006620
0.0000008420
0.0000018660
0.0000010370
0.0000009180
0.0000010300
0.0000009280
0.0000008840
0.0000007410
0.0000006690
0.0000006350
0.0000009000
0.0000018700
0.0000010190
0.0000010460
0.0000010880
0.0000009770
0.0000009560
0.0000007750
0.0000007030
0.0000006450
0.0000008990
0.0000018440
0.0000016450
0.0000014810
0.0000016250
0.0000009510
0.0000009070
0.0000007250
0.0000006950
0.0000006690
0.0000008930
0.0000021050
0.0000010520
0.0000009120
0.0000011180
0.0000009420
0.0000009130
0.0000007050
0.0000006560
0.0000006430
0.0000008880
0.0000019430
0.0000016320
0.0000015650
0.0000012320
0.0000011340
0.0000011110
0.0000009400
0.0000008760
0.0000008650
0.0000010600
0.0000021570
0.0000015180
0.0000015290
0.0000011140
0.0000009810
0.0000009610
0.0000007380
0.0000007600
0.0000006910
0.0000009130
0.0000023200
0.0000011650
0.0000009560
0.0000011300
0.0000009430
0.0000009380
0.0000007580
0.0000007230
0.0000006580
0.0000009070
0.0000018170
0.0000015120
0.0000015190
0.0000012340
0.0000009530
0.0000009140
0.0000007260
0.0000007000
0.0000006580
0.0000009390
