0.0000003930
0.0000001550
0.0000000980
0.0000000950
0.0000001330
0.0000000780
0.0000000780
0.0000000740
0.0000000880
0.0000000780
0.0000010920
0.0000007790
0.0000007090
0.0000008620
0.0000006850
0.0000006410
0.0000005420
0.0000003620
0.0000003930
0.0000005530
0.0000016530
0.0000006830
0.0000006140
0.0000007580
0.0000005090
0.0000004750
0.0000005070
0.0000003060
0.0000003090
0.0000004490
0.0000011750
0.0000006870
0.0000007050
0.0000009300
0.0000006340
0.0000006010
0.0000005080
0.0000004150
0.0000004070
0.0000005510
0.0000011160
0.0000007380
0.0000006590
0.0000008600
0.0000007260
0.0000005800
0.0000005070
0.0000004250
0.0000003710
0.0000005940
0.0000014070
0.0000009480
0.0000007590
0.0000009170
0.0000007820
0.0000006550
0.0000005560
0.0000005830
0.0000005120
0.0000005880
0.0000015880
0.0000008590
0.0000006540
0.0000008000
0.0000006500
0.0000006170
0.0000004970
0.0000004180
0.0000003340
0.0000005400
0.0000011860
0.0000007120
0.0000006680
0.0000007500
0.0000006680
0.0000006490
0.0000004790
0.0000004170
0.0000004250
0.0000005290
0.0000014110
0.0000006820
0.0000006650
0.0000011980
0.0000006350
0.0000006100
0.0000007390
0.0000005170
0.0000003780
0.0000005660
0.0000011630
0.0000008640
0.0000008250
0.0000009340
0.0000008000
0.0000007470
0.0000005780
0.0000005410
0.0000003850
0.0000005060
0.0000012620
0.0000006760
0.0000006330
0.0000008160
0.0000006470
0.0000006490
0.0000005150
0.0000005000
0.0000004010
0.0000005850
0.0000012820
0.0000007750
0.0000006350
0.0000008950
0.0000006490
0.0000005970
0.0000004720
0.0000004290
0.0000003540
0.0000005790
0.0000011750
0.0000007650
0.0000007170
0.0000008140
0.0000006940
0.0000006250
0.0000005660
0.0000004640
0.0000003690
0.0000005300
0.0000012370
0.0000009190
0.0000008330
0.0000008880
0.0000005520
0.0000005770
0.0000004440
0.0000004150
0.0000004010
0.0000005220
0.0000013530
0.0000010050
0.0000007030
0.0000008940
0.0000006120
0.0000006230
0.0000004380
0.0000004190
0.0000003670
0.0000005700
0.0000012380
0.0000008040
0.0000006760
0.0000008810
0.0000006530
0.0000006040
0.0000005010
0.0000004610
0.0000003690
0.0000005160
0.0000011720
0.0000008330
0.0000007200
0.0000008910
0.0000006130
0.0000005430
0.0000004610
0.0000003610
0.0000003360
0.0000005310
0.0000016480
0.0000009150
0.0000006670
0.0000007790
0.0000006090
0.0000005840
0.0000004810
0.0000003830
0.0000003810
0.0000005340
0.0000010590
0.0000007180
0.0000006740
0.0000006560
0.0000005260
0.0000005200
0.0000004210
0.0000003750
0.0000003050
0.0000004800
