0.0000163240
0.0000023510
0.0000025310
0.0000023950
0.0000024980
0.0000021170
0.0000023840
0.0000025430
0.0000021050
0.0000022960
0.0000182370
0.0000025930
0.0000025230
0.0000024880
0.0000026800
0.0000022200
0.0000024150
0.0000027910
0.0000020820
0.0000022490
0.0000141970
0.0000023890
0.0000025310
0.0000024290
0.0000025240
0.0000022290
0.0000024200
0.0000025350
0.0000021040
0.0000022910
0.0000173800
0.0000027530
0.0000028820
0.0000028130
0.0000029000
0.0000024900
0.0000028070
0.0000030970
0.0000024210
0.0000026070
0.0000188200
0.0000028090
0.0000030110
0.0000029340
0.0000030180
0.0000026220
0.0000029200
0.0000030550
0.0000026210
0.0000026710
0.0000204130
0.0000027310
0.0000029530
0.0000028330
0.0000029720
0.0000025140
0.0000028290
0.0000030210
0.0000024620
0.0000026370
0.0000168140
0.0000027850
0.0000029540
0.0000028540
0.0000031810
0.0000024530
0.0000027660
0.0000028650
0.0000023940
0.0000025340
0.0000186130
0.0000031290
0.0000031730
0.0000028630
0.0000028780
0.0000025810
0.0000030570
0.0000034590
0.0000026910
0.0000025980
0.0000173310
0.0000028120
0.0000030810
0.0000029210
0.0000030030
0.0000025770
0.0000029170
0.0000030490
0.0000025720
0.0000027540
0.0000215370
0.0000028190
0.0000030210
0.0000028980
0.0000029860
0.0000026130
0.0000028930
0.0000030870
0.0000025800
0.0000026870
0.0000697410
0.0000028090
0.0000029950
0.0000029120
0.0000029720
0.0000026610
0.0000028410
0.0000034410
0.0000212210
0.0000027180
0.0000196590
0.0000028470
0.0000030300
0.0000029420
0.0000030310
0.0000028190
0.0000028970
0.0000030650
0.0000025770
0.0000026940
0.0000179340
0.0000028500
0.0000029700
0.0000028360
0.0000029460
0.0000026440
0.0000028330
0.0000029770
0.0000024590
0.0000086860
0.0000190770
0.0000028590
0.0000030850
0.0000029360
0.0000030270
0.0000025890
0.0000028960
0.0000030810
0.0000025630
0.0000027360
0.0000216480
0.0000027600
0.0000029580
0.0000028340
0.0000029720
0.0000025570
0.0000027890
0.0000029550
0.0000024610
0.0000026790
0.0000170990
0.0000026970
0.0000029590
0.0000027420
0.0000028840
0.0000025600
0.0000027750
0.0000029360
0.0000024320
0.0000025830
0.0000155730
0.0000027820
0.0000028780
0.0000025820
0.0000026830
0.0000023760
0.0000028110
0.0000028970
0.0000024410
0.0000024330
0.0000170010
0.0000024170
0.0000025980
0.0000025030
0.0000025680
0.0000023270
0.0000024560
0.0000026420
0.0000021380
0.0000022790
0.0000162190
0.0000024040
0.0000025670
0.0000024600
0.0000025560
0.0000021090
0.0000024770
0.0000026430
0.0000021370
0.0000023340
