0.0002496810
0.0000920800
0.0000677970
0.0000933940
0.0000689260
0.0000931310
0.0000802740
0.0000530910
0.0000444330
0.0000574410
0.0003615450
0.0000793990
0.0000514530
0.0000481490
0.0000480990
0.0000464350
0.0000469840
0.0000465410
0.0000467440
0.0000458830
0.0002748180
0.0000443260
0.0000427980
0.0000471020
0.0000469990
0.0000469050
0.0000469480
0.0000466750
0.0000463050
0.0000473450
0.0002679460
0.0000453740
0.0000438240
0.0000441280
0.0000440500
0.0000437290
0.0000438730
0.0000434600
0.0000434440
0.0000436260
0.0002913930
0.0000549450
0.0000529210
0.0000528740
0.0000532950
0.0000530490
0.0000524670
0.0000530090
0.0000526710
0.0000529660
0.0003156580
0.0000552070
0.0000517000
0.0000519980
0.0000517560
0.0000512370
0.0000510860
0.0000507670
0.0000509510
0.0000510680
0.0003730420
0.0000811050
0.0000688140
0.0000628060
0.0000611390
0.0000587000
0.0000601800
0.0000633380
0.0000590310
0.0000566930
0.0003229560
0.0000604070
0.0000496220
0.0000498680
0.0000496900
0.0000499370
0.0000498220
0.0000492200
0.0000487890
0.0000491540
0.0003227790
0.0000502110
0.0000490720
0.0000494300
0.0000490840
0.0000488610
0.0000486960
0.0000492630
0.0000492830
0.0000492240
0.0003453600
0.0000513720
0.0000496800
0.0000495750
0.0000494590
0.0000509600
0.0000505800
0.0000505240
0.0000509160
0.0000506380
0.0003135550
0.0000548520
0.0000511690
0.0000513470
0.0000511840
0.0000506970
0.0000504370
0.0000509640
0.0000508660
0.0000507320
0.0003610550
0.0000839360
0.0000617090
0.0000559110
0.0000548190
0.0000555670
0.0000555000
0.0000561250
0.0000551330
0.0000552510
0.0003946540
0.0000994670
0.0000700720
0.0000596090
0.0000599680
0.0000604840
0.0000630850
0.0000642880
0.0000609240
0.0000646840
0.0005346710
0.0001138190
0.0000733850
0.0000590500
0.0000579860
0.0000592800
0.0000565690
0.0000563740
0.0000571780
0.0000596900
0.0003554440
0.0000857850
0.0000650630
0.0000566150
0.0000567170
0.0000568570
0.0000582790
0.0000587220
0.0000581410
0.0000587950
0.0002940860
0.0000548410
0.0000530200
0.0000529390
0.0000525120
0.0000534300
0.0000525060
0.0000525000
0.0000527940
0.0000525180
0.0003049850
0.0000636530
0.0000579350
0.0000571000
0.0000567450
0.0000571270
0.0000580070
0.0000568540
0.0000573710
0.0000569100
0.0003033830
0.0000551660
0.0001975830
0.0000488680
0.0000475560
0.0000475050
0.0000470600
0.0000474780
0.0000469770
0.0000474890
0.0002761080
0.0000516110
0.0000457160
0.0000454310
0.0000456500
0.0000452850
0.0000452450
0.0000453260
0.0000451170
0.0000455030
