0.0000734690
0.0000246370
0.0000162300
0.0000145800
0.0000147490
0.0000149650
0.0000144190
0.0000145490
0.0000145480
0.0000147580
0.0001623920
0.0000285630
0.0000274760
0.0000269060
0.0000271880
0.0000271850
0.0000265120
0.0000266740
0.0000271490
0.0000266430
0.0001518440
0.0000229380
0.0000229430
0.0000232580
0.0000229090
0.0000237580
0.0000234180
0.0000235580
0.0000227360
0.0000228070
0.0001611600
0.0000310260
0.0000317410
0.0000299790
0.0000306030
0.0000317520
0.0000247460
0.0000245190
0.0000250460
0.0000245490
0.0001762050
0.0000321410
0.0000283260
0.0000283700
0.0000290070
0.0000289290
0.0000282970
0.0000283000
0.0000284030
0.0000288520
0.0002098260
0.0000327320
0.0000289500
0.0000287730
0.0000292440
0.0000286850
0.0000287540
0.0000297130
0.0000286620
0.0000291330
0.0002202090
0.0000440560
0.0000315180
0.0000293060
0.0000294900
0.0000312870
0.0000292720
0.0000297790
0.0000294310
0.0000316380
0.0001640570
0.0000287570
0.0000288590
0.0000278450
0.0000289510
0.0000284140
0.0000280330
0.0000286230
0.0000282010
0.0000289580
0.0001868920
0.0000305230
0.0000272780
0.0000272950
0.0000273910
0.0000274010
0.0000266350
0.0000273440
0.0000269480
0.0000271490
0.0001719260
0.0000308200
0.0000300920
0.0000286840
0.0000303180
0.0000297440
0.0000288630
0.0000302510
0.0000297280
0.0000298960
0.0001575140
0.0000282930
0.0000258790
0.0000313720
0.0000267700
0.0000269640
0.0000260350
0.0000257830
0.0000265940
0.0000274010
0.0001576520
0.0000239270
0.0000235180
0.0000239750
0.0000241810
0.0000243250
0.0000241160
0.0000243680
0.0000239520
0.0000239790
0.0001392000
0.0000249440
0.0000243730
0.0000242270
0.0000245510
0.0000245940
0.0000241000
0.0000241380
0.0000240900
0.0000244350
0.0001511150
0.0000252580
0.0000249750
0.0000248600
0.0000249720
0.0000250730
0.0000246210
0.0000246540
0.0000246620
0.0000247830
0.0001819120
0.0000351360
0.0000308710
0.0000300980
0.0000307200
0.0000307270
0.0000296370
0.0000298390
0.0000303740
0.0000307130
0.0001794070
0.0000277890
0.0000257980
0.0000260990
0.0000267540
0.0000268300
0.0000260080
0.0000268860
0.0000266380
0.0000267290
0.0001954260
0.0000301450
0.0000261940
0.0000294490
0.0000263770
0.0000261600
0.0000257800
0.0000259130
0.0000260460
0.0000262120
0.0001995700
0.0000285690
0.0000273670
0.0000270890
0.0000264190
0.0000272210
0.0000266790
0.0000266250
0.0000268130
0.0000271800
