0.0339526620
0.0215154180
0.0212394320
0.0227380100
0.0270671790
0.0216439990
0.0186282360
0.0135640780
0.0129492280
0.0126078380
0.0361594650
0.0241978570
0.0224901740
0.0206158300
0.0091047290
0.0078005810
0.0073267770
0.0074338920
0.0074045390
0.0073430520
0.0283262360
0.0165003410
0.0217085200
0.0218326330
0.0215798060
0.0170186690
0.0137161900
0.0133929990
0.0120272140
0.0123695560
0.0327633690
0.0268133350
0.0250571770
0.0273273900
0.0251827150
0.0274025540
0.0250334190
0.0190315750
0.0170249700
0.0128322110
0.0318525720
0.0208398740
0.0224953990
0.0209625880
0.0235455920
0.0211999340
0.0179986420
0.0164736060
0.0174584860
0.0135955940
0.0315694650
0.0204766660
0.0220253940
0.0205361190
0.0242206940
0.0191054790
0.0210867260
0.0233399600
0.0268713120
0.0243864380
0.0217941390
0.0089515610
0.0149253940
0.0173465180
0.0173700820
0.0174003070
0.0173773660
0.0209156750
0.0174017580
0.0165109370
0.0328734840
0.0198453470
0.0206401080
0.0193430210
0.0162838530
0.0178625040
0.0155287420
0.0172898840
0.0176221050
0.0198955490
0.0260332730
0.0168268350
0.0167765280
0.0127695520
0.0118540130
0.0115252520
0.0112942380
0.0113130660
0.0112349030
0.0111335250
0.0223875450
0.0144477820
0.0170783980
0.0171547730
0.0170379710
0.0169852280
0.0145091910
0.0132039330
0.0143468340
0.0143221930
0.0249739920
0.0130715870
0.0134717130
0.0151637960
0.0167426880
0.0150716160
0.0166743880
0.0149733380
0.0184066670
0.0176403980
0.0217869340
0.0114530600
0.0114364610
0.0115074230
0.0135733240
0.0180206600
0.0215258720
0.0170498660
0.0125720910
0.0123203470
0.0330174690
0.0263542890
0.0282562730
0.0213773580
0.0235548940
0.0222173470
0.0261904270
0.0237607320
0.0201716120
0.0215329030
0.0226628630
0.0122520220
0.0121841800
0.0122363930
0.0133647650
0.0169677200
0.0129378080
0.0129187690
0.0125539370
0.0123023530
0.0239205650
0.0111797680
0.0111527740
0.0135067920
0.0153070520
0.0162406720
0.0162555240
0.0163480130
0.0128082530
0.0079959890
0.0257362840
0.0138613150
0.0136822490
0.0136986390
0.0148117540
0.0168220720
0.0152890370
0.0165089980
0.0142424450
0.0131226380
0.0256711420
0.0163408880
0.0161679900
0.0162406910
0.0161238160
0.0150601070
0.0116351810
0.0097523120
0.0077613410
0.0074406960
0.0271703040
0.0107382010
0.0107910300
0.0109786190
0.0111121140
0.0129919020
0.0131939190
0.0082974500
0.0083119020
0.0082544940
