0.0000253120
0.0000048770
0.0000037810
0.0000039830
0.0000039440
0.0000041680
0.0000040100
0.0000039050
0.0000039050
0.0000047920
0.0000470830
0.0000080210
0.0000079460
0.0000069520
0.0000072520
0.0000077320
0.0000066280
0.0000070070
0.0000072170
0.0000069370
0.0000361210
0.0000061090
0.0000060400
0.0000055850
0.0000055430
0.0000059230
0.0000056890
0.0000055350
0.0000055190
0.0000054760
0.0000366590
0.0000058960
0.0000058410
0.0000054870
0.0000055050
0.0000059080
0.0000051670
0.0000060800
0.0000057580
0.0000054310
0.0000288630
0.0000057490
0.0000059650
0.0000055050
0.0000054960
0.0000057610
0.0000051230
0.0000054160
0.0000055380
0.0000053210
0.0000349430
0.0000067680
0.0000066470
0.0000061500
0.0000061170
0.0000066530
0.0000057590
0.0000059080
0.0000063260
0.0000059490
0.0000634610
0.0000106840
0.0000077860
0.0000078970
0.0000066020
0.0000068550
0.0000061350
0.0000072640
0.0000066230
0.0000062730
0.0000448320
0.0000073350
0.0000071220
0.0000064730
0.0000065100
0.0000070450
0.0000061590
0.0000062830
0.0000067160
0.0000063120
0.0000345230
0.0000067150
0.0000067400
0.0000062900
0.0000063270
0.0000066500
0.0000059790
0.0000061430
0.0000063270
0.0000061430
0.0000348690
0.0000068940
0.0000066840
0.0000062070
0.0000061380
0.0000067150
0.0000057640
0.0000059440
0.0000063700
0.0000060240
0.0000517130
0.0000075100
0.0000072230
0.0000070610
0.0000068100
0.0000072290
0.0000060220
0.0000066630
0.0000068820
0.0000071190
0.0000393130
0.0000073120
0.0000069710
0.0000068110
0.0000069190
0.0000075930
0.0000059800
0.0000062920
0.0000072710
0.0000063500
0.0000471620
0.0000073710
0.0000072990
0.0000065110
0.0000065880
0.0000073190
0.0000060940
0.0000068790
0.0000068540
0.0000077650
0.0000394410
0.0000071440
0.0000069250
0.0000062660
0.0000062700
0.0000069090
0.0000059400
0.0000061210
0.0000065670
0.0000061920
0.0000343910
0.0000071570
0.0000067400
0.0000061020
0.0000061820
0.0000066700
0.0000058140
0.0000061120
0.0000063050
0.0000059540
0.0000328740
0.0000067660
0.0000067060
0.0000060600
0.0000060710
0.0000065820
0.0000057570
0.0000058890
0.0000062880
0.0000059250
0.0000398030
0.0000077140
0.0000071910
0.0000065140
0.0000065350
0.0000070160
0.0000061650
0.0000064230
0.0000068990
0.0000064930
0.0000344850
0.0000068470
0.0000066470
0.0000063830
0.0000061230
0.0000067970
0.0000059720
0.0000058920
0.0000064720
0.0000061860
0.0000390380
0.0000071610
0.0000072900
0.0000066420
0.0000067910
0.0000071430
0.0000061870
0.0000067360
0.0000069590
0.0000066550
0.0000396450
0.0000072040
0.0000068720
0.0000067280
0.0000067140
0.0000072760
0.0000063370
0.0000064990
0.0000064780
0.0000064350
