0.0000011730
0.0000007150
0.0000006130
0.0000008160
0.0000006490
0.0000006010
0.0000005050
0.0000004610
0.0000004220
0.0000005550
0.0000015220
0.0000008820
0.0000006230
0.0000008970
0.0000006010
0.0000006100
0.0000004460
0.0000005290
0.0000003640
0.0000005300
0.0000012060
0.0000006330
0.0000006390
0.0000008050
0.0000006200
0.0000005690
0.0000004530
0.0000004360
0.0000004300
0.0000005280
0.0000013360
0.0000009550
0.0000006040
0.0000009240
0.0000006060
0.0000006070
0.0000005430
0.0000005380
0.0000004820
0.0000005590
0.0000014120
0.0000008450
0.0000006490
0.0000009180
0.0000005830
0.0000005820
0.0000011270
0.0000004270
0.0000004190
0.0000005210
0.0000012400
0.0000009200
0.0000006730
0.0000007670
0.0000006550
0.0000005670
0.0000004620
0.0000004440
0.0000004810
0.0000005270
0.0000013290
0.0000009440
0.0000008750
0.0000009630
0.0000008470
0.0000005910
0.0000004280
0.0000007740
0.0000003660
0.0000005280
0.0000013590
0.0000007490
0.0000007170
0.0000009160
0.0000006850
0.0000007000
0.0000005440
0.0000005560
0.0000004610
0.0000006550
0.0000013920
0.0000010660
0.0000010210
0.0000011590
0.0000009920
0.0000009970
0.0000005000
0.0000005010
0.0000004550
0.0000006370
0.0000015360
0.0000009080
0.0000008500
0.0000009890
0.0000007840
0.0000006970
0.0000009670
0.0000011670
0.0000004540
0.0000005990
0.0000015270
0.0000007220
0.0000007490
0.0000010380
0.0000006770
0.0000006330
0.0000005070
0.0000004590
0.0000004690
0.0000006280
0.0000015640
0.0000010780
0.0000010830
0.0000012160
0.0000009330
0.0000008300
0.0000006200
0.0000006280
0.0000005780
0.0000007740
0.0000015000
0.0000012220
0.0000010640
0.0000010760
0.0000008320
0.0000007960
0.0000006730
0.0000006000
0.0000005830
0.0000008390
0.0000013570
0.0000010130
0.0000009800
0.0000011440
0.0000010040
0.0000006260
0.0000005340
0.0000004530
0.0000004580
0.0000006150
0.0000014690
0.0000010200
0.0000010050
0.0000011510
0.0000007450
0.0000007310
0.0000005530
0.0000005490
0.0000004450
0.0000006370
0.0000015000
0.0000008010
0.0000007450
0.0000009180
0.0000006960
0.0000007080
0.0000005970
0.0000005770
0.0000004530
0.0000011150
0.0000012620
0.0000009740
0.0000009640
0.0000011120
0.0000009390
0.0000006570
0.0000005590
0.0000004540
0.0000004680
0.0000005840
0.0000015280
0.0000008380
0.0000008440
0.0000010340
0.0000008110
0.0000007930
0.0000006880
0.0000005660
0.0000005460
0.0000007810
