0.0000361200
0.0000088540
0.0000065550
0.0000064100
0.0000064840
0.0000064880
0.0000065160
0.0000063270
0.0000061460
0.0000064920
0.0000422200
0.0000082350
0.0000071120
0.0000071380
0.0000071260
0.0000071420
0.0000072480
0.0000073760
0.0000074490
0.0000081900
0.0000876040
0.0000119620
0.0000098240
0.0000094620
0.0000098470
0.0000096660
0.0000089670
0.0000093560
0.0000092850
0.0000096450
0.0000964740
0.0000138480
0.0000134170
0.0000121900
0.0000127770
0.0000122960
0.0000119670
0.0000123240
0.0000123830
0.0000127000
0.0000989610
0.0000136970
0.0000126210
0.0000129300
0.0000122110
0.0000122670
0.0000116400
0.0000118760
0.0000119410
0.0000126020
0.0000901160
0.0000121810
0.0000122720
0.0000123780
0.0000118250
0.0000119250
0.0000110100
0.0000115810
0.0000119950
0.0000129450
0.0000748180
0.0000108200
0.0000112220
0.0000106790
0.0000111340
0.0000109630
0.0000103630
0.0000110760
0.0000107620
0.0000108700
0.0000736760
0.0000107790
0.0000111670
0.0000106600
0.0000109410
0.0000110410
0.0000105410
0.0000109510
0.0000107900
0.0000110550
0.0000755390
0.0000106160
0.0000114100
0.0000106450
0.0000112690
0.0000141960
0.0000138240
0.0000131530
0.0000110490
0.0000113120
0.0000761410
0.0000113030
0.0000117040
0.0000109790
0.0000116620
0.0000115060
0.0000106780
0.0000113860
0.0000113950
0.0000114820
0.0000925290
0.0000120160
0.0000121480
0.0000118770
0.0000119810
0.0000119540
0.0000114720
0.0000119840
0.0000121170
0.0000119750
0.0000966740
0.0000132700
0.0000122120
0.0000120150
0.0000126840
0.0000125860
0.0000116060
0.0000122670
0.0000121720
0.0000124880
0.0000758590
0.0000114660
0.0000114950
0.0000107740
0.0000156570
0.0000128650
0.0000105420
0.0000111780
0.0000114580
0.0000112970
0.0000800320
0.0000120950
0.0000123320
0.0000120200
0.0000120340
0.0000188970
0.0000113910
0.0000120810
0.0000121440
0.0000122330
0.0000879710
0.0000126510
0.0000130880
0.0000121680
0.0000121820
0.0000126920
0.0000113300
0.0000117400
0.0000120500
0.0000128420
0.0000744450
0.0000105990
0.0000108340
0.0000103560
0.0000108690
0.0000108270
0.0000099620
0.0000106050
0.0000104380
0.0000105860
0.0000659180
0.0000107150
0.0000106640
0.0000105390
0.0000106040
0.0000109240
0.0000100810
0.0000104510
0.0000105710
0.0000106100
0.0000747970
0.0000108400
0.0000108820
0.0000105850
0.0000111770
0.0000110280
0.0000102230
0.0000108180
0.0000106870
0.0000109570
0.0000752120
0.0000109550
0.0000108540
0.0000104280
0.0000108900
0.0000107660
0.0000103900
0.0000112550
0.0000106870
0.0000108120
