0.0009044320
0.0004520250
0.0003331610
0.0001902060
0.0001511000
0.0001376190
0.0001132370
0.0001137380
0.0001118890
0.0001087100
0.0006026020
0.0001679480
0.0001135200
0.0000895810
0.0000888820
0.0000910990
0.0000927070
0.0000925250
0.0001056990
0.0000906960
0.0008433270
0.0004861170
0.0003745170
0.0002727540
0.0002779380
0.0002659540
0.0002389070
0.0002651810
0.0002600020
0.0002212400
0.0005399620
0.0000881400
0.0000839560
0.0000829810
0.0000848350
0.0000823790
0.0000848870
0.0000824730
0.0000823980
0.0000984980
0.0008543490
0.0004554110
0.0003512930
0.0003434060
0.0002044710
0.0001897530
0.0001637870
0.0001512240
0.0001484780
0.0001392450
0.0006792910
0.0001395470
0.0001270630
0.0001203300
0.0001206490
0.0001248190
0.0001209640
0.0001209330
0.0001210390
0.0001218150
0.0006071660
0.0001093500
0.0001051130
0.0001054790
0.0001067540
0.0001054990
0.0001064300
0.0001055400
0.0001057560
0.0001060560
0.0005982250
0.0001051710
0.0001115120
0.0001065610
0.0001068740
0.0001063890
0.0001633210
0.0001144980
0.0001091890
0.0001084630
0.0007533490
0.0002513620
0.0001842220
0.0001439410
0.0001367120
0.0001284570
0.0001294310
0.0001253280
0.0001235560
0.0001257660
0.0007718600
0.0001513700
0.0001466040
0.0001449500
0.0001291200
0.0001177420
0.0001122690
0.0001124020
0.0001122720
0.0001133860
0.0007492100
0.0003543790
0.0002867710
0.0001997620
0.0001436190
0.0001404030
0.0001285100
0.0001174950
0.0001183670
0.0001280200
0.0008265190
0.0003328940
0.0002359710
0.0002494640
0.0002222430
0.0002181840
0.0002142260
0.0001843860
0.0001634850
0.0001453360
0.0006489760
0.0001385670
0.0001141780
0.0001162890
0.0001076530
0.0001065910
0.0001136450
0.0001029830
0.0001051760
0.0001059780
0.0008154100
0.0003327570
0.0003287450
0.0002547830
0.0001987740
0.0001681890
0.0001588560
0.0001433560
0.0001386060
0.0001461480
0.0006636160
0.0001391910
0.0001306760
0.0001219620
0.0001248610
0.0001258590
0.0001247900
0.0001286450
0.0001306390
0.0001304870
0.0006615440
0.0001380490
0.0001254800
0.0001227450
0.0001210930
0.0001222480
0.0001215630
0.0001207470
0.0001213790
0.0001210580
0.0006179710
0.0001266150
0.0001119930
0.0001099190
0.0001112400
0.0001091390
0.0001086080
0.0001094890
0.0001108570
0.0001100580
0.0006192550
0.0001736430
0.0001332640
0.0001119710
0.0001126430
0.0001076320
0.0001060190
0.0001078830
0.0001057730
0.0001064630
