0.0008367820
0.0004692910
0.0005057080
0.0004642510
0.0003638820
0.0003378120
0.0003490770
0.0005776740
0.0006030320
0.0004675790
0.0003778990
0.0003562990
0.0003480600
0.0004577830
0.0003911990
0.0004199310
0.0004048310
0.0003764120
0.0005248600
0.0004184930
0.0003778010
0.0003412970
0.0003766040
0.0003567720
0.0003249170
0.0003223690
0.0004811220
0.0004198670
0.0003777410
0.0003324410
0.0003949260
0.0003453540
0.0003832080
0.0003596420
0.0003233740
0.0003503490
0.0003353700
0.0003497490
0.0003314200
0.0004538180
0.0004078920
0.0003317580
0.0003889500
0.0003656730
0.0003282500
0.0003595960
0.0005552470
0.0004737240
0.0004042880
0.0004631980
0.0004376740
0.0005074620
0.0003704240
0.0003494680
0.0003896560
0.0003648630
0.0004216340
0.0003776920
0.0004982310
0.0004808920
0.0003739100
0.0003377860
0.0003244840
0.0004060320
0.0004472790
0.0003595220
0.0003221860
0.0003231680
0.0003663170
0.0003656730
0.0003897780
0.0003650840
0.0003484700
0.0003354890
0.0003397340
0.0003805420
0.0003684690
0.0003497480
0.0003306390
0.0005700140
0.0004588830
0.0004277090
0.0004190880
0.0004059830
0.0003619780
0.0003160200
0.0003064290
0.0003681120
0.0003227970
0.0003204180
0.0003200570
0.0003205940
0.0002946440
0.0003098710
0.0003137270
0.0003077220
0.0003217780
0.0002921430
0.0002846790
0.0003000360
0.0003041840
0.0003283820
0.0003276640
0.0003078670
0.0003161590
0.0003076260
0.0003647680
0.0003386250
0.0003054370
0.0003163150
0.0003009980
0.0003162150
0.0003152910
0.0003071980
0.0003207630
0.0003044580
0.0003051870
0.0003119570
0.0003189200
0.0003069530
0.0003100240
0.0003346560
0.0003621000
0.0003103640
0.0003183660
0.0003025150
0.0003089340
0.0003113490
0.0003223820
0.0003188410
0.0003466500
0.0003538260
0.0003271100
0.0003188010
0.0003124470
0.0003061970
0.0003077510
0.0003173020
0.0003152280
0.0002998750
0.0003069040
0.0003054000
0.0003147940
0.0003280240
0.0003189400
0.0003216290
0.0003245790
0.0003345530
0.0003140620
0.0003056400
0.0003149340
0.0003200060
0.0003302230
0.0003353880
0.0003106390
0.0003164690
0.0003139920
0.0003232300
0.0005907840
0.0004478510
0.0004289510
0.0004346420
0.0004015350
0.0003211870
0.0003455540
0.0003391040
0.0003143000
0.0003105480
0.0003132130
0.0003282300
0.0003253460
0.0003105450
0.0003210230
0.0003376650
0.0003308600
0.0003364890
0.0003133440
0.0003169190
0.0003068000
0.0003331630
0.0003604010
0.0003542550
0.0003292650
0.0003158210
0.0003201920
0.0003396450
0.0003428200
0.0003137990
0.0003164390
0.0003258320
0.0003209140
0.0003341270
0.0003271180
0.0003276720
0.0003192690
0.0003214450
0.0003138950
0.0003344660
0.0003207990
0.0003081880
0.0003159690
0.0003161660
0.0003388420
0.0003468000
0.0003170370
0.0003214710
0.0003191040
0.0003281220
0.0003277660
0.0003238280
0.0003163710
0.0003150930
0.0003291610
0.0003408440
0.0003116870
0.0003090130
0.0003137550
0.0003059570
0.0003088730
0.0003247880
0.0003356410
0.0003268600
0.0003132710
0.0003295500
0.0003132290
0.0003203170
0.0003360840
0.0003285230
0.0003107930
0.0003224270
0.0003216230
0.0003334710
0.0003376490
0.0003270710
0.0003094430
0.0003236700
0.0003233300
0.0003063960
0.0003016130
0.0003087170
0.0003225940
0.0003217850
0.0005400210
0.0004678830
0.0004850710
0.0003783990
0.0003701720
0.0003646660
0.0003678150
0.0003634390
0.0003670250
0.0003810620
0.0016568680
