0.0243747960
0.0155525900
0.0152414920
0.0149392780
0.0145070810
0.0145844690
0.0146431580
0.0145964070
0.0144773030
0.0146262980
0.0269747710
0.0166603560
0.0156358300
0.0155193980
0.0152457560
0.0146461160
0.0146559680
0.0146144850
0.0145168580
0.0145323560
0.0224139150
0.0149383900
0.0149885990
0.0154480600
0.0151322630
0.0150254680
0.0151820790
0.0151604080
0.0149426240
0.0151249740
0.0224273540
0.0147222830
0.0146007950
0.0150651140
0.0147881260
0.0145967460
0.0148419570
0.0147591880
0.0144954190
0.0146685430
0.0227487400
0.0147393330
0.0146324630
0.0150962810
0.0149507120
0.0146304780
0.0149249490
0.0147640300
0.0144947600
0.0147243500
