0.0000221460
0.0000082770
0.0000082620
0.0000083290
0.0000082700
0.0000082650
0.0000082700
0.0000082260
0.0000082320
0.0000082490
0.0000082400
0.0000081810
0.0000082010
0.0000082150
0.0000082470
0.0000082250
0.0000081930
0.0000085830
0.0000082360
0.0000082250
0.0000082210
0.0000082390
0.0000082600
0.0000082400
0.0000082820
0.0000135940
0.0000082130
0.0000081980
0.0000082300
0.0000082270
0.0000082400
0.0000083100
0.0000082480
0.0000082490
0.0000082490
0.0000082660
0.0000082420
0.0000083140
0.0000082480
0.0000083050
0.0000082760
0.0000082610
0.0000134410
0.0000082730
0.0000082300
0.0000082770
0.0000083280
0.0000082800
0.0000082650
0.0000083090
0.0000083260
0.0000083430
0.0000083180
0.0000082730
0.0000082910
0.0000082910
0.0000083100
0.0000082050
0.0000082030
0.0000082740
0.0000082280
0.0000082260
0.0000082410
0.0000082880
0.0000082630
0.0000083390
0.0000082480
0.0000083000
0.0000087090
0.0000082050
0.0000082510
0.0000082250
0.0000082320
0.0000082270
0.0000082620
0.0000082380
0.0000082060
0.0000086990
0.0000095130
0.0000088700
0.0000101310
0.0000099340
0.0000089460
0.0000096400
0.0000093300
0.0000096440
0.0000095770
0.0000087610
0.0000092830
0.0000092460
0.0000090310
0.0000099920
0.0000088350
0.0000092100
0.0000089980
0.0000089660
0.0000090840
0.0000100560
0.0000088910
0.0000091700
0.0000093010
0.0000089890
0.0000093870
0.0000090370
0.0000091000
0.0000091560
0.0000096220
0.0000102710
0.0000091330
0.0000093090
0.0000097170
0.0000097820
0.0000092860
0.0000086730
0.0000104030
0.0000090710
0.0000083660
0.0000082360
0.0000082260
0.0000087380
0.0000089400
0.0000083480
0.0000082690
0.0000083000
0.0000082520
0.0000082040
0.0000082550
0.0000082610
0.0000085510
0.0000084090
0.0000083210
0.0000082200
0.0000082260
0.0000082280
0.0000082560
0.0000083280
0.0000082490
0.0000086880
0.0000084260
0.0000088110
0.0000087970
0.0000084990
0.0000082570
0.0000082740
0.0000082560
0.0000082600
0.0000082780
0.0000083720
0.0000083070
0.0000083610
0.0000088920
0.0000083650
0.0000083230
0.0000083310
0.0000082450
0.0000082850
0.0000082520
0.0000083160
0.0000082610
0.0000082650
0.0000082640
0.0000083100
0.0000082590
0.0000082580
0.0000082550
0.0000082940
0.0000082880
0.0000082710
0.0000082700
0.0000081980
0.0000082310
0.0000082290
0.0000082430
0.0000081800
0.0000082280
0.0000082600
0.0000088230
0.0000082630
0.0000083190
0.0000082750
0.0000083780
0.0000082740
0.0000082150
0.0000082500
0.0000082410
0.0000082470
0.0000081940
0.0000082850
0.0000082280
0.0000082320
0.0000082370
0.0000082100
0.0000082180
0.0000082520
0.0000082870
0.0000082330
0.0000082510
0.0000082270
0.0000082140
0.0000082360
0.0000082510
0.0000082390
0.0000084430
0.0000087620
0.0000082560
0.0000082600
0.0000082950
0.0000082670
0.0000082740
0.0000082080
0.0000082170
0.0000082640
0.0000082320
0.0000083240
0.0000082200
0.0000082740
0.0000082300
0.0000082380
0.0000082570
0.0000082490
0.0000082450
0.0000089840
0.0000083600
0.0000081790
0.0000082940
0.0000082110
0.0000082040
0.0000082130
0.0000082730
0.0000082380
0.0000082330
0.0000083390
0.0000082950
0.0000082550
0.0000083220
0.0000082720
0.0000082800
0.0000082270
0.0000082090
0.0000082840
0.0000082260
0.0000082470
0.0000082400
0.0000082710
0.0000082170
0.0000082500
0.0000082720
0.0000082230
0.0000082330
0.0000082790
0.0000082810
0.0000082550
0.0000424580
