0.0005159780
0.0002783340
0.0002748710
0.0002692490
0.0002691250
0.0002736250
0.0002693220
0.0002723450
0.0002718750
0.0002689490
0.0004880770
0.0002745510
0.0002693760
0.0002693480
0.0002731750
0.0002691930
0.0002690420
0.0002724490
0.0002693870
0.0002691650
0.0005927530
0.0002854440
0.0002837330
0.0002700660
0.0002688800
0.0002693650
0.0002727060
0.0002730040
0.0002691900
0.0002716590
0.0006264050
0.0003168600
0.0002808440
0.0002670010
0.0002673000
0.0002712670
0.0002671410
0.0002886160
0.0002716790
0.0002670050
0.0006577590
0.0003215880
0.0003119540
0.0003024190
0.0003022830
0.0003063430
0.0003026630
0.0003201890
0.0003065370
0.0003026610
0.0005918300
0.0002913290
0.0002712970
0.0002680910
0.0002677350
0.0002712040
0.0002680150
0.0002707480
0.0002716540
0.0002684990
0.0005893150
0.0003013500
0.0002707500
0.0002666770
0.0002694180
0.0002670440
0.0002668620
0.0002797950
0.0002670000
0.0002666490
0.0005511520
0.0002767960
0.0002843090
0.0002712720
0.0002681300
0.0002712050
0.0002681190
0.0002829790
0.0002708650
0.0002680890
0.0005795270
0.0002865270
0.0002805660
0.0002818730
0.0002745460
0.0002740400
0.0002792710
0.0002772320
0.0002780010
0.0002779910
0.0005466880
0.0003094990
0.0003078310
0.0003083560
0.0003081580
0.0003120990
0.0003075170
0.0003088470
0.0003082570
0.0003071830
