0.0014445370
0.0006364440
0.0006427120
0.0006256490
0.0006166940
0.0006159850
0.0006173240
0.0006123380
0.0006130960
0.0006142140
0.0014383720
0.0006720380
0.0006516960
0.0006366420
0.0006289580
0.0006305690
0.0006291390
0.0006202710
0.0006185610
0.0006159720
0.0014774030
0.0006358520
0.0006347780
0.0006190370
0.0006141160
0.0006127810
0.0006181760
0.0006112340
0.0006111120
0.0006111070
0.0016452450
0.0007251810
0.0007070220
0.0007068500
0.0007073060
0.0007042940
0.0007049350
0.0007044150
0.0007054930
0.0007034250
0.0016739810
0.0007310080
0.0007052700
0.0007003810
0.0006988070
0.0006989960
0.0006990970
0.0006993320
0.0006993170
0.0006985830
