0.0117572790
0.0075293620
0.0073744480
0.0075969520
0.0071606120
0.0069635970
0.0070640990
0.0071904720
0.0069770760
0.0071033240
0.0118402450
0.0076478840
0.0074122590
0.0076610980
0.0071133740
0.0067902370
0.0067943170
0.0068747210
0.0067696660
0.0067408510
0.0115406240
0.0072898610
0.0071512880
0.0074383680
0.0069439680
0.0067190930
0.0068585230
0.0069570510
0.0067790220
0.0068317790
0.0115079900
0.0073062970
0.0071674830
0.0074242790
0.0069615440
0.0066447030
0.0067947200
0.0069299110
0.0067417690
0.0067318470
0.0134400060
0.0081731370
0.0078852820
0.0078993800
0.0074866340
0.0073222030
0.0073267690
0.0074733460
0.0074322220
0.0074049560
