0.0125944870
0.0075176230
0.0075135640
0.0079574130
0.0080774900
0.0075581290
0.0076203060
0.0074454260
0.0074624900
0.0074047450
0.0075394140
0.0076243290
0.0077130530
0.0074755190
0.0074532150
0.0075732230
0.0075026390
0.0075534360
0.0073593130
0.0074252210
0.0075659150
0.0075124660
0.0074841630
0.0075293390
0.0074433680
0.0075977050
0.0076405070
0.0076071280
0.0074645130
0.0075054890
0.0074821940
0.0074550950
0.0074758640
0.0075881440
0.0075669880
0.0074293280
0.0074569410
0.0078533790
0.0074190460
0.0073755720
0.0073579340
0.0072768560
0.0072976860
0.0073910830
0.0073883100
0.0073775500
0.0074572070
0.0074737400
0.0074537850
0.0074098830
0.0073582540
0.0073530780
0.0073476510
0.0074402820
0.0074185440
0.0074857050
0.0073318840
0.0072867800
0.0085083030
0.0072622790
0.0074287250
0.0074044260
0.0073408800
0.0072696160
0.0073292940
0.0074646950
0.0074957200
0.0122687140
0.0075153220
0.0073936240
0.0073526230
0.0074217490
0.0074242830
0.0075483230
0.0075254540
0.0075827620
0.0075137700
0.0076477260
0.0075420370
0.0078856810
0.0073303820
0.0073677530
0.0076751570
0.0073686340
0.0072780030
0.0072216660
0.0072693040
0.0072629990
0.0073072170
0.0073736290
0.0077039420
0.0074902420
0.0078877850
0.0074380700
0.0075247990
0.0075690120
0.0076911300
0.0074531820
0.0073565030
0.0074000750
0.0074065210
0.0075175340
0.0074474810
0.0074590530
0.0075122400
0.0074730260
0.0074197440
0.0075574060
0.0074906320
0.0075344940
0.0076034310
0.0076711670
0.0074466910
0.0090133200
0.0076194080
0.0074272960
0.0075134260
0.0075626950
0.0075043320
0.0138557880
0.0074283530
0.0073235670
0.0073882580
0.0074456470
0.0074528520
0.0078527040
0.0076901470
0.0077223070
0.0077874520
0.0078345660
0.0091270650
0.0075378820
0.0093458560
0.0075313650
0.0079522020
0.0075124330
0.0074613080
0.0075585420
0.0074965950
0.0074400160
0.0074994170
0.0074490510
0.0074518070
0.0074855000
0.0075556910
0.0076002150
0.0076456830
0.0074675280
0.0074766810
0.0074640920
0.0074687160
0.0076357910
0.0074767720
0.0073832560
0.0074171740
0.0076259710
0.0075833300
0.0139622250
0.0074508790
0.0075159310
0.0075555270
0.0074913100
0.0074433970
0.0074225710
0.0073787450
0.0075034490
0.0075277260
0.0082087950
0.0075580350
0.0074924740
0.0074466070
0.0074293670
0.0073607780
0.0076014450
0.0075680010
0.0075144640
0.0074191550
0.0074130160
0.0074026740
0.0074820510
0.0074381110
0.0073864920
0.0074202700
0.0073762000
0.0075014570
0.0074753190
0.0075319300
0.0080186460
0.0075548630
0.0076705860
0.0074582970
0.0074657490
0.0074231260
0.0137749690
0.0074320460
0.0074128270
0.0073755420
0.0073740710
0.0073891720
0.0073697690
0.0073260380
0.0074496030
0.0075760330
0.0074227130
0.0074580450
0.0073454520
0.0073941780
0.0075894060
0.0076161710
0.0074523850
0.0075876170
0.0126949260
0.0075974470
0.0076037360
0.0075897660
0.0075324180
0.0077550520
0.0077258200
0.0075294800
0.0075352050
0.0096394980
0.0075463300
0.0076935940
0.0076529710
0.0076582990
0.0074482100
0.0074058140
0.0075786850
0.0074609270
0.0074907070
0.0075178340
0.0075701560
0.0075614160
0.0079469190
0.0075656100
0.0076195690
0.0076322890
0.0076661050
0.0075621190
0.0075437640
0.0075615830
0.0083812290
0.0074243730
0.0073405820
0.0074139430
0.0074417870
0.0073771270
0.0074037650
0.0075281190
0.0074114630
0.0076157140
0.0076144080
