0.0001891000
0.0000716520
0.0000695390
0.0000694190
0.0000688240
0.0000693250
0.0000743010
0.0000711660
0.0000561780
0.0000689440
0.0002097970
0.0000705840
0.0000667010
0.0000651750
0.0000665380
0.0000655470
0.0000654560
0.0000658860
0.0000539190
0.0000656420
0.0002115290
0.0000644970
0.0000629080
0.0000633490
0.0000624690
0.0000621420
0.0000605000
0.0000631480
0.0000510290
0.0000615590
0.0001860210
0.0000646280
0.0000616990
0.0000623330
0.0000631230
0.0000619140
0.0000619780
0.0000631380
0.0000524550
0.0000662320
0.0002181770
0.0000775920
0.0000762540
0.0000749000
0.0000747650
0.0000745110
0.0000800820
0.0000751180
0.0000615090
0.0000747900
0.0001840550
0.0000547540
0.0000525210
0.0000527990
0.0000508330
0.0000520640
0.0000518400
0.0000525230
0.0000442640
0.0000519290
0.0002053440
0.0000677030
0.0000652470
0.0000654520
0.0000622740
0.0000635810
0.0000629740
0.0000670230
0.0000533130
0.0000625750
0.0002170640
0.0000567110
0.0000515980
0.0000518880
0.0000522590
0.0000504600
0.0000508400
0.0000515560
0.0000471650
0.0000503590
0.0002288320
0.0000662830
0.0000634030
0.0000627070
0.0000630820
0.0000625380
0.0000681350
0.0000620880
0.0000528450
0.0000628480
0.0002243280
0.0000560930
0.0000513900
0.0000517600
0.0000507510
0.0000552570
0.0000526990
0.0000519830
0.0000446590
0.0000525600
