0.0000005020
0.0000002830
0.0000002060
0.0000000910
0.0000001100
0.0000000920
0.0000000920
0.0000000900
0.0000000830
0.0000000880
0.0000004610
0.0000002320
0.0000001200
0.0000000850
0.0000001010
0.0000000860
0.0000000840
0.0000000870
0.0000000850
0.0000000850
0.0000004620
0.0000002700
0.0000001100
0.0000000830
0.0000002050
0.0000000860
0.0000000860
0.0000000820
0.0000000850
0.0000000880
0.0000007760
0.0000002530
0.0000001150
0.0000000950
0.0000002040
0.0000000890
0.0000000880
0.0000000820
0.0000000820
0.0000000850
0.0000005290
0.0000004040
0.0000001040
0.0000000870
0.0000001710
0.0000000860
0.0000000830
0.0000000850
0.0000000850
0.0000000860
