0.0000007900
0.0000003690
0.0000002990
0.0000002900
0.0000002950
0.0000002940
0.0000003060
0.0000002920
0.0000002830
0.0000002810
0.0000002800
0.0000002870
0.0000003700
0.0000003060
0.0000002890
0.0000002960
0.0000002960
0.0000002980
0.0000002970
0.0000002920
0.0000002890
0.0000002950
0.0000002920
0.0000002890
0.0000002840
0.0000002930
0.0000002900
0.0000002890
0.0000002960
0.0000002930
0.0000002880
0.0000002790
0.0000002820
0.0000002830
0.0000002930
0.0000002550
0.0000002720
0.0000002670
0.0000002730
0.0000002670
0.0000002880
0.0000002800
0.0000002680
0.0000002700
0.0000002680
0.0000002890
0.0000002760
0.0000003260
0.0000006280
0.0000003330
0.0000002750
0.0000002760
0.0000002770
0.0000002810
0.0000002780
0.0000002840
0.0000003020
0.0000002690
0.0000002730
0.0000002660
0.0000002710
0.0000002720
0.0000002850
0.0000002560
0.0000002710
0.0000002690
0.0000002710
0.0000002700
0.0000002900
0.0000002570
0.0000002450
0.0000002510
0.0000002450
0.0000002660
0.0000002740
0.0000002690
0.0000002680
0.0000002850
0.0000002810
0.0000003110
0.0000002760
0.0000002820
0.0000002740
0.0000002710
0.0000003010
0.0000002730
0.0000002820
0.0000003300
0.0000003590
0.0000003440
0.0000002970
0.0000002920
0.0000002750
0.0000002690
0.0000002750
0.0000002890
0.0000002900
0.0000002600
0.0000002450
0.0000003490
0.0000002600
0.0000002780
0.0000002840
0.0000002870
0.0000002870
0.0000002870
0.0000002810
0.0000002850
0.0000002820
0.0000002920
0.0000003150
0.0000002830
0.0000003010
0.0000002820
0.0000002830
0.0000002880
0.0000002910
0.0000002890
0.0000002980
0.0000002740
0.0000002770
0.0000002740
0.0000002740
0.0000002740
0.0000002910
0.0000002610
0.0000002700
0.0000002700
0.0000002710
0.0000002760
0.0000002780
0.0000002760
0.0000002720
0.0000002750
0.0000002780
0.0000002800
0.0000002860
0.0000002790
0.0000002940
0.0000002910
0.0000002860
0.0000003200
0.0000002740
0.0000002930
0.0000002840
0.0000002870
0.0000002880
0.0000002720
0.0000002710
0.0000002800
0.0000002680
0.0000002730
0.0000002760
0.0000002600
0.0000002710
0.0000002630
0.0000002670
0.0000002690
0.0000002750
0.0000002670
0.0000002690
0.0000002780
0.0000002790
0.0000002730
0.0000002840
0.0000002730
0.0000002790
0.0000002880
0.0000002820
0.0000002760
0.0000002710
0.0000002830
0.0000002830
0.0000004220
0.0000004190
0.0000002790
0.0000002740
0.0000002750
0.0000002690
0.0000002730
0.0000002740
0.0000002620
0.0000002700
0.0000002650
0.0000002670
0.0000002700
0.0000002760
0.0000002680
0.0000002740
0.0000002750
0.0000002810
0.0000002760
0.0000002870
0.0000002770
0.0000002840
0.0000002870
0.0000002760
0.0000002740
0.0000002690
0.0000002900
0.0000002870
0.0000002890
0.0000002950
0.0000002700
0.0000002750
0.0000002940
0.0000002760
0.0000002710
0.0000002790
0.0000002630
0.0000002720
0.0000002670
0.0000002680
0.0000002650
0.0000002780
0.0000002690
0.0000002730
0.0000002680
0.0000002800
0.0000002780
0.0000002850
0.0000002720
0.0000002830
0.0000002860
0.0000002950
0.0000002950
0.0000002900
0.0000002940
0.0000002810
0.0000002890
0.0000002820
0.0000002930
0.0000002930
0.0000002870
0.0000002780
0.0000002780
0.0000003020
0.0000002940
0.0000002730
0.0000002670
0.0000002760
0.0000002780
0.0000002890
0.0000002710
0.0000002750
0.0000002680
0.0000002910
0.0000002860
0.0000002860
0.0000002880
0.0000002850
0.0000002840
0.0000013060
