0.0062142550
0.0039741330
0.0036628140
0.0036306260
0.0036080630
0.0035633420
0.0035933160
0.0035236100
0.0035304820
0.0034705140
0.0035162390
0.0068116960
0.0035020510
0.0034538840
0.0034561400
0.0034833020
0.0034601590
0.0034930650
0.0034977450
0.0034979630
0.0034482070
0.0034885120
0.0035047710
0.0034805470
0.0034639090
0.0034953830
0.0035117360
0.0034958810
0.0034038310
0.0034396120
0.0035701340
0.0035318770
0.0035715790
0.0035249000
0.0035247380
0.0034659130
0.0034703290
0.0034436600
0.0034801940
0.0034788070
0.0034880700
0.0034458580
0.0034357650
0.0034573820
0.0034603050
0.0034837100
0.0034311060
0.0035870690
0.0036796240
0.0036555870
0.0036192250
0.0035932080
0.0035740620
0.0035749560
0.0035524190
0.0035531720
0.0034749220
0.0034466130
0.0034391070
0.0034364580
0.0035205040
0.0034613690
0.0034601420
0.0034382870
0.0034116910
0.0034365830
0.0034599830
0.0034729370
0.0034805180
0.0034203020
0.0034108830
0.0041966480
0.0037068460
0.0037202260
0.0035789050
0.0035689190
0.0064414360
0.0036733670
0.0037257000
0.0036404880
0.0035915930
0.0035755050
0.0035696870
0.0035767410
0.0034741800
0.0034515560
0.0034571910
0.0034725590
0.0034645260
0.0034688250
0.0034743550
0.0035165570
0.0034875970
0.0034837950
0.0035221260
0.0035179490
0.0035118500
0.0034545140
0.0034476660
0.0034551860
0.0034636450
0.0036146490
0.0036318010
0.0036200900
0.0037644960
0.0037031510
0.0036728020
0.0036287720
0.0036115920
0.0036129250
0.0035719400
0.0035740470
0.0035071690
0.0043514850
0.0034944030
0.0034869760
0.0055850380
0.0035572110
0.0035387800
0.0034625500
0.0034452200
0.0034322680
0.0034700710
0.0035167200
0.0034790960
0.0034803520
0.0034371710
0.0034602020
0.0034870700
0.0034848560
0.0034880390
0.0034436230
0.0034725350
0.0034621830
0.0034689820
0.0036044440
0.0035780450
0.0036360470
0.0037458630
0.0037742280
0.0043139730
0.0036339060
0.0037073070
0.0036315870
0.0036370900
0.0036074340
0.0037833810
0.0037110400
0.0036752290
0.0036549510
0.0038776610
0.0037835660
0.0036993720
0.0036161650
0.0035908190
0.0037863370
0.0037484610
0.0041502800
0.0036972780
0.0038387800
0.0037482600
0.0036858030
0.0036415920
0.0037389250
0.0037407610
0.0037200900
0.0036773410
0.0036727140
0.0036036580
0.0035908470
0.0036245150
0.0035906800
0.0035976990
0.0035806710
0.0035705120
0.0035322000
0.0035688330
0.0035649710
0.0035861350
0.0042216640
0.0037868270
0.0045260920
0.0037275130
0.0036485730
0.0036690830
0.0036119060
0.0036004780
0.0035690240
0.0035611420
0.0035400820
0.0035170060
0.0035188240
0.0035237590
0.0055941240
0.0056727470
0.0035146840
0.0034501360
0.0034764140
0.0034737360
0.0034852940
0.0034229420
0.0035705260
0.0034990680
0.0034547150
0.0034647210
0.0034766370
0.0034690610
0.0034884780
0.0034727360
0.0034385240
0.0034316540
0.0034667420
0.0034724450
0.0034714570
0.0035046460
0.0034760580
0.0035071210
0.0034841030
0.0034623060
0.0034864970
0.0034952460
0.0045297870
0.0034567600
0.0034854780
0.0034210790
0.0034345630
0.0037426140
0.0036917810
0.0036851350
0.0068565320
0.0036119350
0.0036492520
0.0036114630
0.0036221040
0.0037662660
0.0038141990
0.0037624880
0.0037948510
0.0036749920
0.0038761810
0.0040142660
0.0038515720
0.0037774870
0.0037507970
0.0037475050
0.0037568320
0.0036462700
0.0037084600
0.0036722750
0.0040558790
0.0037579140
0.0037053890
0.0128009110
