0.0008566880
0.0003523620
0.0003515250
0.0003432190
0.0003431670
0.0003424680
0.0003426380
0.0003423390
0.0003426700
0.0003425180
0.0008855970
0.0003523950
0.0003495200
0.0003484680
0.0003478440
0.0003464930
0.0003477770
0.0003508890
0.0003468400
0.0003493060
0.0008407120
0.0004042190
0.0003979800
0.0003973210
0.0003931010
0.0003920950
0.0003958080
0.0003915550
0.0003968330
0.0003928100
0.0010205760
0.0004190030
0.0004099150
0.0004010880
0.0003970520
0.0004004780
0.0003967440
0.0003970520
0.0004006630
0.0003969190
0.0008890730
0.0003541030
0.0003561270
0.0003482020
0.0003529410
0.0003483890
0.0003520120
0.0003488250
0.0003517070
0.0003476180
0.0008536920
0.0003323890
0.0003081820
0.0003061340
0.0003065340
0.0003076860
0.0003058130
0.0003074440
0.0003058040
0.0003073830
0.0008824940
0.0003267300
0.0003153400
0.0003149650
0.0003009330
0.0003096370
0.0003048040
0.0003041050
0.0003026800
0.0003077790
0.0007178560
0.0003110510
0.0003093600
0.0003063330
0.0003063680
0.0003057410
0.0003058980
0.0003052020
0.0003058970
0.0003075600
0.0009465600
0.0003529940
0.0003480050
0.0003494240
0.0003471270
0.0003477520
0.0003485020
0.0003480170
0.0003481450
0.0003480580
0.0007596960
0.0003097470
0.0003061940
0.0003088160
0.0003061570
0.0003056880
0.0003056280
0.0003057330
0.0003051000
0.0003054710
