0.0000057820
0.0000014850
0.0000014460
0.0000013870
0.0000015330
0.0000014420
0.0000015220
0.0000015140
0.0000027320
0.0000012440
0.0000012120
0.0000012090
0.0000013500
0.0000013510
0.0000012260
0.0000012270
0.0000012830
0.0000014060
0.0000014090
0.0000013420
0.0000014350
0.0000013980
0.0000014220
0.0000014060
0.0000014180
0.0000014050
0.0000014300
0.0000014310
0.0000014500
0.0000015670
0.0000014740
0.0000138520
0.0000022110
0.0000014640
0.0000014660
0.0000019990
0.0000017010
0.0000020910
0.0000021140
0.0000015470
0.0000017250
0.0000017280
0.0000015660
0.0000015490
0.0000015200
0.0000016050
0.0000022810
0.0000015240
0.0000016490
0.0000022500
0.0000020930
0.0000022570
0.0000023140
0.0000017480
0.0000017040
0.0000018010
0.0000024060
0.0000017880
0.0000022110
0.0000022770
0.0000022820
0.0000018120
0.0000017090
0.0000023580
0.0000017790
0.0000023280
0.0000019020
0.0000016270
0.0000015780
0.0000023220
0.0000022110
0.0000018990
0.0000013180
0.0000024760
0.0000015630
0.0000013580
0.0000012580
0.0000012940
0.0000011810
0.0000013200
0.0000012990
0.0000014180
0.0000022890
0.0000012630
0.0000013630
0.0000020050
0.0000025270
0.0000014270
0.0000015330
0.0000013160
0.0000013280
0.0000017560
0.0000013190
0.0000012450
0.0000014090
0.0000012600
0.0000012850
0.0000012660
0.0000011170
0.0000015270
0.0000012440
0.0000012390
0.0000013430
0.0000012030
0.0000012090
0.0000012970
0.0000011910
0.0000011910
0.0000012310
0.0000011980
0.0000012320
0.0000012000
0.0000013080
0.0000020970
0.0000024730
0.0000015410
0.0000013790
0.0000014030
0.0000014320
0.0000019160
0.0000012220
0.0000018750
0.0000012160
0.0000012190
0.0000013000
0.0000012070
0.0000012160
0.0000012390
0.0000012260
0.0000012680
0.0000012250
0.0000012080
0.0000012070
0.0000012560
0.0000012280
0.0000012210
0.0000013040
0.0000012250
0.0000012950
0.0000013550
0.0000024900
0.0000020160
0.0000028800
0.0000020810
0.0000020470
0.0000027440
0.0000024240
0.0000017880
0.0000024720
0.0000021940
0.0000022230
0.0000019650
0.0000024340
0.0000019960
0.0000017140
0.0000024080
0.0000015860
0.0000021980
0.0000018450
0.0000022680
0.0000017990
0.0000016320
0.0000021010
0.0000018970
0.0000021870
0.0000015370
0.0000018230
0.0000022610
0.0000018510
0.0000029380
0.0000018570
0.0000020030
0.0000024360
0.0000019280
0.0000017930
0.0000018560
0.0000023030
0.0000018970
0.0000018150
0.0000023180
0.0000026570
0.0000020730
0.0000019660
0.0000018850
0.0000017520
0.0000023980
0.0000024400
0.0000021370
0.0000018690
0.0000015590
0.0000017830
0.0000021900
0.0000016010
0.0000019050
0.0000017510
0.0000026430
0.0000014180
0.0000015700
0.0000021610
0.0000017830
0.0000015940
0.0000019780
0.0000018040
0.0000019120
0.0000018010
0.0000017160
0.0000021170
0.0000016700
0.0000021570
0.0000016500
0.0000016200
0.0000024920
0.0000019390
0.0000022490
0.0000018310
0.0000017170
0.0000024900
0.0000016180
0.0000017730
0.0000019130
0.0000018750
0.0000023520
0.0000022880
0.0000025380
0.0000020760
0.0000021280
0.0000019060
0.0000019370
0.0000024120
0.0000025060
0.0000019550
0.0000018120
0.0000017450
0.0000018290
0.0000019490
0.0000018210
0.0000017830
0.0000024470
0.0000017590
0.0000019310
0.0000017170
0.0000023240
0.0000024910
0.0000016490
0.0000017820
0.0000019770
0.0000019920
0.0000025090
0.0000026920
0.0000024700
0.0000021970
0.0000023020
0.0000103980
