0.0031891060
0.0018621750
0.0017793150
0.0016621750
0.0016701360
0.0019177500
0.0017925420
0.0017232120
0.0016814070
0.0016699360
0.0016861020
0.0017003260
0.0019351880
0.0017228120
0.0017075410
0.0017224930
0.0030136360
0.0016952600
0.0016776330
0.0016369690
0.0016754920
0.0016754660
0.0016224940
0.0016531060
0.0016220650
0.0017068140
0.0016944750
0.0016924080
0.0016548560
0.0016578820
0.0016061620
0.0016248310
0.0016218700
0.0016671970
0.0016598070
0.0016121090
0.0016785180
0.0016390430
0.0016184260
0.0016249940
0.0016191490
0.0016264150
0.0015983820
0.0016341360
0.0016832680
0.0016348780
0.0016378180
0.0016371400
0.0016429730
0.0016243140
0.0016222590
0.0016184910
0.0016151690
0.0016759840
0.0016607200
0.0016691800
0.0016201970
0.0016150640
0.0015912880
0.0016134590
0.0016491110
0.0016306470
0.0016270860
0.0016148460
0.0015972530
0.0015922090
0.0016198240
0.0016443760
0.0016154180
0.0015946000
0.0015969500
0.0016312620
0.0016259980
0.0016404870
0.0016023580
0.0016528170
0.0016333560
0.0021457210
0.0017724860
0.0017749500
0.0016613610
0.0016954600
0.0017401510
0.0016865020
0.0017339090
0.0017191900
0.0016814510
0.0016539270
0.0019087810
0.0019317450
0.0017075830
0.0017472010
0.0016576080
0.0016607090
0.0017095630
0.0017062120
0.0016448670
0.0016664040
0.0016642500
0.0016704200
0.0016822970
0.0016640520
0.0016253410
0.0016595290
0.0016761040
0.0016094530
0.0016683960
0.0016532950
0.0016357240
0.0017171810
0.0016611110
0.0017180720
0.0016390760
0.0016256880
0.0016304550
0.0016502570
0.0016367450
0.0016399800
0.0016656080
0.0016145650
0.0016569480
0.0016074630
0.0016300500
0.0017138840
0.0016528610
0.0016023320
0.0016096250
0.0020603270
0.0016842920
0.0016575690
0.0016337680
0.0016595940
0.0016553030
0.0016578470
0.0016974310
0.0016533420
0.0016960650
0.0018568780
0.0017613650
0.0017764800
0.0020070610
0.0017420200
0.0017876660
0.0017076330
0.0017126750
0.0016537850
0.0016860610
0.0016726110
0.0016866300
0.0016314220
0.0016811430
0.0016744260
0.0016688870
0.0016180910
0.0016506890
0.0016797600
0.0016319270
0.0016451550
0.0016067450
0.0016400260
0.0016950590
0.0016231800
0.0016608660
0.0022298720
0.0024581340
0.0017708700
0.0019260110
0.0017763260
0.0016367630
0.0016719710
0.0017726020
0.0016600790
0.0016407370
0.0019089210
0.0017941730
0.0017256290
0.0016979970
0.0016915050
0.0016774140
0.0016958400
0.0016906220
0.0016887350
0.0016893200
0.0016503880
0.0016868320
0.0017019530
0.0016372230
0.0016259710
0.0016894880
0.0016569920
0.0016276980
0.0016475920
0.0016595670
0.0016541970
0.0017389760
0.0017069560
0.0016173980
0.0016501340
0.0016588130
0.0019257580
0.0017811440
0.0017306310
0.0017069540
0.0016706650
0.0016719620
0.0016638500
0.0020683590
0.0021299470
0.0019004310
0.0016684500
0.0016547990
0.0016846570
0.0016624300
0.0017209880
0.0017764930
0.0017757140
0.0017442630
0.0017215370
0.0016518210
0.0016999410
0.0017422040
0.0018624740
0.0018437670
0.0018581140
0.0017266500
0.0017202150
0.0019356430
0.0017719180
0.0016728940
0.0017521860
0.0016820550
0.0016501180
0.0016862150
0.0016836960
0.0016294730
0.0016463290
0.0016556060
0.0016841190
0.0016218110
0.0016665090
0.0016874850
0.0016987930
0.0016225680
0.0016176940
0.0017325320
0.0017658600
0.0016579770
0.0016761850
0.0016421440
0.0016321690
0.0016785980
0.0017082480
0.0065362380
