0.0015695360
0.0010180250
0.0008702420
0.0008094750
0.0007767030
0.0013127150
0.0008109250
0.0007981600
0.0007926680
0.0007909100
0.0007994110
0.0009002280
0.0007869220
0.0007797690
0.0007694860
0.0007715780
0.0008847940
0.0007902020
0.0008242260
0.0007826300
0.0007738560
0.0007728660
0.0007674230
0.0007588850
0.0008788820
0.0008057630
0.0007879980
0.0007735610
0.0016797680
0.0007563210
0.0009606390
0.0014199580
0.0013794210
0.0008054350
0.0008211840
0.0007939450
0.0007747350
0.0007679810
0.0008090650
0.0007647040
0.0007504080
0.0007914580
0.0007480240
0.0007542590
0.0007651700
0.0007491660
0.0007615710
0.0009172290
0.0007874420
0.0007661570
0.0007808310
0.0007737410
0.0008064440
0.0008147360
0.0007696830
0.0007957820
0.0007716980
0.0007490990
0.0007784840
0.0007463860
0.0007910280
0.0007362010
0.0007372090
0.0007586470
0.0007626440
0.0007401620
0.0007487800
0.0007563100
0.0007427570
0.0007471860
0.0007449870
0.0007519480
0.0007424580
0.0007474560
0.0007697790
0.0007604220
0.0007506680
0.0007448190
0.0007508830
0.0007383900
0.0007433980
0.0007650950
0.0007509420
0.0007753960
0.0007311620
0.0007429300
0.0007315970
0.0007166050
0.0007473860
0.0007428120
0.0007385030
0.0007517020
0.0009698100
0.0009690280
0.0009508100
0.0007640470
0.0007662420
0.0007526740
0.0007482620
0.0007489040
0.0007767290
0.0007427010
0.0007500730
0.0007505860
0.0007490650
0.0007420900
0.0007443020
0.0007507430
0.0007421570
0.0007545070
0.0007524000
0.0007536160
0.0007259320
0.0007228620
0.0007542440
0.0007376930
0.0007382250
0.0007342860
0.0007471600
0.0007463690
0.0007444310
0.0007364080
0.0007430590
0.0007357080
0.0007601020
0.0007654690
0.0007577520
0.0007637210
0.0007469390
0.0007492450
0.0007531140
0.0007618630
0.0007589470
0.0007614270
0.0007671510
0.0007539360
0.0007554510
0.0007596160
0.0007490230
0.0007628790
0.0007098720
0.0007163470
0.0007790700
0.0007732630
0.0007621810
0.0007617470
0.0007580760
0.0007438860
0.0007390790
0.0007853570
0.0007512380
0.0007535830
0.0007425500
0.0007445760
0.0007437280
0.0007510380
0.0007549050
0.0007518470
0.0007581270
0.0007641440
0.0007580210
0.0007450740
0.0007643750
0.0007495830
0.0007552690
0.0008047170
0.0007866050
0.0008400940
0.0007656320
0.0007561700
0.0007353730
0.0007530550
0.0007689010
0.0007663190
0.0007574980
0.0007471020
0.0007443300
0.0007564160
0.0007547840
0.0007591530
0.0007594780
0.0007570400
0.0007530710
0.0007561100
0.0007529360
0.0007595120
0.0007468280
0.0007660030
0.0007523830
0.0007605280
0.0007597480
0.0007560460
0.0007502550
0.0007482880
0.0007432840
0.0007484940
0.0007438500
0.0007342330
0.0007232600
0.0007311630
0.0007338150
0.0007686260
0.0007498120
0.0007575860
0.0007475020
0.0007509050
0.0007530940
0.0007673400
0.0007581340
0.0007510810
0.0007631070
0.0007612190
0.0007663200
0.0007459970
0.0007609760
0.0007760570
0.0007617760
0.0007506160
0.0007591020
0.0007646080
0.0007485720
0.0007618960
0.0007568080
0.0007683890
0.0007207360
0.0007427230
0.0007225020
0.0007317160
0.0007294480
0.0007474700
0.0007666310
0.0007513950
0.0007366360
0.0007470240
0.0007455420
0.0007691240
0.0007590380
0.0007413870
0.0007486810
0.0007478190
0.0007621950
0.0007978760
0.0007874320
0.0007785000
0.0007859120
0.0007749990
0.0007700670
0.0007639750
0.0007638270
0.0007723800
0.0007775450
0.0008173400
0.0032118360
