0.0002019180
0.0000647430
0.0000578600
0.0000533340
0.0000529120
0.0000529580
0.0000535250
0.0000648500
0.0000621610
0.0000540820
0.0000900510
0.0000824210
0.0000915690
0.0000858490
0.0000849220
0.0000832220
0.0000641330
0.0000568720
0.0000675000
0.0000563440
0.0000526790
0.0000528010
0.0000537190
0.0000540230
0.0000538930
0.0000529470
0.0000539510
0.0000555140
0.0000556060
0.0000541850
0.0000529090
0.0000533770
0.0000526370
0.0000530140
0.0000525930
0.0000535430
0.0000535170
0.0000547230
0.0000527780
0.0000534450
0.0000540990
0.0000531360
0.0000533380
0.0000533780
0.0000524500
0.0000526630
0.0000537390
0.0000525350
0.0000523620
0.0000528300
0.0000540330
0.0000545480
0.0000529930
0.0000531900
0.0000527900
0.0000526840
0.0000527200
0.0000533430
0.0000530910
0.0000535550
0.0000528640
0.0000541540
0.0000532210
0.0000531570
0.0000535960
0.0000533920
0.0000529510
0.0000539110
0.0000529290
0.0000536850
0.0000535100
0.0000530580
0.0000531540
0.0000532530
0.0000529790
0.0000536580
0.0000527790
0.0000529550
0.0000538720
0.0000533400
0.0000536610
0.0000534140
0.0000536110
0.0000536230
0.0000531620
0.0000536770
0.0000541040
0.0000546610
0.0000537170
0.0000529350
0.0000544000
0.0000537340
0.0000533520
0.0000544770
0.0000527430
0.0000524480
0.0000527880
0.0000539450
0.0000539960
0.0000534650
0.0000533380
0.0000539620
0.0000550030
0.0000559320
0.0000533610
0.0000528520
0.0000553300
0.0000536520
0.0000540730
0.0000531080
0.0000537180
0.0000530650
0.0000538240
0.0000531650
0.0000532120
0.0000534450
0.0000533990
0.0000532130
0.0000535240
0.0000530570
0.0000529530
0.0000532080
0.0000531480
0.0000522710
0.0000532700
0.0000535110
0.0000541230
0.0000532390
0.0000540000
0.0000538710
0.0000533990
0.0000529750
0.0000532760
0.0000534520
0.0000536880
0.0000529150
0.0000530380
0.0000535450
0.0000528090
0.0000528130
0.0000528080
0.0000529440
0.0000532260
0.0000531530
0.0000539070
0.0000526550
0.0000530970
0.0000533600
0.0000529830
0.0000526610
0.0000525690
0.0000531300
0.0000538270
0.0000535110
0.0000538560
0.0000539230
0.0000531660
0.0000905240
0.0000859170
0.0000787880
0.0000604650
0.0000540590
0.0000631940
0.0000583270
0.0000534760
0.0000534360
0.0000529630
0.0000531440
0.0000526700
0.0000821670
0.0001875730
0.0001218920
0.0001024780
0.0000898020
0.0000690790
0.0000726990
0.0000582330
0.0000545960
0.0000664840
0.0001188050
0.0001232000
0.0001296460
0.0001040910
0.0000730650
0.0000590890
0.0000539860
0.0000654460
0.0000591480
0.0000536340
0.0000535220
0.0000536000
0.0000526220
0.0000535060
0.0000544210
0.0000537660
0.0000532650
0.0000535310
0.0000527870
0.0000528580
0.0000534560
0.0000526760
0.0000532070
0.0000531650
0.0000527830
0.0000524970
0.0000525860
0.0000529010
0.0000526420
0.0000530950
0.0000532520
0.0000525750
0.0000534490
0.0000527340
0.0000533070
0.0000528270
0.0000538410
0.0000528960
0.0000531200
0.0000530310
0.0000536550
0.0000869490
0.0000655810
0.0000680060
0.0000749890
0.0000679800
0.0000531210
0.0000530610
0.0000528180
0.0000532270
0.0000529970
0.0000528010
0.0000530530
0.0000528760
0.0000527850
0.0000531620
0.0000542260
0.0000527020
0.0000532400
0.0000532350
0.0000537350
0.0000542560
0.0000530530
0.0000528440
0.0000537610
0.0000535860
0.0000529510
0.0000529980
0.0000527950
0.0000526710
0.0000530310
0.0000530270
0.0000525240
0.0003747530
