0.0000021320
0.0000007300
0.0000006560
0.0000006580
0.0000006320
0.0000006260
0.0000006490
0.0000006170
0.0000009390
0.0000006050
0.0000006090
0.0000006060
0.0000006570
0.0000007840
0.0000006840
0.0000005990
0.0000006090
0.0000006830
0.0000006530
0.0000006570
0.0000006590
0.0000006730
0.0000006400
0.0000006710
0.0000006550
0.0000006410
0.0000006550
0.0000006540
0.0000006670
0.0000006450
0.0000006600
0.0000006220
0.0000006320
0.0000006240
0.0000006650
0.0000005660
0.0000009960
0.0000007860
0.0000007730
0.0000006270
0.0000007200
0.0000007340
0.0000006720
0.0000012420
0.0000012700
0.0000008950
0.0000006910
0.0000006010
0.0000006090
0.0000006580
0.0000006040
0.0000006050
0.0000006330
0.0000006010
0.0000006240
0.0000006160
0.0000006610
0.0000006120
0.0000007030
0.0000005970
0.0000006080
0.0000006090
0.0000008030
0.0000006080
0.0000006070
0.0000006000
0.0000010610
0.0000005930
0.0000006370
0.0000005770
0.0000005630
0.0000005680
0.0000005670
0.0000006080
0.0000006090
0.0000006530
0.0000006050
0.0000006310
0.0000005940
0.0000006010
0.0000006080
0.0000006530
0.0000006150
0.0000011560
0.0000006360
0.0000006110
0.0000006370
0.0000006050
0.0000006070
0.0000005990
0.0000006470
0.0000005680
0.0000006060
0.0000007220
0.0000005960
0.0000011390
0.0000006400
0.0000005870
0.0000005620
0.0000005720
0.0000005630
0.0000006090
0.0000006000
0.0000006030
0.0000006040
0.0000006210
0.0000005960
0.0000005950
0.0000006070
0.0000006000
0.0000006300
0.0000006070
0.0000006490
0.0000006340
0.0000006320
0.0000006660
0.0000010670
0.0000007600
0.0000006680
0.0000006450
0.0000005980
0.0000006500
0.0000006110
0.0000006100
0.0000023670
0.0000005800
0.0000006160
0.0000006050
0.0000006100
0.0000006310
0.0000006080
0.0000006020
0.0000006060
0.0000006380
0.0000006120
0.0000006040
0.0000006530
0.0000006110
0.0000006450
0.0000006710
0.0000006050
0.0000006020
0.0000006090
0.0000006510
0.0000006400
0.0000006430
0.0000006810
0.0000006000
0.0000006010
0.0000006050
0.0000005960
0.0000005980
0.0000129590
0.0000013210
0.0000014140
0.0000009750
0.0000011070
0.0000011070
0.0000011090
0.0000016370
0.0000011240
0.0000007510
0.0000011580
0.0000008480
0.0000007590
0.0000005920
0.0000006350
0.0000006920
0.0000006500
0.0000006050
0.0000005960
0.0000006630
0.0000006380
0.0000006470
0.0000006590
0.0000005960
0.0000005990
0.0000011220
0.0000006460
0.0000005990
0.0000006150
0.0000005730
0.0000012220
0.0000006850
0.0000005890
0.0000006150
0.0000006800
0.0000006000
0.0000005980
0.0000006150
0.0000006070
0.0000006060
0.0000006500
0.0000005950
0.0000006330
0.0000006420
0.0000005950
0.0000006120
0.0000006070
0.0000012040
0.0000009890
0.0000017720
0.0000010490
0.0000017770
0.0000010470
0.0000010410
0.0000013640
0.0000008750
0.0000007670
0.0000014450
0.0000007640
0.0000007910
0.0000007220
0.0000012980
0.0000007710
0.0000009000
0.0000013000
0.0000009760
0.0000008010
0.0000008530
0.0000008420
0.0000008030
0.0000009170
0.0000009760
0.0000007890
0.0000008500
0.0000013930
0.0000008510
0.0000008160
0.0000008440
0.0000009370
0.0000009370
0.0000008200
0.0000009600
0.0000007470
0.0000007720
0.0000007890
0.0000008790
0.0000007440
0.0000008790
0.0000008650
0.0000009710
0.0000008320
0.0000008290
0.0000008830
0.0000008140
0.0000007260
0.0000007240
0.0000007630
0.0000007200
0.0000008190
0.0000007910
0.0000035990
