0.0001006900
0.0000456070
0.0000415680
0.0000408910
0.0000481370
0.0000428150
0.0000422790
0.0000409020
0.0000312250
0.0000307940
0.0000335260
0.0000315930
0.0000303260
0.0000367270
0.0000344300
0.0000307060
0.0000299040
0.0000290860
0.0000307100
0.0000301540
0.0000319430
0.0000368480
0.0000409680
0.0000412030
0.0000369600
0.0000415780
0.0000406630
0.0000432610
0.0000469190
0.0000392540
0.0000427800
0.0000316990
0.0000305510
0.0000293130
0.0000288530
0.0000328670
0.0000300280
0.0000288020
0.0000288920
0.0000289010
0.0000287680
0.0000295710
0.0000289170
0.0000290010
0.0000286560
0.0000286930
0.0000287840
0.0000295720
0.0000294020
0.0000289250
0.0000290420
0.0000288790
0.0000288200
0.0000289220
0.0000287530
0.0000286980
0.0000310530
0.0000296050
0.0000295860
0.0000288990
0.0000287350
0.0000287930
0.0000295540
0.0000290170
0.0000289010
0.0000289920
0.0000289650
0.0000286810
0.0000292490
0.0000304310
0.0000287630
0.0000290610
0.0000293130
0.0000288400
0.0000294500
0.0000287940
0.0000280400
0.0000340250
0.0000289500
0.0000287160
0.0000286470
0.0000302020
0.0000287110
0.0000288370
0.0000287070
0.0000286470
0.0000294530
0.0000291880
0.0000286290
0.0000290230
0.0000293250
0.0000296060
0.0000291210
0.0000293100
0.0000290550
0.0000288550
0.0000286150
0.0000288820
0.0000291250
0.0000290490
0.0000322980
0.0000300410
0.0000302030
0.0000304230
0.0000287650
0.0000291580
0.0000291100
0.0000287030
0.0000290660
0.0000289330
0.0000294290
0.0000294740
0.0000293430
0.0000288640
0.0000286260
0.0000290350
0.0000287900
0.0000287830
0.0000289280
0.0000287570
0.0000289320
0.0000295770
0.0000291800
0.0000286270
0.0000288020
0.0000293110
0.0000288930
0.0000295800
0.0000286590
0.0000287830
0.0000290840
0.0000295510
0.0000285940
0.0000292500
0.0000296100
0.0000296150
0.0000287760
0.0000290660
0.0000290350
0.0000286540
0.0000288560
0.0000286910
0.0000290540
0.0000287540
0.0000290080
0.0000291660
0.0000293460
0.0000286940
0.0000299990
0.0000291460
0.0000288060
0.0000291430
0.0000287860
0.0000288520
0.0000293570
0.0000287950
0.0000289440
0.0000295530
0.0000286240
0.0000287550
0.0000299390
0.0000286380
0.0000297850
0.0000289790
0.0000287120
0.0000296000
0.0000295400
0.0000291340
0.0000295530
0.0000289680
0.0000287370
0.0000293740
0.0000288960
0.0000290610
0.0000288030
0.0000295530
0.0000287450
0.0000289360
0.0000287640
0.0000289370
0.0000292610
0.0000295640
0.0000296190
0.0000289130
0.0000288160
0.0000298760
0.0000290980
0.0000290080
0.0000288300
0.0000288050
0.0000291680
0.0000287620
0.0000288210
0.0000289160
0.0000290020
0.0000289100
0.0000287980
0.0000292480
0.0000289080
0.0000298180
0.0000297540
0.0000290490
0.0000290520
0.0000306700
0.0000296610
0.0000288450
0.0000287950
0.0000290960
0.0000288130
0.0000290680
0.0000287780
0.0000286400
0.0000290580
0.0000300940
0.0000289090
0.0000294820
0.0000295600
0.0000287050
0.0000290230
0.0000299090
0.0000287370
0.0000296330
0.0000290550
0.0000288430
0.0000304100
0.0000286260
0.0000290190
0.0000287110
0.0000287940
0.0000298330
0.0000287450
0.0000293370
0.0000292810
0.0000286870
0.0000293620
0.0000291220
0.0000290630
0.0000287310
0.0000293060
0.0000288420
0.0000289070
0.0000288840
0.0000289570
0.0000294030
0.0000288680
0.0000290350
0.0000292980
0.0000298300
0.0000286090
0.0000290070
0.0000295620
0.0000295020
0.0001779270
