0.0000754810
0.0000195820
0.0000175520
0.0000194230
0.0000188100
0.0000195250
0.0000192610
0.0000191790
0.0000191220
0.0000193540
0.0001165780
0.0000219710
0.0000193930
0.0000216480
0.0000191170
0.0000197690
0.0000199330
0.0000190710
0.0000220710
0.0000207430
0.0000841770
0.0000203660
0.0000198770
0.0000205300
0.0000197090
0.0000200260
0.0000201260
0.0000200630
0.0000195020
0.0000200730
0.0001034650
0.0000216190
0.0000200410
0.0000201290
0.0000219900
0.0000220210
0.0000213310
0.0000218130
0.0000206100
0.0000215090
0.0000774060
0.0000197210
0.0000192660
0.0000177220
0.0000193170
0.0000180620
0.0000183970
0.0000185270
0.0000193400
0.0000194660
