0.0000391770
0.0000163870
0.0000163200
0.0000163500
0.0000163490
0.0000163360
0.0000163140
0.0000164030
0.0000164040
0.0000163520
0.0000163410
0.0000163600
0.0000163840
0.0000163000
0.0000163290
0.0000163190
0.0000163410
0.0000163650
0.0000162720
0.0000163360
0.0000163110
0.0000170440
0.0000191910
0.0000180460
0.0000178850
0.0000189660
0.0000183960
0.0000180570
0.0000175620
0.0000177420
0.0000171480
0.0000174470
0.0000173090
0.0000173700
0.0000169220
0.0000183110
0.0000178090
0.0000178290
0.0000175280
0.0000172890
0.0000168570
0.0000177610
0.0000163870
0.0000163720
0.0000163240
0.0000163980
0.0000162590
0.0000163300
0.0000162900
0.0000163060
0.0000163390
0.0000163060
0.0000163130
0.0000163000
0.0000162870
0.0000162940
0.0000163130
0.0000163730
0.0000163130
0.0000163320
0.0000163020
0.0000163590
0.0000163530
0.0000164340
0.0000163640
0.0000162900
0.0000164090
0.0000163540
0.0000163680
0.0000163180
0.0000163720
0.0000260040
0.0000177080
0.0000163980
0.0000171650
0.0000163370
0.0000164050
0.0000163490
0.0000163270
0.0000163510
0.0000163410
0.0000163150
0.0000163430
0.0000163880
0.0000162990
0.0000163860
0.0000163110
0.0000162910
0.0000163510
0.0000163390
0.0000163420
0.0000164120
0.0000163340
0.0000163210
0.0000163870
0.0000163570
0.0000163950
0.0000163780
0.0000163280
0.0000164240
0.0000163920
0.0000163750
0.0000162840
0.0000163440
0.0000163850
0.0000162840
0.0000163020
0.0000163210
0.0000163200
0.0000163270
0.0000163490
0.0000163120
0.0000162820
0.0000163540
0.0000163870
0.0000163020
0.0000162800
0.0000163510
0.0000163630
0.0000163750
0.0000163820
0.0000162660
0.0000162920
0.0000163240
0.0000163010
0.0000163680
0.0000162900
0.0000163340
0.0000163580
0.0000163230
0.0000221080
0.0000164070
0.0000163170
0.0000163020
0.0000162860
0.0000163140
0.0000162680
0.0000163540
0.0000163150
0.0000163210
0.0000162730
0.0000163080
0.0000163030
0.0000162400
0.0000163250
0.0000163300
0.0000162980
0.0000163250
0.0000163530
0.0000162740
0.0000162820
0.0000162880
0.0000162870
0.0000163040
0.0000163070
0.0000163170
0.0000163150
0.0000163220
0.0000163210
0.0000163170
0.0000162610
0.0000163430
0.0000163440
0.0000163300
0.0000162610
0.0000164710
0.0000162920
0.0000163420
0.0000163240
0.0000163560
0.0000163630
0.0000163150
0.0000163160
0.0000162850
0.0000163320
0.0000163260
0.0000163880
0.0000162920
0.0000162780
0.0000162930
0.0000162980
0.0000163900
0.0000163510
0.0000163330
0.0000163540
0.0000163370
0.0000163000
0.0000163160
0.0000163300
0.0000163480
0.0000162900
0.0000163240
0.0000163150
0.0000162830
0.0000163630
0.0000163760
0.0000163260
0.0000163320
0.0000163270
0.0000163600
0.0000163030
0.0000163330
0.0000163500
0.0000163160
0.0000163420
0.0000162560
0.0000162480
0.0000163060
0.0000162860
0.0000163820
0.0000163370
0.0000163090
0.0000163590
0.0000163370
0.0000163390
0.0000163320
0.0000163300
0.0000163470
0.0000163030
0.0000163730
0.0000163050
0.0000163500
0.0000162500
0.0000163630
0.0000212360
0.0000163280
0.0000163960
0.0000163560
0.0000163180
0.0000164130
0.0000163740
0.0000163290
0.0000163450
0.0000162810
0.0000170260
0.0000180560
0.0000189590
0.0000204380
0.0000186900
0.0000171310
0.0000163470
0.0000163190
0.0000174540
0.0000163030
0.0000163710
0.0000163400
0.0000162810
0.0000162940
0.0000162960
0.0000163100
0.0000163000
0.0000162980
0.0000899930
