0.0000012280
0.0000006720
0.0000005540
0.0000003890
0.0000006680
0.0000005740
0.0000005440
0.0000003730
0.0000005520
0.0000005660
0.0000008830
0.0000004630
0.0000003600
0.0000003920
0.0000003780
0.0000003870
0.0000003410
0.0000003870
0.0000003680
0.0000003750
0.0000011640
0.0000006310
0.0000003650
0.0000003960
0.0000004570
0.0000003820
0.0000003570
0.0000003790
0.0000003570
0.0000003780
0.0000009520
0.0000006180
0.0000003650
0.0000003890
0.0000004460
0.0000003920
0.0000003560
0.0000003720
0.0000003660
0.0000003780
0.0000015300
0.0000006510
0.0000003550
0.0000003930
0.0000004520
0.0000003920
0.0000003560
0.0000003760
0.0000003570
0.0000003800
0.0000011040
0.0000007440
0.0000003690
0.0000004050
0.0000004730
0.0000003910
0.0000003560
0.0000003770
0.0000003730
0.0000003950
0.0000009110
0.0000007180
0.0000004000
0.0000004020
0.0000004700
0.0000003940
0.0000003570
0.0000003920
0.0000003750
0.0000003980
0.0000010270
0.0000006130
0.0000003690
0.0000003850
0.0000004510
0.0000003800
0.0000003570
0.0000003790
0.0000003590
0.0000003740
0.0000009680
0.0000007030
0.0000004060
0.0000003990
0.0000003870
0.0000003980
0.0000003540
0.0000003900
0.0000003700
0.0000003800
0.0000008200
0.0000006580
0.0000003690
0.0000003970
0.0000004530
0.0000003980
0.0000003490
0.0000003960
0.0000003660
0.0000003950
