0.0000108180
0.0000041380
0.0000040920
0.0000041230
0.0000040670
0.0000053770
0.0000052060
0.0000047950
0.0000052940
0.0000059540
0.0000051340
0.0000049780
0.0000051340
0.0000052040
0.0000051400
0.0000054070
0.0000054410
0.0000058930
0.0000046620
0.0000047310
0.0000051090
0.0000057920
0.0000062620
0.0000048840
0.0000058260
0.0000053770
0.0000051000
0.0000050580
0.0000051070
0.0000048600
0.0000052140
0.0000049830
0.0000051890
0.0000047400
0.0000044690
0.0000051420
0.0000050870
0.0000049260
0.0000056830
0.0000051800
0.0000048240
0.0000052850
0.0000054670
0.0000054470
0.0000051010
0.0000051230
0.0000051960
0.0000049550
0.0000054900
0.0000054380
0.0000053160
0.0000056210
0.0000052640
0.0000045630
0.0000044570
0.0000045950
0.0000053460
0.0000044550
0.0000051250
0.0000052500
0.0000053490
0.0000053860
0.0000056910
0.0000047950
0.0000057850
0.0000053280
0.0000053090
0.0000053730
0.0000055830
0.0000052330
0.0000053800
0.0000058090
0.0000053960
0.0000047470
0.0000051620
0.0000050730
0.0000048300
0.0000042090
0.0000041490
0.0000040730
0.0000041250
0.0000040640
0.0000040610
0.0000040640
0.0000040690
0.0000041260
0.0000049280
0.0000041600
0.0000043960
0.0000044200
0.0000041450
0.0000055110
0.0000058280
0.0000058270
0.0000057180
0.0000050700
0.0000047440
0.0000045580
0.0000043690
0.0000040750
0.0000040750
0.0000040820
0.0000040960
0.0000040570
0.0000040730
0.0000040750
0.0000040670
0.0000041610
0.0000040770
0.0000040680
0.0000040610
0.0000040850
0.0000041250
0.0000040600
0.0000040980
0.0000040660
0.0000041320
0.0000040670
0.0000040770
0.0000040910
0.0000041120
0.0000041190
0.0000040500
0.0000049340
0.0000049400
0.0000045830
0.0000040680
0.0000040610
0.0000040610
0.0000040520
0.0000040800
0.0000040540
0.0000040840
0.0000042560
0.0000042730
0.0000042180
0.0000040660
0.0000040590
0.0000059090
0.0000061260
0.0000053940
0.0000059560
0.0000049240
0.0000051260
0.0000054740
0.0000053760
0.0000054190
0.0000047130
0.0000053780
0.0000053850
0.0000059870
0.0000054580
0.0000052320
0.0000052570
0.0000048470
0.0000043270
0.0000041470
0.0000040600
0.0000044650
0.0000041500
0.0000041150
0.0000041100
0.0000040660
0.0000040800
0.0000040680
0.0000040640
0.0000044930
0.0000051360
0.0000049470
0.0000040550
0.0000040570
0.0000041200
0.0000040860
0.0000040680
0.0000040720
0.0000046070
0.0000050900
0.0000058590
0.0000058790
0.0000053520
0.0000049420
0.0000050360
0.0000058990
0.0000052490
0.0000053310
0.0000046700
0.0000047980
0.0000053370
0.0000048540
0.0000047900
0.0000051060
0.0000045800
0.0000050810
0.0000052520
0.0000045740
0.0000052500
0.0000051820
0.0000052950
0.0000050210
0.0000051650
0.0000049270
0.0000051470
0.0000050590
0.0000050770
0.0000051730
0.0000050110
0.0000056480
0.0000046220
0.0000045510
0.0000053140
0.0000044450
0.0000051400
0.0000056950
0.0000054720
0.0000050850
0.0000050380
0.0000053250
0.0000048120
0.0000050770
0.0000048410
0.0000054960
0.0000054260
0.0000046360
0.0000051620
0.0000045250
0.0000054080
0.0000047200
0.0000052480
0.0000053170
0.0000053080
0.0000049540
0.0000054160
0.0000054140
0.0000047340
0.0000050980
0.0000052520
0.0000051690
0.0000056900
0.0000048840
0.0000058720
0.0000051950
0.0000050080
0.0000053690
0.0000051800
0.0000053630
0.0000051520
0.0000047510
0.0000057270
0.0000053550
0.0000052590
0.0000056380
0.0000046330
0.0000231330
