0.0000003820
0.0000001050
0.0000001040
0.0000060950
0.0000000770
0.0000000800
0.0000000750
0.0000000890
0.0000000770
0.0000000770
0.0000000780
0.0000000770
0.0000000860
0.0000000800
0.0000000770
0.0000000860
0.0000000790
0.0000000790
0.0000000740
0.0000000780
0.0000000760
0.0000000830
0.0000000810
0.0000001100
0.0000000790
0.0000000730
0.0000000800
0.0000000810
0.0000000750
0.0000000770
0.0000000830
0.0000000770
0.0000000770
0.0000000740
0.0000000760
0.0000001120
0.0000000810
0.0000000760
0.0000000790
0.0000000770
0.0000000830
0.0000000780
0.0000000770
0.0000000810
0.0000000760
0.0000000780
0.0000000770
0.0000000770
0.0000000770
0.0000000780
0.0000000810
0.0000000790
0.0000000740
0.0000000800
0.0000000780
0.0000000780
0.0000000740
0.0000000780
0.0000000780
0.0000000780
0.0000000780
0.0000000800
0.0000000780
0.0000000820
0.0000001150
0.0000000800
0.0000000790
0.0000000800
0.0000000840
0.0000000810
0.0000000830
0.0000000830
0.0000000800
0.0000000810
0.0000000850
0.0000000860
0.0000000810
0.0000000810
0.0000000800
0.0000000810
0.0000000900
0.0000000840
0.0000000860
0.0000000810
0.0000000830
0.0000000790
0.0000000850
0.0000000870
0.0000000820
0.0000000810
0.0000000800
0.0000000810
0.0000000850
0.0000000810
0.0000000860
0.0000000830
0.0000000820
0.0000000840
0.0000000790
0.0000000790
0.0000000830
0.0000000850
0.0000000800
0.0000000810
0.0000000850
0.0000000780
0.0000000880
0.0000000810
0.0000000850
0.0000000820
0.0000000800
0.0000000790
0.0000000810
0.0000000880
0.0000000830
0.0000000830
0.0000000840
0.0000000870
0.0000000820
0.0000000810
0.0000000810
0.0000000810
0.0000000800
0.0000000860
0.0000002880
0.0000029420
0.0000000800
0.0000000790
0.0000000790
0.0000000800
0.0000000770
0.0000000780
0.0000000780
0.0000000770
0.0000000810
0.0000000830
0.0000000790
0.0000000790
0.0000000800
0.0000000810
0.0000000770
0.0000000790
0.0000000820
0.0000000780
0.0000000880
0.0000000790
0.0000000790
0.0000000820
0.0000000810
0.0000000780
0.0000000780
0.0000000800
0.0000000780
0.0000000810
0.0000000810
0.0000000820
0.0000000810
0.0000000810
0.0000000790
0.0000000780
0.0000000790
0.0000000800
0.0000000840
0.0000000820
0.0000000820
0.0000000740
0.0000000790
0.0000000770
0.0000000760
0.0000000790
0.0000000810
0.0000000760
0.0000000760
0.0000000830
0.0000000800
0.0000000790
0.0000000780
0.0000000770
0.0000000770
0.0000000790
0.0000000820
0.0000000770
0.0000000810
0.0000000790
0.0000000820
0.0000000760
0.0000000820
0.0000000820
0.0000000820
0.0000000820
0.0000000780
0.0000000780
0.0000000800
0.0000000790
0.0000000770
0.0000000800
0.0000000810
0.0000000760
0.0000000770
0.0000000790
0.0000000800
0.0000000780
0.0000000820
0.0000000780
0.0000000820
0.0000000790
0.0000000800
0.0000000820
0.0000000820
0.0000000780
0.0000000830
0.0000000780
0.0000000820
0.0000000780
0.0000000780
0.0000000820
0.0000000810
0.0000000790
0.0000000770
0.0000000770
0.0000000810
0.0000000820
0.0000000790
0.0000000780
0.0000000810
0.0000000780
0.0000000800
0.0000000750
0.0000000800
0.0000000760
0.0000000820
0.0000000820
0.0000000770
0.0000000810
0.0000000790
0.0000000820
0.0000000810
0.0000000820
0.0000000760
0.0000000770
0.0000000770
0.0000000820
0.0000000820
0.0000000780
0.0000000820
0.0000000770
0.0000000780
0.0000000930
0.0000000880
0.0000000800
0.0000000780
0.0000000810
0.0000004410
