0.0252878900
0.0151017570
0.0150745590
0.0150449630
0.0152737000
0.0162186430
0.0150733120
0.0147843270
0.0148354920
0.0147542440
0.0150386490
0.0150488020
0.0150960930
0.0148069480
0.0148375220
0.0150130170
0.0151539370
0.0151034190
0.0149982340
0.0152425600
0.0152060750
0.0152814070
0.0152342380
0.0151636660
0.0151461440
0.0152958620
0.0161138040
0.0153238940
0.0150233730
0.0149923400
0.0150383300
0.0149591460
0.0152319160
0.0275718700
0.0155331140
0.0149902160
0.0153608700
0.0152162900
0.0152169900
0.0150798910
0.0155012370
0.0149028720
0.0148803220
0.0234056530
0.0151288880
0.0151633810
0.0150148570
0.0151726740
0.0151594040
0.0150646290
0.0151764530
0.0151585130
0.0160245860
0.0157736200
0.0153234730
0.0152347520
0.0220116730
0.0149604410
0.0149303920
0.0149751330
0.0150481150
0.0150508830
0.0151210800
0.0149581050
0.0150204090
0.0179651980
0.0156572940
0.0151071800
0.0150997150
0.0148361630
0.0150464980
0.0151141030
0.0152065160
0.0151732280
0.0151118560
0.0151583810
0.0149615610
0.0149985110
0.0150149280
0.0149698460
0.0150066860
0.0152192360
0.0152075250
0.0152512090
0.0152397010
0.0194741370
0.0148826360
0.0148725870
0.0150551400
0.0149592560
0.0150551490
0.0149280890
0.0149766980
0.0150187020
0.0150980890
0.0150966250
0.0152062360
0.0149787890
0.0150210180
0.0151338010
0.0152032270
0.0152026290
0.0149610400
0.0150154620
0.0150054800
0.0150100400
0.0150409160
0.0150762150
0.0154171210
0.0152557150
0.0153691920
0.0153428740
0.0155218900
0.0174884630
0.0149652110
0.0149810760
0.0151926650
0.0153005910
0.0153374820
0.0150485770
0.0150857790
0.0151670720
0.0153067780
0.0153640900
0.0188930990
0.0151140940
0.0150872910
0.0151700530
0.0176416340
0.0151718640
0.0149305060
0.0229638590
0.0153221590
0.0152472480
0.0152585270
0.0151428930
0.0151862840
0.0153670190
0.0154700060
0.0152522440
0.0149246910
0.0148823790
0.0149387310
0.0149789700
0.0151845190
0.0152810250
0.0152245560
0.0150819100
0.0149663670
0.0150803490
0.0153259660
0.0153572770
0.0153132580
0.0151501730
0.0151436010
0.0275607920
0.0151363800
0.0149968810
0.0151232230
0.0152332990
0.0153890510
0.0151814480
0.0152386170
0.0151713770
0.0153299520
0.0151858870
0.0188469780
0.0153434100
0.0151303820
0.0206585450
0.0151699050
0.0179232490
0.0152014780
0.0153640650
0.0154028760
0.0151602040
0.0151947860
0.0151445180
0.0152295620
0.0153470750
0.0153593830
0.0153044380
0.0150891430
0.0157598530
0.0153120130
0.0276113570
0.0151559500
0.0151170840
0.0151808780
0.0152178970
0.0151689950
0.0153148330
0.0152084330
0.0152067690
0.0151865800
0.0154628560
0.0151990260
0.0151164230
0.0152187150
0.0152755080
0.0153073220
0.0154304870
0.0154956190
0.0153260850
0.0156939030
0.0152907560
0.0152527410
0.0152960940
0.0152994810
0.0150541980
0.0155245050
0.0152716920
0.0153071310
0.0153189610
0.0151242430
0.0152444610
0.0154337860
0.0163765360
0.0150001810
0.0151558880
0.0151184110
0.0151684650
0.0152346350
0.0153027540
0.0152120070
0.0151405170
0.0152531620
0.0152100950
0.0154251870
0.0155172800
0.0152100330
0.0151274480
0.0150613280
0.0161604540
0.0152462050
0.0152715150
0.0187853820
0.0151429800
0.0150739520
0.0152141990
0.0153276670
0.0153233940
0.0150917100
0.0276022540
0.0150656130
0.0151563730
0.0149916080
0.0152246570
0.0152299980
0.0152386540
0.0152246260
0.0154628620
