0.0000004370
0.0000001990
0.0000001590
0.0000001570
0.0000001410
0.0000001420
0.0000001560
0.0000001510
0.0000001520
0.0000001400
0.0000001440
0.0000001430
0.0000001580
0.0000001790
0.0000001320
0.0000001300
0.0000001360
0.0000001340
0.0000001510
0.0000001520
0.0000001440
0.0000001630
0.0000001480
0.0000001890
0.0000001470
0.0000002080
0.0000001540
0.0000001540
0.0000001610
0.0000001390
0.0000001470
0.0000001430
0.0000001520
0.0000001450
0.0000001580
0.0000001400
0.0000001430
0.0000001430
0.0000001530
0.0000001460
0.0000001530
0.0000001320
0.0000001280
0.0000001390
0.0000001300
0.0000001410
0.0000001430
0.0000001480
0.0000001430
0.0000001440
0.0000001440
0.0000001380
0.0000001400
0.0000001440
0.0000001990
0.0000001440
0.0000006670
0.0000001680
0.0000001570
0.0000001380
0.0000001400
0.0000001420
0.0000001480
0.0000001310
0.0000001370
0.0000001390
0.0000001400
0.0000001390
0.0000001660
0.0000001660
0.0000001320
0.0000001370
0.0000001470
0.0000001420
0.0000001410
0.0000001410
0.0000001390
0.0000001490
0.0000001390
0.0000001350
0.0000001360
0.0000001370
0.0000001390
0.0000001360
0.0000001330
0.0000001350
0.0000001380
0.0000001280
0.0000001370
0.0000001340
0.0000001320
0.0000001250
0.0000001270
0.0000001280
0.0000001340
0.0000001250
0.0000001310
0.0000001330
0.0000001230
0.0000001360
0.0000001290
0.0000001430
0.0000001290
0.0000001350
0.0000001300
0.0000001420
0.0000001300
0.0000001310
0.0000001280
0.0000001300
0.0000001290
0.0000001270
0.0000001380
0.0000001430
0.0000001400
0.0000001480
0.0000001510
0.0000001790
0.0000001520
0.0000001390
0.0000001310
0.0000001370
0.0000001420
0.0000001350
0.0000001370
0.0000001340
0.0000001420
0.0000001380
0.0000001390
0.0000001440
0.0000001300
0.0000001290
0.0000001320
0.0000001400
0.0000001390
0.0000001380
0.0000001460
0.0000001390
0.0000001460
0.0000001410
0.0000001450
0.0000001410
0.0000001300
0.0000001490
0.0000001510
0.0000001400
0.0000001420
0.0000001390
0.0000001320
0.0000001410
0.0000001380
0.0000001370
0.0000001420
0.0000001250
0.0000001400
0.0000001440
0.0000001350
0.0000001370
0.0000001210
0.0000001310
0.0000001260
0.0000001300
0.0000001390
0.0000001400
0.0000001450
0.0000001350
0.0000001420
0.0000001400
0.0000001420
0.0000001430
0.0000001350
0.0000001480
0.0000001460
0.0000001460
0.0000001490
0.0000001380
0.0000001390
0.0000001390
0.0000001430
0.0000001410
0.0000004540
0.0000001320
0.0000001370
0.0000001390
0.0000001390
0.0000001390
0.0000001300
0.0000001380
0.0000001240
0.0000001310
0.0000001380
0.0000001390
0.0000001470
0.0000001380
0.0000001450
0.0000001440
0.0000001410
0.0000001420
0.0000001270
0.0000001450
0.0000001410
0.0000001470
0.0000001490
0.0000001410
0.0000001280
0.0000001390
0.0000001360
0.0000001410
0.0000001360
0.0000001290
0.0000001330
0.0000001350
0.0000001400
0.0000001400
0.0000001340
0.0000001350
0.0000001290
0.0000001310
0.0000001360
0.0000001400
0.0000001390
0.0000001370
0.0000001390
0.0000001470
0.0000001510
0.0000001510
0.0000001340
0.0000001420
0.0000001380
0.0000001470
0.0000001470
0.0000001500
0.0000001300
0.0000001350
0.0000001360
0.0000001430
0.0000001470
0.0000001410
0.0000001420
0.0000001350
0.0000001380
0.0000001380
0.0000001420
0.0000001540
0.0000001380
0.0000001290
0.0000001460
0.0000001460
0.0000001400
0.0000001440
0.0000001370
0.0000001430
0.0000007450
