0.0357112920
0.0357206810
0.0357325200
0.0357134480
0.0357522950
0.0357122580
0.0357092780
0.0357208780
0.0357024870
0.0357216980
0.0357581940
0.0357218090
0.0357464270
0.0357442070
0.0357352280
0.0357268630
0.0357241270
0.0357154990
0.0357495140
0.0357220400
0.0357215490
0.0357179690
0.0357162310
0.0357502180
0.0357417510
0.0357331040
0.0357310560
0.0357309810
0.0357176720
0.0357502250
0.0357215480
0.0357404970
0.0357373410
0.0357436740
0.0357512170
0.0357267920
0.0357205570
0.0357577050
0.0357507140
0.0357121130
0.0357447920
0.0357363170
0.0357173380
0.0357200790
0.0357481180
0.0357136910
0.0357089210
0.0357305400
0.0357483240
0.0357201690
