0.0000581850
0.0000579610
0.0000579090
0.0000578800
0.0000579530
0.0000579580
0.0000578660
0.0000579800
0.0000579180
0.0000424480
0.0000583530
0.0000580300
0.0000584100
0.0000579820
0.0000581120
0.0000581420
0.0000579900
0.0000583320
0.0000579300
0.0000580680
0.0000578200
0.0000583110
0.0000579290
0.0000455430
0.0000578700
0.0000579310
0.0000579400
0.0000583830
0.0000548280
0.0000579330
0.0000582930
0.0000579890
0.0000584610
0.0000580000
0.0000583570
0.0000581590
0.0000580690
0.0000580190
0.0000580410
0.0000601090
0.0000583310
0.0000581030
0.0000580180
0.0000540990
0.0000581110
0.0000577420
0.0000581600
0.0000583490
0.0000580470
0.0000580520
