0.0011985480
0.0012022220
0.0011989460
0.0011936420
0.0011498450
0.0011956930
0.0010530070
0.0011970530
0.0011972160
0.0012007250
0.0011995670
0.0010530000
0.0011958070
0.0011985290
0.0011976630
0.0012000640
0.0010529760
0.0011945250
0.0011969820
0.0011968970
0.0011982830
0.0011972060
0.0011998460
0.0011877230
0.0011891560
0.0011889010
0.0010529760
0.0011899740
0.0011879140
0.0011862540
0.0011952360
0.0011949980
0.0012005650
0.0011847680
0.0011827410
0.0011894750
0.0010530600
0.0011862750
0.0011902890
0.0011863460
