0.0000582450
0.0000581320
0.0000580310
0.0000580300
0.0000581360
0.0000527290
0.0000580620
0.0000579930
0.0000581890
0.0000580110
0.0000579630
0.0000551590
0.0000552790
0.0000551890
0.0000580360
0.0000581830
0.0000580640
0.0000580590
0.0000580600
0.0000580280
0.0000580190
0.0000582610
0.0000547380
0.0000581310
0.0000581990
0.0000580460
0.0000580940
0.0000582770
0.0000582070
0.0000589670
0.0000581500
0.0000546620
0.0000583130
0.0000546900
0.0000581470
0.0000551180
0.0000581010
0.0000581400
0.0000522620
0.0000584410
0.0000451850
0.0000581100
0.0000583260
0.0000580660
0.0000584510
0.0000581100
0.0000552870
0.0000580720
0.0000547570
0.0000581580
0.0000580120
0.0000582180
0.0000579870
0.0000580090
0.0000580320
0.0000579170
0.0000292650
0.0000582000
0.0000580220
0.0000552450
0.0000581730
0.0000579880
0.0000580810
0.0000579710
0.0000581490
0.0000580410
0.0000581980
0.0000580600
0.0000581870
0.0000580850
0.0000573910
0.0000581100
0.0000579980
0.0000581400
0.0000582290
0.0000580510
0.0000580800
0.0000581380
0.0000581980
0.0000580790
0.0000584390
0.0000581890
0.0000586610
0.0000584990
0.0000582400
0.0000583480
0.0000585390
0.0000585500
0.0000588170
0.0000585270
0.0000580040
0.0000584310
0.0000581200
0.0000580410
0.0000580430
0.0000579600
0.0000581370
0.0000579980
0.0000432120
0.0000580020
