0.0000581890
0.0000579980
0.0000582610
0.0000583350
0.0000580240
0.0000583620
0.0000579590
0.0000584210
0.0000580180
0.0000580490
0.0000582320
0.0000580200
0.0000346480
0.0000580100
0.0000579890
0.0000580210
0.0000581520
0.0000579580
0.0000581080
0.0000268290
0.0000596300
0.0000579390
0.0000581280
0.0000579600
0.0000582000
0.0000581200
0.0000579510
0.0000584850
0.0000579270
0.0000550800
0.0000579100
0.0000579410
0.0000579120
0.0000583700
0.0000579260
0.0000578990
0.0000579090
0.0000580200
0.0000580280
0.0000579710
0.0000585690
0.0000584470
0.0000581780
0.0000582600
0.0000581500
0.0000580680
0.0000582600
0.0000582220
0.0000582920
0.0000584010
0.0000583450
0.0000580680
0.0000584210
0.0000580700
0.0000584160
0.0000578150
0.0000581320
0.0000584800
0.0000579900
0.0000581810
0.0000592030
0.0000579570
0.0000581350
0.0000580210
0.0000582440
0.0000592890
0.0000583500
0.0000581710
0.0000579100
0.0000580310
0.0000578620
0.0000581000
0.0000582360
0.0000581300
0.0000581450
0.0000581310
0.0000581100
0.0000579970
0.0000580170
0.0000580550
0.0000578140
0.0000582900
0.0000581800
0.0000581480
0.0000580320
0.0000583630
0.0000584200
0.0000580110
0.0000580920
0.0000552980
0.0000580250
0.0000580490
0.0000580880
0.0000634790
0.0000582510
0.0000554070
0.0000580790
0.0000581810
0.0000550990
0.0000583720
