0.0014051120
0.0014252890
0.0014420740
0.0014000300
0.0014144410
0.0014272620
0.0014351500
0.0013994470
0.0014110310
0.0014341580
0.0014470950
0.0014368310
0.0014225830
0.0013995590
0.0014130590
0.0014164480
0.0014020810
0.0014171800
0.0014240030
0.0014403910
0.0014229960
0.0014026100
0.0014075470
0.0013985800
0.0014021940
0.0014259680
0.0014081460
0.0014477690
0.0014191080
0.0014224970
0.0014518120
0.0014408230
0.0014183930
0.0014470060
0.0014333720
0.0014516610
0.0014322100
0.0014020710
0.0014334490
0.0014118490
0.0014357520
0.0014361740
0.0014103940
0.0014164320
0.0014067480
0.0014412260
0.0014063260
0.0014298820
0.0014531110
0.0014244650
