0.0000579710
0.0000579300
0.0000583160
0.0000580500
0.0000578920
0.0000582570
0.0000582180
0.0000395900
0.0000582000
0.0000580660
0.0000807500
0.0000579460
0.0000580710
0.0000580110
0.0000550600
0.0000582380
0.0000579390
0.0000582500
0.0000583290
0.0000549200
0.0000581320
0.0000581300
0.0000579690
0.0000583400
0.0000582270
0.0000582330
0.0000580480
0.0000585320
0.0000585790
0.0000584130
0.0000583220
0.0000583490
0.0000581400
0.0000581570
0.0000580290
0.0000581880
0.0000579700
0.0000581270
0.0000583300
0.0000580080
0.0000554320
0.0000583890
0.0000581800
0.0000582900
0.0000585990
0.0000582260
0.0000583880
0.0000581900
0.0000582410
0.0000584880
