0.0001143520
0.0001115610
0.0001144600
0.0001144640
0.0001145200
0.0001144410
0.0001145330
0.0001149300
0.0001145730
0.0001150220
0.0001151510
0.0001151950
0.0001149880
0.0001150180
0.0001147080
0.0001146340
0.0001147400
0.0001147490
0.0001146870
0.0001146600
0.0001145540
0.0001146460
0.0001146010
0.0001145290
0.0001146550
0.0001113460
0.0001145680
0.0001147460
0.0001145930
0.0001146090
0.0001149830
0.0001142450
0.0001144520
0.0000972560
0.0001146070
0.0001145300
0.0001145520
0.0001145410
0.0001152480
0.0001144170
0.0001151470
0.0001153760
0.0001185070
0.0001156100
0.0001148670
0.0001146070
0.0000859450
0.0001148080
0.0001147690
0.0001146580
0.0000895860
0.0001151940
0.0001151060
0.0001150480
0.0001146970
0.0001145920
0.0001146650
0.0001149250
0.0001145570
0.0001148170
0.0001148800
0.0001148770
0.0001115010
0.0001146470
0.0001288670
0.0001149090
0.0001148820
0.0001148070
0.0001146760
0.0001145930
0.0001288500
0.0001149520
0.0001145730
0.0001145880
0.0001149180
0.0001145370
0.0001145770
0.0001149270
0.0001245980
0.0001149350
0.0001147030
0.0001148940
0.0001151870
0.0001146650
0.0001146560
0.0001146290
0.0001152660
0.0001148360
0.0001155910
0.0001146150
0.0001146770
0.0001143090
0.0001148630
0.0001144340
0.0001147520
0.0001144180
0.0001078980
0.0001151510
0.0001125220
0.0001144690
