0.0012042780
0.0011977170
0.0010529870
0.0011942900
0.0011956750
0.0010529440
0.0011939440
0.0011948580
0.0010529490
0.0011941580
0.0011984790
0.0011948910
0.0011969850
0.0010529640
0.0010528160
0.0011926450
0.0010528910
0.0011929010
0.0011962420
0.0010529680
0.0010530550
0.0010525120
0.0011964840
0.0010525210
0.0010529010
0.0011954950
0.0011961920
0.0010529270
0.0011942910
0.0010525680
0.0010529090
0.0010529280
0.0010525540
0.0010526640
0.0010527740
0.0010525530
0.0010526770
0.0010525730
0.0010526200
0.0010526530
