0.0089694510
0.0089696010
0.0089456910
0.0089630750
0.0089413570
0.0089806060
0.0089347580
0.0089558250
0.0089456120
0.0089407180
0.0089526770
0.0089563710
0.0089539360
0.0089314380
0.0089373050
0.0089323190
0.0089656070
0.0089738160
0.0089830160
0.0089561390
0.0089514210
0.0089519190
0.0089803770
0.0089418000
0.0089593000
0.0089548250
0.0089702560
0.0089462070
0.0089786310
0.0089605790
0.0089469070
0.0089545920
0.0089604340
0.0089321500
0.0089478060
0.0089411470
0.0089611850
0.0089451880
0.0089815410
0.0089304990
0.0089851710
0.0089500860
0.0089374400
0.0089503820
0.0089564300
0.0089850500
0.0089603450
0.0089715410
0.0089565320
0.0089397260
0.0089531780
0.0089489610
0.0089547150
0.0089325630
0.0089616050
0.0089634080
0.0089723360
0.0089566210
0.0089496180
0.0089779370
0.0089786010
0.0089384010
0.0089525140
0.0089631190
0.0089782200
0.0089671640
0.0089500190
0.0089385620
0.0089386280
0.0089837420
0.0089856080
0.0089821830
0.0089736980
0.0089780570
0.0089646440
0.0089399750
0.0089829380
0.0089711980
0.0089547850
0.0089679180
0.0089469600
0.0089778750
0.0089784420
0.0089504650
0.0089803700
0.0089429220
0.0089779480
0.0089370740
0.0089832500
0.0089824700
0.0089321980
0.0089552720
0.0089356510
0.0089477450
0.0089675940
0.0089353210
0.0089332320
0.0089547080
0.0089789970
0.0089397990
