0.0112079450
0.0112043600
0.0111888640
0.0111630300
0.0111908680
0.0111658700
0.0111978740
0.0111999580
0.0111865010
0.0112080680
0.0112004260
0.0111635870
0.0112125060
0.0112048010
0.0111626270
0.0112105890
0.0112018640
0.0112053960
0.0111823480
0.0112036070
0.0112095530
0.0111879210
0.0111690530
0.0112023180
0.0111749650
0.0112000280
0.0111839750
0.0111984630
0.0112133030
0.0111791510
0.0111604450
0.0112157720
0.0111700710
0.0112118900
0.0111783840
0.0111600590
0.0111840070
0.0111851780
0.0111886910
0.0111778580
0.0111622830
0.0111764200
0.0112043680
0.0111644800
0.0111630600
0.0112064000
0.0111850210
0.0111957110
0.0111973900
0.0111973930
