0.0044866780
0.0044814950
0.0044826650
0.0045230050
0.0044711770
0.0044952450
0.0044749910
0.0044837220
0.0044899730
0.0045188320
0.0045171350
0.0045185850
0.0045016190
0.0045075130
0.0044880830
0.0045011370
0.0045055530
0.0044991560
0.0044742640
0.0044841040
0.0044830390
0.0044896740
0.0044831580
0.0045008350
0.0045005230
0.0044770680
0.0044684540
0.0044870270
0.0044879330
0.0045225890
0.0044861610
0.0044787800
0.0044703140
0.0044842720
0.0044824120
0.0045182010
0.0044687220
0.0045062130
0.0044743430
0.0044684140
0.0044934410
0.0044684820
0.0045225790
0.0045048810
0.0044927500
0.0044983770
0.0044859450
0.0044816390
0.0044903060
0.0045052510
0.0044772310
0.0045182280
0.0044728020
0.0044810190
0.0044746530
0.0044729390
0.0045183350
0.0045201420
0.0044917600
0.0044941030
0.0045144690
0.0044706220
0.0045009360
0.0045006960
0.0045055060
0.0045144840
0.0044773620
0.0044805660
0.0044771140
0.0045186760
0.0044931360
0.0044858750
0.0045126180
0.0044750610
0.0044809570
0.0044793620
0.0045138500
0.0044782280
0.0045140100
0.0045012030
0.0044892530
0.0044991740
0.0044733630
0.0044769550
0.0044711050
0.0045120830
0.0044902360
0.0045059470
0.0045223050
0.0044749000
0.0045155050
0.0045166170
0.0044945910
0.0045111060
0.0044707960
0.0045027360
0.0044753950
0.0044766440
0.0044724290
0.0044859710
