0.0011992000
0.0011933410
0.0010530230
0.0011952150
0.0010530460
0.0010556700
0.0011949310
0.0011947170
0.0011935290
0.0010553610
0.0011947270
0.0011962720
0.0010530510
0.0011953580
0.0011953220
0.0011957330
0.0011985190
0.0010552650
0.0011965520
0.0011963960
0.0011969930
0.0011999650
0.0010530600
0.0011955670
0.0011971140
0.0011945730
0.0011975980
0.0010553970
0.0011943910
0.0010543100
0.0011970100
0.0011954280
0.0010530540
0.0011868880
0.0011889830
0.0011865990
0.0011867850
0.0010555150
0.0011876320
0.0010530630
