0.0010531660
0.0011949470
0.0011950100
0.0010869430
0.0011945840
0.0011945730
0.0011951560
0.0011966570
0.0011942430
0.0011942140
0.0011995570
0.0011992830
0.0011968580
0.0011945600
0.0011965880
0.0011973770
0.0011965710
0.0011972250
0.0010529740
0.0011945290
0.0010531940
0.0011951870
0.0011955780
0.0011626480
0.0011963470
0.0011997990
0.0011969840
0.0011951700
0.0011964600
0.0010868500
0.0010554700
0.0010525410
0.0010530390
0.0010525140
0.0011989160
0.0010744740
0.0011953700
0.0011945690
0.0012052350
0.0011951430
