0.0003404760
0.0002841600
0.0002855370
0.0003169050
0.0002841490
0.0002843440
0.0002984620
0.0002841430
0.0002842680
0.0003420300
0.0003408870
0.0003339570
0.0003397580
0.0003017040
0.0003399400
0.0003376480
0.0003101240
0.0003376480
0.0003375900
0.0002845680
0.0003405160
0.0003376820
0.0002848410
0.0003030690
0.0003402900
0.0003400940
0.0002982900
0.0003420970
0.0003376270
0.0003375270
0.0003371140
0.0003343200
0.0003401610
0.0002900610
0.0002849880
0.0003375380
0.0003344750
0.0003186160
0.0003351320
0.0002850340
0.0003406910
0.0002851220
0.0003101170
0.0003375340
0.0003404130
0.0003379670
0.0003203760
0.0003377400
0.0003375770
0.0003367680
0.0003402360
0.0003374970
0.0003399960
0.0003375720
0.0002882720
0.0003373510
0.0003399360
0.0003371520
0.0003362380
0.0003377400
0.0003401590
0.0003401400
0.0003378400
0.0003401600
0.0003161650
0.0003375230
0.0003376030
0.0003376480
0.0003235400
0.0003402190
0.0003404170
0.0003378180
0.0003378840
0.0002849400
0.0002842540
0.0003270290
0.0003344570
0.0002841720
0.0003295610
0.0003378690
0.0003400920
0.0002942710
0.0003262990
0.0003397090
0.0002851420
0.0003268850
0.0003376270
0.0003403730
0.0003373960
0.0003049500
0.0003232980
0.0003119500
0.0003377190
0.0003405530
0.0003400840
0.0003404330
0.0003377080
0.0002902360
0.0002840150
0.0003403810
