0.0000582220
0.0000580310
0.0000583270
0.0000580370
0.0000580630
0.0000581100
0.0000581110
0.0000580890
0.0000580480
0.0000568280
0.0000580090
0.0000581040
0.0000265090
0.0000583810
0.0000578690
0.0000581020
0.0000581200
0.0000580520
0.0000583820
0.0000580090
0.0000579350
0.0000580580
0.0000578610
0.0000585190
0.0000584960
0.0000581790
0.0000580620
0.0000585400
0.0000583950
0.0000584100
0.0000581910
0.0000581710
0.0000581210
0.0000581320
0.0000584610
0.0000581220
0.0000580980
0.0000581300
0.0000588600
0.0000581700
0.0000578940
0.0000583000
0.0000581300
0.0000581380
0.0000580730
0.0000584610
0.0000580800
0.0000584320
0.0000578870
0.0000579140
