0.0022643680
0.0022899090
0.0022750790
0.0022696460
0.0022418830
0.0022698820
0.0022662510
0.0022483960
0.0022550520
0.0022897790
0.0022448210
0.0022927920
0.0022635710
0.0022745720
0.0022684890
0.0022677310
0.0022920470
0.0022834480
0.0022681290
0.0022457900
0.0022516580
0.0022637320
0.0022439440
0.0022698470
0.0022681460
0.0022410910
0.0022417030
0.0022701700
0.0022745370
0.0022436290
0.0022558510
0.0022603010
0.0022615040
0.0022682820
0.0022854730
0.0022664030
0.0022379510
0.0022549100
0.0022808530
0.0022697680
0.0022580450
0.0022617110
0.0022459960
0.0022746730
0.0022619930
0.0022761210
0.0022526160
0.0022568520
0.0022399290
0.0022454530
