0.0000581330
0.0000581490
0.0000581150
0.0000582270
0.0000579800
0.0000581100
0.0000580800
0.0000581400
0.0000577370
0.0000581170
0.0000582190
0.0000579200
0.0000581240
0.0000579690
0.0000579210
0.0000579200
0.0000579770
0.0000581690
0.0000581700
0.0000579180
0.0000611800
0.0000584250
0.0000580430
0.0000581030
0.0000580190
0.0000580190
0.0000579580
0.0000580580
0.0000584760
0.0000581100
0.0000578460
0.0000578990
0.0000578760
0.0000579280
0.0000578380
0.0000819390
0.0000578190
0.0000579670
0.0000579820
0.0000578210
0.0000586340
0.0000581780
0.0000583380
0.0000581390
0.0000581090
0.0000582310
0.0000582770
0.0000581580
0.0000581900
0.0000582180
0.0000582820
0.0000579670
0.0000580490
0.0000580100
0.0000553610
0.0000580410
0.0000581880
0.0000580510
0.0000580480
0.0000579510
0.0000579620
0.0000625200
0.0000580450
0.0000579310
0.0000579570
0.0000580460
0.0000580180
0.0000580980
0.0000580700
0.0000580700
0.0000562000
0.0000582490
0.0000581290
0.0000581200
0.0000583810
0.0000580890
0.0000583070
0.0000580170
0.0000583100
0.0000580690
0.0000580990
0.0000583650
0.0000577690
0.0000583910
0.0000581600
0.0000728890
0.0000580810
0.0000581190
0.0000581780
0.0000581590
0.0000579580
0.0000581370
0.0000580720
0.0000580480
0.0000580550
0.0000581550
0.0000986110
0.0000580670
0.0000580530
0.0000580060
