0.0005669840
0.0005679200
0.0005908400
0.0005719640
0.0006025690
0.0005656890
0.0005659870
0.0006003230
0.0005659070
0.0005659270
0.0005690030
0.0005816900
0.0005642210
0.0006013810
0.0005875860
0.0005640190
0.0005650960
0.0005730040
0.0005641900
0.0006083440
0.0005672190
0.0005985390
0.0005682010
0.0005853470
0.0005773160
0.0005684570
0.0005641100
0.0005648390
0.0005667360
0.0005642570
0.0005734600
0.0005686870
0.0005971280
0.0006073860
0.0005684530
0.0006131950
0.0005903960
0.0005689420
0.0006061870
0.0005978480
0.0005929780
0.0005920680
0.0006048810
0.0005682440
0.0005664820
0.0006118850
0.0005725570
0.0005685410
0.0005989670
0.0005662020
0.0005669850
0.0005762510
0.0005683860
0.0005640890
0.0006077570
0.0005948390
0.0005640120
0.0005640860
0.0006119250
0.0006180500
0.0005676450
0.0005641320
0.0005684150
0.0005642030
0.0006153750
0.0005729180
0.0005639700
0.0005659010
0.0005641340
0.0005729010
0.0006085070
0.0005674550
0.0005795480
0.0005657690
0.0005751550
0.0005638510
0.0006025860
0.0006186890
0.0005639960
0.0005643070
0.0005674740
0.0006183690
0.0005642060
0.0005637860
0.0005975400
0.0005745260
0.0005639800
0.0005976750
0.0005683300
0.0005708460
0.0006083700
0.0005873170
0.0005902980
0.0005642370
0.0005841200
0.0005925010
0.0005640910
0.0005731250
0.0005947170
0.0005663740
0.0005827100
0.0006168530
0.0005642830
0.0006014820
0.0006012300
0.0005640960
0.0005700460
0.0005732380
0.0005640980
0.0005933700
0.0005670080
0.0005839600
0.0005641940
0.0006124690
0.0006033850
0.0005664130
0.0005840760
0.0005642060
0.0005662880
0.0005928430
0.0005670580
0.0005856150
0.0005666810
0.0005644340
0.0005951110
0.0006187120
0.0005646810
0.0005666480
0.0005696600
0.0005840810
0.0005767870
0.0005649620
0.0005780890
0.0005685010
0.0005668390
0.0006088980
0.0005886560
0.0005667780
0.0005668290
0.0005671770
0.0005902250
0.0005757640
0.0006037140
0.0005666940
0.0005953520
0.0005991110
0.0005664840
0.0005998710
0.0006011630
0.0005641690
0.0005734300
0.0006018310
0.0005969970
0.0005642950
0.0005995980
0.0006055910
0.0006192170
0.0005649410
0.0005992100
0.0005642150
0.0005927890
0.0005928650
0.0005992710
0.0005640750
0.0006099740
0.0006142620
0.0005643170
0.0005931590
0.0006033330
0.0005665470
0.0005646760
0.0005645810
0.0005645990
0.0005648110
0.0005682770
0.0006107310
0.0005684820
0.0005652110
0.0005696020
0.0006042500
0.0005674800
0.0006013870
0.0005641180
0.0006001220
0.0005752630
0.0005754470
0.0005644120
0.0005644370
0.0006058240
0.0005753990
