0.0000582360
0.0000552910
0.0000579980
0.0000585770
0.0000583510
0.0000580960
0.0000276290
0.0000581180
0.0000580780
0.0000580100
0.0000584650
0.0000555600
0.0000581500
0.0000581390
0.0000580200
0.0000579900
0.0000580290
0.0000581900
0.0000580490
0.0000580310
0.0000381890
0.0000581530
0.0000580580
0.0000581490
0.0000580210
0.0000582990
0.0000581910
0.0000649690
0.0000581590
0.0000580290
0.0000804490
0.0000581200
0.0000582070
0.0000583500
0.0000581380
0.0000580630
0.0000614910
0.0000581020
0.0000583950
0.0000580300
0.0000581510
0.0000578850
0.0000580410
0.0000580990
0.0000580810
0.0000580600
0.0000579090
0.0000578590
0.0000569000
0.0000580360
0.0000583030
0.0000583900
0.0000256260
0.0000581110
0.0000580220
0.0000580800
0.0000547330
0.0000583390
0.0000580480
0.0000603090
0.0000579650
0.0000702100
0.0000580490
0.0000580320
0.0000581870
0.0000579770
0.0000580300
0.0000580560
0.0000583000
0.0000579990
0.0000580850
0.0000585170
0.0000583660
0.0000580990
0.0000580890
0.0000581000
0.0000581450
0.0000546890
0.0000582100
0.0000581190
0.0000363400
0.0000578970
0.0000580600
0.0000581210
0.0000582890
0.0000583400
0.0000580770
0.0000584230
0.0000581190
0.0000583900
0.0000582940
0.0000365870
0.0000579090
0.0000579820
0.0000579300
0.0000579410
0.0000580100
0.0000580500
0.0000579380
0.0000580110
