0.0070356150
0.0070295190
0.0069612950
0.0068898750
0.0067465030
0.0067422210
0.0070813980
0.0067841770
0.0070277320
0.0070300030
0.0068922150
0.0067475040
0.0070339980
0.0071803830
0.0070310390
0.0070303580
0.0067478210
0.0070339440
0.0076580100
0.0067521950
0.0069017110
0.0068930380
0.0070284300
0.0067503540
0.0070369460
0.0068900990
0.0068966090
0.0068912080
0.0068902690
0.0075137010
0.0070349690
0.0067311330
0.0078624530
0.0070390060
0.0068899820
0.0069373280
0.0070171480
0.0078019430
0.0078077210
0.0067798240
