0.0000579060
0.0000581260
0.0000585080
0.0000580650
0.0000579790
0.0000580010
0.0000583310
0.0000582670
0.0000579760
0.0000580700
0.0000580340
0.0000580270
0.0000580080
0.0000580790
0.0000603190
0.0000580920
0.0000579450
0.0000581080
0.0000580610
0.0000580200
0.0000603790
0.0000581080
0.0000582000
0.0000580610
0.0000581370
0.0000581180
0.0000580670
0.0000584210
0.0000581670
0.0000580290
0.0000581080
0.0000563100
0.0000581790
0.0000581700
0.0000585720
0.0000582100
0.0000535580
0.0000581210
0.0000581270
0.0000582500
0.0000581610
0.0000579970
0.0000583200
0.0000582200
0.0000581500
0.0000582500
0.0000580660
0.0000583690
0.0000583200
0.0000583690
