0.0001614330
0.0001613160
0.0001614690
0.0001603070
0.0001612800
0.0001612790
0.0001613340
0.0001615360
0.0001612100
0.0001613630
0.0001766890
0.0001611560
0.0001614820
0.0001615450
0.0001615290
0.0001614940
0.0001614570
0.0001614790
0.0001613650
0.0001614680
0.0001620430
0.0001614200
0.0001631430
0.0001616540
0.0001616280
0.0001617540
0.0001614050
0.0001616380
0.0001614400
0.0001613880
0.0001615960
0.0001617630
0.0001630250
0.0001614530
0.0001614870
0.0001622140
0.0001614230
0.0001614360
0.0001624480
0.0001614880
0.0001630160
0.0001613460
0.0001614730
0.0001504680
0.0001615060
0.0001615450
0.0001615550
0.0001613440
0.0001611540
0.0001614790
