0.0004310200
0.0004306110
0.0004296910
0.0004295400
0.0004295330
0.0004299560
0.0004305140
0.0004298300
0.0004300310
0.0004296800
0.0004297990
0.0004304160
0.0004301580
0.0004303230
0.0004306680
0.0004296700
0.0004295240
0.0004294660
0.0004294630
0.0004291580
0.0004294690
0.0004495450
0.0004294400
0.0004305990
0.0004227030
0.0004301200
0.0004298280
0.0004700180
0.0004293750
0.0004294890
0.0004332000
0.0004297050
0.0004296750
0.0004293050
0.0004294290
0.0004296400
0.0004294980
0.0004326920
0.0004291130
0.0004339310
0.0004359590
0.0004303000
0.0004296750
0.0004294050
0.0004293350
0.0004291620
0.0004296700
0.0004317560
0.0004306060
0.0004303690
