0.0000545990
0.0000544130
0.0000544490
0.0000545080
0.0000545690
0.0000545990
0.0000545360
0.0000544930
0.0000544460
0.0000543440
0.0000544160
0.0000544800
0.0000544050
0.0000543160
0.0000542460
0.0000546150
0.0000542590
0.0000543850
0.0000543300
0.0000543010
0.0000546710
0.0000543320
0.0000544290
0.0000543100
0.0000546490
0.0000545430
0.0000549190
0.0000544570
0.0000543690
0.0000544970
0.0000544700
0.0000542850
0.0000543540
0.0000543860
0.0000544750
0.0000544460
0.0000543870
0.0000543390
0.0000543630
0.0000542540
0.0000546070
0.0000544170
0.0000544800
0.0000543270
0.0000544350
0.0000543860
0.0000543350
0.0000543120
0.0000540920
0.0000543330
