0.0022437440
0.0022864070
0.0022437800
0.0022434200
0.0022417380
0.0022756970
0.0022562800
0.0022425180
0.0022436850
0.0022694510
0.0022434020
0.0022568880
0.0022568160
0.0022447560
0.0022432150
0.0022469650
0.0022610240
0.0022448210
0.0022433920
0.0022499660
0.0022459350
0.0022599810
0.0022578230
0.0022564640
0.0022439290
0.0022876460
0.0022516850
0.0022405080
0.0022733280
0.0022585220
0.0022442750
0.0022510110
0.0022428870
0.0022612650
0.0022751630
0.0022648470
0.0022428890
0.0022815790
0.0022451790
0.0022613030
0.0022437600
0.0022444980
0.0022452770
0.0022393830
0.0022633520
0.0022802970
0.0022885520
0.0022456190
0.0022464370
0.0022554190
