0.0000545790
0.0000546050
0.0000544990
0.0000546890
0.0000546320
0.0000545200
0.0000545700
0.0000546060
0.0000547350
0.0000546170
0.0000548370
0.0000548590
0.0000547210
0.0000545810
0.0000553690
0.0000548390
0.0000547280
0.0000548060
0.0000549900
0.0000546630
0.0000550940
0.0000547740
0.0000544600
0.0000548290
0.0000543460
0.0000545090
0.0000545730
0.0000546270
0.0000545410
0.0000546610
0.0000546440
0.0000544580
0.0000545070
0.0000542970
0.0000545070
0.0000549580
0.0000552710
0.0000547800
0.0000543250
0.0000549900
0.0000545820
0.0000546100
0.0000545980
0.0000545720
0.0000544950
0.0000545700
0.0000546980
0.0000546980
0.0000549690
0.0000549230
0.0000547130
