0.0034004140
0.0033552350
0.0033557360
0.0033593490
0.0033854190
0.0033953980
0.0033622290
0.0033933340
0.0034002500
0.0033718030
0.0033923160
0.0033863760
0.0033712150
0.0033748360
0.0033781130
0.0033686620
0.0033760500
0.0033719410
0.0033894350
0.0033949690
0.0033902680
0.0033994490
0.0034020180
0.0033941990
0.0033661870
0.0033882600
0.0033519460
0.0033810860
0.0033682990
0.0033545830
0.0033660630
0.0033582830
0.0033602480
0.0033877700
0.0033809350
0.0033971130
0.0033815090
0.0033830660
0.0033815760
0.0033582510
0.0034027360
0.0033651760
0.0033935080
0.0033589020
0.0033966230
0.0033540110
0.0033986470
0.0033715930
0.0033772970
0.0033537350
0.0033893250
0.0033616730
0.0033958240
0.0033831880
0.0033650680
0.0033617540
0.0033832950
0.0033646770
0.0033884100
0.0033879670
