0.0008579330
0.0008577090
0.0008578750
0.0008628660
0.0008580030
0.0008581670
0.0008659200
0.0008582320
0.0008923780
0.0008569710
0.0008582500
0.0008692480
0.0008583080
0.0008586840
0.0008577660
0.0008571270
0.0008577210
0.0008393840
0.0008571600
0.0008573470
0.0008579930
0.0008769520
0.0008567640
0.0008571420
0.0008795650
0.0008575840
0.0008572910
0.0008834510
0.0008579710
0.0008587320
0.0009000240
0.0008575210
0.0008575670
0.0008572930
0.0008576280
0.0008571200
0.0008571080
0.0008574070
0.0008586130
0.0008621090
0.0008579410
0.0008602030
0.0008822650
0.0008588830
0.0008614980
0.0008627200
0.0008591680
0.0008589500
0.0008865690
0.0008613630
