0.0000544420
0.0000542860
0.0000544320
0.0000543660
0.0000542830
0.0000543140
0.0000543410
0.0000542450
0.0000544230
0.0000542900
0.0000545870
0.0000543110
0.0000545320
0.0000543070
0.0000545140
0.0000544240
0.0000543330
0.0000543710
0.0000543610
0.0000543500
0.0000545760
0.0000543780
0.0000544420
0.0000544300
0.0000545330
0.0000545990
0.0000544290
0.0000543930
0.0000543610
0.0000544390
0.0000544890
0.0000543940
0.0000542820
0.0000543400
0.0000545700
0.0000542780
0.0000543600
0.0000543230
0.0000543070
0.0000541670
0.0000545390
0.0000546330
0.0000545250
0.0000545240
0.0000545360
0.0000544310
0.0000544990
0.0000545200
0.0000544900
0.0000543940
