0.0000544870
0.0000545530
0.0000543240
0.0000546380
0.0000546030
0.0000545950
0.0000551010
0.0000547560
0.0000544600
0.0000551340
0.0000549960
0.0000544630
0.0000545230
0.0000541570
0.0000545320
0.0000550190
0.0000549810
0.0000543850
0.0000546430
0.0000545460
0.0000552250
0.0000546940
0.0000546960
0.0000544010
0.0000546580
0.0000546790
0.0000546660
0.0000546630
0.0000542320
0.0000560920
0.0000545930
0.0000547160
0.0000546650
0.0000547180
0.0000540490
0.0000545670
0.0000547370
0.0000546180
0.0000546800
0.0000545830
0.0000547960
0.0000548120
0.0000551110
0.0000549240
0.0000547940
0.0000545130
0.0000546880
0.0000547040
0.0000552340
0.0000551850
