0.0001095130
0.0001086050
0.0001085740
0.0001092620
0.0001087140
0.0001085070
0.0001085320
0.0001087040
0.0001089520
0.0001089910
0.0001082840
0.0001082690
0.0001078950
0.0001081950
0.0001082310
0.0001083320
0.0001080370
0.0001079510
0.0001086370
0.0001084170
0.0001086030
0.0001084320
0.0001642550
0.0001081870
0.0001087830
0.0001426500
0.0001103720
0.0001618210
0.0001082470
0.0001082150
0.0001090830
0.0001088590
0.0001081690
0.0001088450
0.0001085990
0.0001318880
0.0001084130
0.0001088740
0.0001087220
0.0001086360
0.0001615750
0.0001083780
0.0001081080
0.0001085460
0.0001083520
0.0001087040
0.0001085750
0.0001082750
0.0001125690
0.0001083330
0.0001616630
0.0001078740
0.0001616120
0.0001078510
0.0001077280
0.0001512220
0.0001077600
0.0001077510
0.0001077510
0.0001078330
