0.0089458390
0.0089576830
0.0089587010
0.0089411830
0.0089801080
0.0089581120
0.0089787880
0.0089422210
0.0089390050
0.0089798350
0.0089677010
0.0089761350
0.0089612230
0.0089437180
0.0089578800
0.0089626270
0.0089591340
0.0089788290
0.0089368670
0.0089357710
0.0089547670
0.0089709580
0.0089466130
0.0089690250
0.0089381210
0.0089586830
0.0089329490
0.0089483460
0.0089529710
0.0089498290
0.0089422080
0.0089772670
0.0089733790
0.0089494070
0.0089318080
0.0089630520
0.0089565850
0.0089674630
0.0089394700
0.0089379920
0.0089676420
0.0089695240
0.0089392330
0.0089591010
0.0089744200
0.0089805030
0.0089585680
0.0089533150
0.0089621620
0.0089578720
