0.0000545840
0.0000543710
0.0000542850
0.0000544140
0.0000547140
0.0000545750
0.0000542710
0.0000543590
0.0000542970
0.0000543360
0.0000546270
0.0000544330
0.0000543990
0.0000545100
0.0000545810
0.0000544460
0.0000543620
0.0000543510
0.0000543470
0.0000543930
0.0000545530
0.0000543730
0.0000544030
0.0000545650
0.0000545520
0.0000543840
0.0000543940
0.0000544830
0.0000541280
0.0000541790
0.0000544410
0.0000545720
0.0000546470
0.0000543920
0.0000545270
0.0000545220
0.0000543410
0.0000542710
0.0000542500
0.0000543980
0.0000545980
0.0000545960
0.0000549540
0.0000545560
0.0000543560
0.0000546990
0.0000551620
0.0000545490
0.0000546250
0.0000549620
