0.0017161890
0.0017163430
0.0017155990
0.0016975250
0.0017190800
0.0017144820
0.0017028540
0.0017251400
0.0017144940
0.0017127850
0.0016835910
0.0017154380
0.0016970630
0.0017237610
0.0017221450
0.0016930460
0.0017146200
0.0017226840
0.0016942040
0.0017137690
0.0016968100
0.0017293560
0.0017159440
0.0017191140
0.0016813390
0.0017143470
0.0017145180
0.0016882620
0.0017158770
0.0017152770
0.0017162460
0.0017155790
0.0017180190
0.0017156120
0.0016795430
0.0017247880
0.0017137680
0.0016780200
0.0017167980
0.0017194860
0.0017161800
0.0017165000
0.0017175610
0.0017197670
0.0017163740
0.0017145010
0.0017089520
0.0017062060
0.0017146410
0.0016895000
