0.0003218480
0.0003214690
0.0003216110
0.0003219600
0.0003216650
0.0003353090
0.0003215370
0.0003216110
0.0003215690
0.0003216340
0.0003219040
0.0003038790
0.0003218780
0.0003215130
0.0003215140
0.0003218390
0.0003217950
0.0003216300
0.0003216660
0.0003223140
0.0003214830
0.0003216290
0.0003215340
0.0003218260
0.0003215400
0.0003292310
0.0003215750
0.0003216350
0.0003214970
0.0003217220
0.0003224800
0.0003215150
0.0003214970
0.0003215920
0.0003215150
0.0003131150
0.0003215310
0.0003215630
0.0003213350
0.0003217060
0.0003217400
0.0003215180
0.0003215600
0.0003223460
0.0003215190
0.0003216420
0.0003215150
0.0003214940
0.0003215000
0.0003283550
