0.0000546210
0.0000544660
0.0000547030
0.0000542000
0.0000543680
0.0000543920
0.0000543770
0.0000544790
0.0000544350
0.0000552250
0.0000544390
0.0000544330
0.0000543650
0.0000543540
0.0000544270
0.0000543410
0.0000540990
0.0000544280
0.0000543060
0.0000543470
0.0000547320
0.0000543340
0.0000543000
0.0000544130
0.0000548270
0.0000545050
0.0000543500
0.0000545380
0.0000544760
0.0000596200
0.0000545030
0.0000539790
0.0000543270
0.0000543730
0.0000545090
0.0000544400
0.0000543630
0.0000543620
0.0000543970
0.0000555250
0.0000544880
0.0000543260
0.0000542920
0.0000543390
0.0000546770
0.0000544060
0.0000542730
0.0000541900
0.0000543210
0.0000544330
