0.0001081110
0.0001251330
0.0001079110
0.0001078280
0.0001078670
0.0001079690
0.0001078150
0.0001077760
0.0001078330
0.0001079200
0.0001083340
0.0001079890
0.0001080040
0.0001080110
0.0001080770
0.0001081190
0.0001080650
0.0001081440
0.0001076650
0.0001080810
0.0001079910
0.0001080710
0.0001079140
0.0001078220
0.0001080120
0.0001079400
0.0001078790
0.0001078910
0.0001078770
0.0001077950
0.0001080140
0.0001081360
0.0001078310
0.0001078800
0.0001084090
0.0001080530
0.0001079500
0.0001078990
0.0001078520
0.0001077990
0.0001080060
0.0001078320
0.0001078350
0.0001078450
0.0001080530
0.0001079760
0.0000918990
0.0001078300
0.0001076810
0.0001077180
