0.0000549820
0.0000547720
0.0000545560
0.0000548410
0.0000552710
0.0000547680
0.0000546830
0.0000548000
0.0000547660
0.0000546040
0.0000546310
0.0000545980
0.0000550420
0.0000541640
0.0000549490
0.0000545320
0.0000545050
0.0000542630
0.0000543360
0.0000543940
0.0000544530
0.0000543210
0.0000547130
0.0000546410
0.0000546700
0.0000546150
0.0000548400
0.0000544020
0.0000542590
0.0000546500
0.0000549920
0.0000547680
0.0000547450
0.0000543820
0.0000545400
0.0000552800
0.0000549450
0.0000540800
0.0000543880
0.0000543560
0.0000547380
0.0000547980
0.0000541790
0.0000545800
0.0000549560
0.0000550450
0.0000546850
0.0000545360
0.0000545190
0.0000544150
