0.0001086620
0.0001082160
0.0000549420
0.0000550730
0.0000548470
0.0001088300
0.0000548340
0.0001082400
0.0001081420
0.0001082840
0.0001081900
0.0001081780
0.0001079070
0.0001081810
0.0001083230
0.0001079940
0.0001080550
0.0001080940
0.0001083950
0.0001081090
0.0001089740
0.0001082230
0.0001082980
0.0001081450
0.0000547440
0.0000547960
0.0001082310
0.0000547130
0.0001079960
0.0001046320
0.0001080320
0.0001081740
0.0001082610
0.0000546790
0.0001081730
0.0001084220
0.0001083050
0.0000641850
0.0001084710
0.0001084780
0.0001081770
0.0001079530
0.0001084530
0.0000546640
0.0001083370
0.0001081970
0.0001089920
0.0001081630
0.0000554110
0.0000549600
