0.0000548130
0.0000548150
0.0000546990
0.0000548700
0.0000546500
0.0000550110
0.0000547600
0.0000546270
0.0000548750
0.0000543040
0.0000550410
0.0000547980
0.0000546510
0.0000546060
0.0000547490
0.0000548340
0.0000547950
0.0000547600
0.0000550600
0.0000554510
0.0000548700
0.0000547650
0.0000545380
0.0000548810
0.0000541210
0.0000547420
0.0000547260
0.0000546470
0.0000546000
0.0000546490
0.0000547020
0.0000544040
0.0000548060
0.0000545220
0.0000546500
0.0000547340
0.0000547920
0.0000552900
0.0000548750
0.0000546840
0.0000551210
0.0000547620
0.0000549550
0.0000553760
0.0000547290
0.0000543550
0.0000546150
0.0000547000
0.0000546410
0.0000547430
