0.0000544470
0.0000542620
0.0000542910
0.0000543160
0.0000541180
0.0000544900
0.0000542780
0.0000543100
0.0000542530
0.0000542620
0.0000545700
0.0000544830
0.0000543680
0.0000543540
0.0000545550
0.0000542390
0.0000541910
0.0000544350
0.0000543950
0.0000545230
0.0000545780
0.0000542370
0.0000544690
0.0000544480
0.0000553990
0.0000545650
0.0000545040
0.0000544610
0.0000548290
0.0000545470
0.0000545790
0.0000543350
0.0000543860
0.0000543670
0.0000546000
0.0000543750
0.0000544060
0.0000543580
0.0000545000
0.0000543710
0.0000547320
0.0000544570
0.0000544520
0.0000543940
0.0000547060
0.0000545390
0.0000544620
0.0000543400
0.0000544060
0.0000544230
