0.0067274840
0.0067239270
0.0067410010
0.0067456740
0.0067265710
0.0067355890
0.0067463600
0.0067001150
0.0067423340
0.0066978130
0.0067164120
0.0067341260
0.0067157910
0.0067102260
0.0067483030
0.0067071870
0.0067342830
0.0067501450
0.0067447350
0.0067386520
0.0067390360
0.0067273330
0.0067317200
0.0067118200
0.0067021690
0.0067291820
0.0067463010
0.0067337810
0.0067013840
0.0067424850
0.0067114650
0.0066995260
0.0067470990
0.0067175790
0.0067407760
0.0067146850
0.0067394410
0.0067189610
0.0067123360
0.0067370560
0.0067262250
0.0067151670
0.0067156630
0.0067431010
0.0067110440
0.0067197610
0.0067429010
0.0067080450
0.0067018970
0.0067438760
