0.0002152250
0.0002153610
0.0002158320
0.0002151730
0.0002156730
0.0002159050
0.0002155360
0.0002159250
0.0002156490
0.0002161000
0.0002155940
0.0002155050
0.0002158300
0.0002162940
0.0002159510
0.0002159420
0.0002432020
0.0002154740
0.0002172290
0.0002154690
0.0002154890
0.0002154090
0.0002151300
0.0002151390
0.0002156860
0.0002154230
0.0002152460
0.0002151160
0.0002151380
0.0002154540
0.0002152770
0.0002152170
0.0002154310
0.0002154970
0.0002152410
0.0002153640
0.0002369120
0.0002153740
0.0002154300
0.0002151540
0.0002155920
0.0002151950
0.0002155460
0.0002153980
0.0002157570
0.0002154380
0.0002160880
0.0002159080
0.0002157050
0.0002170560
