0.0000549650
0.0000546780
0.0000548550
0.0000546720
0.0000548600
0.0000549550
0.0000546980
0.0000552930
0.0000541020
0.0000548210
0.0000547070
0.0000542780
0.0000543850
0.0000545650
0.0000547890
0.0000546930
0.0000551130
0.0000550710
0.0000546230
0.0000548360
0.0000548710
0.0000543240
0.0000544200
0.0000546250
0.0000547620
0.0000550150
0.0000550260
0.0000550080
0.0000551460
0.0000547360
0.0000546200
0.0000546060
0.0000546930
0.0000553530
0.0000547810
0.0000543860
0.0000547550
0.0000546730
0.0000543030
0.0000547110
0.0000551270
0.0000545280
0.0000545570
0.0000548730
0.0000547100
0.0000545860
0.0000548440
0.0000547240
0.0000542020
0.0000547960
