0.0000544030
0.0000543350
0.0000543920
0.0000542960
0.0000544000
0.0000543380
0.0000544610
0.0000543230
0.0000543260
0.0000542300
0.0000546580
0.0000543580
0.0000544260
0.0000543590
0.0000550960
0.0000551390
0.0000544760
0.0000543960
0.0000544530
0.0000545890
0.0000544780
0.0000542480
0.0000542890
0.0000543690
0.0000545380
0.0000543660
0.0000542740
0.0000543240
0.0000543860
0.0000646320
0.0000545480
0.0000547890
0.0000542350
0.0000542110
0.0000544510
0.0000543150
0.0000543190
0.0000542030
0.0000542980
0.0000542420
0.0000545320
0.0000545310
0.0000555700
0.0000551260
0.0000544830
0.0000547450
0.0000544860
0.0000545810
0.0000544330
0.0000544830
