0.0000546490
0.0000545050
0.0000549660
0.0000546580
0.0000546500
0.0000545870
0.0000545960
0.0000549330
0.0000545630
0.0000549410
0.0000914440
0.0000547440
0.0000545700
0.0000547990
0.0000548310
0.0000547660
0.0000546740
0.0000545630
0.0000544960
0.0000547000
0.0000544900
0.0000545020
0.0000551370
0.0000554010
0.0000549960
0.0000546900
0.0000550080
0.0000549750
0.0000545380
0.0000546140
0.0000548790
0.0000547160
0.0000546630
0.0000547360
0.0000553530
0.0000552650
0.0000548110
0.0000548510
0.0000548100
0.0000549260
0.0000544810
0.0000547660
0.0000546200
0.0000551310
0.0000546020
0.0000568180
0.0000544590
0.0000547290
0.0000545970
0.0000545960
