0.0000544980
0.0000543940
0.0000545400
0.0000546030
0.0000544630
0.0000542740
0.0000543240
0.0000543410
0.0000545280
0.0000544390
0.0000544130
0.0000543800
0.0000543130
0.0000543840
0.0000545180
0.0000545490
0.0000543360
0.0000544610
0.0000544110
0.0000543410
0.0000546230
0.0000547960
0.0000543390
0.0000544130
0.0000545670
0.0000544250
0.0000543160
0.0000544390
0.0000544090
0.0000544290
0.0000545480
0.0000544680
0.0000546070
0.0000544670
0.0000546010
0.0000544610
0.0000543390
0.0000544540
0.0000544670
0.0000548210
0.0000544440
0.0000539920
0.0000542740
0.0000541240
0.0000544200
0.0000547520
0.0000539330
0.0000543430
0.0000542930
0.0000543470
