0.0000548720
0.0000551680
0.0000546320
0.0000550080
0.0000542270
0.0000542700
0.0000546660
0.0000547960
0.0000553140
0.0000550820
0.0000553470
0.0000546520
0.0000544740
0.0000542340
0.0000543460
0.0000546310
0.0000546920
0.0000549140
0.0000546490
0.0006257690
0.0000547320
0.0000547950
0.0000546810
0.0000544560
0.0000547340
0.0000548140
0.0000548910
0.0000545980
0.0000545740
0.0000546040
0.0000548110
0.0000545230
0.0000543180
0.0000545920
0.0000546820
0.0000546280
0.0000550650
0.0000545160
0.0000544690
0.0000547060
0.0000544020
0.0000543170
0.0000547000
0.0000550150
0.0000546060
0.0000545260
0.0000544950
0.0000544560
0.0000544930
0.0000543880
