0.0044963730
0.0044954730
0.0044945050
0.0044864700
0.0044818120
0.0045054150
0.0044795660
0.0045067370
0.0044705670
0.0044801450
0.0044812090
0.0045164200
0.0044856130
0.0044837730
0.0045185920
0.0045172700
0.0045048400
0.0044980060
0.0045192710
0.0044804160
0.0045037840
0.0044932140
0.0044874070
0.0044882550
0.0044958810
0.0045036910
0.0044943720
0.0044726220
0.0045031970
0.0044892740
0.0045178310
0.0044852830
0.0044793240
0.0045156890
0.0045086030
0.0044686660
0.0044867570
0.0045183670
0.0044770320
0.0045183230
0.0045066020
0.0044895520
0.0045161670
0.0044756960
0.0044933310
0.0044752100
0.0044746860
0.0044910170
0.0044995460
0.0044791450
