0.0000514530
0.0000105110
0.0000085260
0.0000085790
0.0000083430
0.0000083330
0.0000094620
0.0000086640
0.0000079140
0.0000068390
0.0000377600
0.0000068960
0.0000066210
0.0000065690
0.0000065680
0.0000066650
0.0000066280
0.0000065700
0.0000062380
0.0000065550
0.0001009890
0.0000126660
0.0000097120
0.0000100440
0.0000096070
0.0000096020
0.0000095930
0.0000103460
0.0000092120
0.0000100780
0.0001289670
0.0000369260
0.0000364190
0.0000366960
0.0000369570
0.0000368970
0.0000366350
0.0000366000
0.0000366440
0.0000374270
0.0000713960
0.0000114480
0.0000110930
0.0000108810
0.0000112360
0.0000110520
0.0000104270
0.0000108730
0.0000107990
0.0000110500
0.0000703580
0.0000111900
0.0000110650
0.0000107450
0.0000111110
0.0000112620
0.0000102850
0.0000110760
0.0000109390
0.0000112410
0.0000652890
0.0000106030
0.0000108050
0.0000106290
0.0000108470
0.0000109320
0.0000104250
0.0000109480
0.0000111540
0.0000116040
0.0000723780
0.0000107930
0.0000107870
0.0000105560
0.0000107050
0.0000109110
0.0000100850
0.0000104960
0.0000106680
0.0000106880
0.0000955270
0.0000135920
0.0000122580
0.0000117480
0.0000124280
0.0000134030
0.0000118770
0.0000121510
0.0000130850
0.0000135100
0.0000988300
0.0000121500
0.0000126980
0.0000116560
0.0000123690
0.0000119610
0.0000113100
0.0000116500
0.0000115640
0.0000122580
0.0001061890
0.0000129280
0.0000125680
0.0000119510
0.0000116920
0.0000118590
0.0000112290
0.0000113480
0.0000116770
0.0000117190
0.0000868040
0.0000118660
0.0000116380
0.0000107970
0.0000112660
0.0000112660
0.0000110990
0.0000110310
0.0000110290
0.0000112040
0.0000850590
0.0000112420
0.0000112580
0.0000111400
0.0000113170
0.0000111320
0.0000106810
0.0000110120
0.0000111070
0.0000111630
0.0000934520
0.0000193470
0.0000136180
0.0000120610
0.0000127700
0.0000130500
0.0000117550
0.0000122250
0.0000136880
0.0000126250
0.0000716660
0.0000104150
0.0000104940
0.0000100350
0.0000103560
0.0000104490
0.0000103050
0.0000103900
0.0000102730
0.0000104460
0.0000883670
0.0000118140
0.0000117050
0.0000110460
0.0000115220
0.0000111910
0.0000110200
0.0000115420
0.0000115430
0.0000115630
0.0000777620
0.0000118530
0.0000123780
0.0000113190
0.0000117690
0.0000114970
0.0000110840
0.0000117990
0.0000117000
0.0000115390
0.0001088620
0.0000129290
0.0000130000
0.0000120780
0.0000121660
0.0000124530
0.0000117000
0.0000120030
0.0000127880
0.0000125690
0.0000917680
0.0000114310
0.0000120380
0.0000111820
0.0000114650
0.0000115300
0.0000110450
0.0000112780
0.0000115790
0.0000113680
