0.0000215120
0.0000024110
0.0000024940
0.0000025880
0.0000024910
0.0000021290
0.0000023520
0.0000027240
0.0000020830
0.0000022050
0.0000159950
0.0000023640
0.0000025130
0.0000024430
0.0000024970
0.0000021440
0.0000024160
0.0000025450
0.0000021230
0.0000022680
0.0000147920
0.0000023540
0.0000025270
0.0000023980
0.0000025170
0.0000021520
0.0000023830
0.0000025420
0.0000021170
0.0000022760
0.0000199100
0.0000031870
0.0000030800
0.0000030140
0.0000030150
0.0000027440
0.0000029350
0.0000032140
0.0000026870
0.0000027940
0.0000200410
0.0000030710
0.0000031870
0.0000032230
0.0000030780
0.0000028770
0.0000030440
0.0000031040
0.0000027150
0.0000028780
0.0000160460
0.0000026940
0.0000028970
0.0000027520
0.0000028830
0.0000024630
0.0000027230
0.0000028820
0.0000024230
0.0000025830
0.0000201850
0.0000029450
0.0000030100
0.0000029530
0.0000030130
0.0000025870
0.0000028400
0.0000031000
0.0000025260
0.0000028410
0.0000197360
0.0000029530
0.0000030750
0.0000028890
0.0000029470
0.0000025220
0.0000028820
0.0000032290
0.0000025540
0.0000026520
0.0000187230
0.0000031050
0.0000033300
0.0000029660
0.0000033360
0.0000026670
0.0000030420
0.0000032470
0.0000028170
0.0000027890
0.0000192190
0.0000027590
0.0000030600
0.0000028290
0.0000029280
0.0000025190
0.0000028530
0.0000029960
0.0000024490
0.0000026420
0.0000200120
0.0000032300
0.0000029820
0.0000029170
0.0000030430
0.0000026420
0.0000029350
0.0000031770
0.0000025360
0.0000027000
0.0000179780
0.0000028740
0.0000029380
0.0000028650
0.0000029690
0.0000025860
0.0000028200
0.0000033220
0.0000025080
0.0000026450
0.0000166720
0.0000026700
0.0000028780
0.0000027960
0.0000029010
0.0000024620
0.0000027470
0.0000029220
0.0000023980
0.0000026170
0.0000168410
0.0000026830
0.0000028320
0.0000027780
0.0000028490
0.0000025540
0.0000027850
0.0000029250
0.0000024130
0.0000025680
0.0000259690
0.0000028580
0.0000030600
0.0000029270
0.0000030720
0.0000025690
0.0000029000
0.0000031080
0.0000025680
0.0000027580
0.0000211670
0.0000029460
0.0000030400
0.0000029250
0.0000030170
0.0000025630
0.0000029780
0.0000030620
0.0000025440
0.0000027020
0.0000195760
0.0000029440
0.0000030890
0.0000029660
0.0000030700
0.0000028700
0.0000029350
0.0000031610
0.0000025920
0.0000032630
0.0000186670
0.0000027340
0.0000030120
0.0000028980
0.0000030570
0.0000024570
0.0000028420
0.0000030100
0.0000025010
0.0000026670
0.0000179010
0.0000031420
0.0000030990
0.0000027290
0.0000028920
0.0000024950
0.0000028870
0.0000030590
0.0000025960
0.0000025850
