0.0000031980
0.0000014710
0.0000013060
0.0000015090
0.0000013120
0.0000012220
0.0000011970
0.0000011910
0.0000010580
0.0000012840
0.0000024540
0.0000020810
0.0000020510
0.0000021810
0.0000012590
0.0000012280
0.0000012040
0.0000011050
0.0000010350
0.0000012030
0.0000033580
0.0000025400
0.0000016490
0.0000018670
0.0000016480
0.0000015570
0.0000015770
0.0000014550
0.0000013750
0.0000015740
0.0000033790
0.0000030720
0.0000030070
0.0000020910
0.0000019300
0.0000019230
0.0000015080
0.0000014340
0.0000013430
0.0000015730
0.0000020740
0.0000015160
0.0000013980
0.0000015110
0.0000013660
0.0000013660
0.0000013690
0.0000011920
0.0000012690
0.0000012840
0.0000020720
0.0000015740
0.0000015910
0.0000017880
0.0000020850
0.0000013910
0.0000018390
0.0000013010
0.0000012300
0.0000013990
0.0000028960
0.0000014770
0.0000013620
0.0000015340
0.0000013220
0.0000012710
0.0000012310
0.0000012410
0.0000010690
0.0000012360
0.0000032590
0.0000024830
0.0000022080
0.0000022610
0.0000027020
0.0000023350
0.0000028730
0.0000022300
0.0000016590
0.0000026240
0.0000024230
0.0000016230
0.0000015250
0.0000017430
0.0000014590
0.0000014340
0.0000015810
0.0000013740
0.0000013020
0.0000014470
0.0000026610
0.0000017650
0.0000015100
0.0000017470
0.0000015600
0.0000014140
0.0000013950
0.0000019270
0.0000011900
0.0000013510
0.0000028740
0.0000023850
0.0000014560
0.0000015690
0.0000014350
0.0000013480
0.0000013530
0.0000012760
0.0000011720
0.0000013370
0.0000033640
0.0000015500
0.0000015250
0.0000017140
0.0000015940
0.0000014360
0.0000014040
0.0000013490
0.0000012440
0.0000014460
0.0000025890
0.0000018260
0.0000014430
0.0000016540
0.0000015510
0.0000014320
0.0000013950
0.0000013470
0.0000014190
0.0000013700
0.0000022950
0.0000015270
0.0000015070
0.0000016330
0.0000014970
0.0000014100
0.0000013970
0.0000013340
0.0000012150
0.0000013870
0.0000022450
0.0000021420
0.0000015550
0.0000016190
0.0000014680
0.0000014910
0.0000014170
0.0000013220
0.0000012090
0.0000013930
0.0000023390
0.0000017200
0.0000015590
0.0000016650
0.0000015220
0.0000014580
0.0000016950
0.0000013600
0.0000012490
0.0000014650
0.0000027870
0.0000015700
0.0000014630
0.0000015810
0.0000013700
0.0000013110
0.0000012930
0.0000012360
0.0000011480
0.0000013380
0.0000032710
0.0000024340
0.0000016710
0.0000016840
0.0000014770
0.0000014050
0.0000013870
0.0000016040
0.0000011770
0.0000013750
0.0000023410
0.0000016690
0.0000015680
0.0000017120
0.0000015190
0.0000014540
0.0000019510
0.0000013680
0.0000012770
0.0000014100
