0.0000008460
0.0000006620
0.0000005920
0.0000005940
0.0000005890
0.0000005870
0.0000005920
0.0000005880
0.0000006110
0.0000005900
0.0000020590
0.0000013100
0.0000012790
0.0000014370
0.0000008690
0.0000008120
0.0000006640
0.0000006230
0.0000006000
0.0000008000
0.0000015840
0.0000012840
0.0000012850
0.0000014070
0.0000008100
0.0000007770
0.0000010750
0.0000005880
0.0000005660
0.0000007620
0.0000015870
0.0000012860
0.0000012390
0.0000014330
0.0000012750
0.0000012400
0.0000011130
0.0000010830
0.0000010630
0.0000011940
0.0000015940
0.0000013530
0.0000012940
0.0000013720
0.0000012430
0.0000007960
0.0000006360
0.0000005840
0.0000005770
0.0000007460
0.0000021190
0.0000015150
0.0000011020
0.0000012200
0.0000011120
0.0000010310
0.0000007900
0.0000007750
0.0000007860
0.0000009670
0.0000016430
0.0000012950
0.0000012760
0.0000014100
0.0000012610
0.0000012370
0.0000011530
0.0000010970
0.0000005840
0.0000007690
0.0000015790
0.0000012640
0.0000012680
0.0000014390
0.0000012340
0.0000012430
0.0000005970
0.0000005850
0.0000005550
0.0000007430
0.0000021360
0.0000009390
0.0000008100
0.0000009890
0.0000008370
0.0000007920
0.0000006540
0.0000006830
0.0000007260
0.0000007580
0.0000018990
0.0000009280
0.0000009700
0.0000010950
0.0000010290
0.0000009720
0.0000007220
0.0000007440
0.0000006920
0.0000009560
0.0000019620
0.0000010360
0.0000009080
0.0000010630
0.0000008860
0.0000008860
0.0000007400
0.0000006660
0.0000006540
0.0000008530
0.0000017470
0.0000012190
0.0000009610
0.0000010370
0.0000009150
0.0000009170
0.0000007320
0.0000006880
0.0000006350
0.0000008920
0.0000018860
0.0000015400
0.0000009530
0.0000010310
0.0000009760
0.0000009480
0.0000007610
0.0000006780
0.0000006490
0.0000008890
0.0000020570
0.0000010480
0.0000009770
0.0000011220
0.0000009650
0.0000009710
0.0000007730
0.0000007430
0.0000006800
0.0000009240
0.0000019060
0.0000010330
0.0000009480
0.0000011500
0.0000010130
0.0000009860
0.0000007640
0.0000007530
0.0000007070
0.0000009200
0.0000016790
0.0000011860
0.0000009120
0.0000010840
0.0000009280
0.0000009050
0.0000007550
0.0000016030
0.0000006660
0.0000008830
0.0000018180
0.0000010090
0.0000010370
0.0000011830
0.0000009960
0.0000009510
0.0000007800
0.0000007930
0.0000007060
0.0000008910
0.0000019040
0.0000014790
0.0000012760
0.0000010530
0.0000009070
0.0000008860
0.0000006890
0.0000006700
0.0000006970
0.0000008470
0.0000017750
0.0000010020
0.0000009310
0.0000011340
0.0000009410
0.0000009210
0.0000007350
0.0000007470
0.0000006410
0.0000008580
