0.0088085860
0.0072731630
0.0075659040
0.0074988470
0.0074478720
0.0077366200
0.0079334420
0.0076447530
0.0074885750
0.0074970310
0.0105932630
0.0059983830
0.0050513220
0.0059814600
0.0050375260
0.0059389990
0.0049907120
0.0059618170
0.0051261300
0.0036998870
0.0090355520
0.0030997940
0.0030795650
0.0036553800
0.0039259250
0.0049108470
0.0053771420
0.0053073880
0.0053133090
0.0053510760
0.0092281290
0.0033401380
0.0033048060
0.0032479290
0.0032339700
0.0032796430
0.0031690710
0.0032062180
0.0033313420
0.0040201010
0.0143339520
0.0089398650
0.0074873670
0.0089389560
0.0075254330
0.0088666260
0.0075926060
0.0087510960
0.0082906080
0.0101367080
0.0104588180
0.0035697230
0.0036325380
0.0035304190
0.0034729450
0.0035121090
0.0034439990
0.0034593560
0.0034039710
0.0033654000
0.0105336820
0.0035114550
0.0034829780
0.0034584760
0.0035787990
0.0034459260
0.0033914760
0.0034074560
0.0041629390
0.0041512080
0.0101757000
0.0034372200
0.0034515030
0.0033875820
0.0033647860
0.0033538400
0.0033449080
0.0033690190
0.0033594810
0.0033360380
0.0113585660
0.0060512260
0.0059814880
0.0060851360
0.0057176830
0.0059707540
0.0055824450
0.0058140260
0.0055907890
0.0056098250
0.0106373820
0.0042710350
0.0050732500
0.0050715590
0.0059489580
0.0059566810
0.0050305760
0.0049721010
0.0058906770
0.0058221580
0.0145885860
0.0084846770
0.0079639510
0.0083917290
0.0080413020
0.0082521270
0.0081277040
0.0080613260
0.0082666890
0.0078741890
0.0098395560
0.0044691220
0.0037857160
0.0036554900
0.0038456910
0.0037588480
0.0036449750
0.0035907720
0.0035649900
0.0042071350
0.0124997210
0.0033208980
0.0032921430
0.0032863730
0.0042401140
0.0072966170
0.0077616400
0.0056498150
0.0037202100
0.0035347560
0.0164343050
0.0089952230
0.0106636070
0.0118581220
0.0104536040
0.0089236170
0.0103885730
0.0115691020
0.0113725750
0.0103196820
0.0105689880
0.0034563400
0.0034109090
0.0034177970
0.0034305600
0.0034005320
0.0033516470
0.0033463760
0.0033670380
0.0033439620
0.0125152970
0.0042499910
0.0039242010
0.0042625620
0.0052792260
0.0055347180
0.0046305150
0.0041774420
0.0037839950
0.0035830360
0.0135880900
0.0080498130
0.0058753920
0.0067074210
0.0058121430
0.0065981150
0.0055623750
0.0061488650
0.0053213400
0.0065263120
0.0141358280
0.0078367920
0.0084928580
0.0077886140
0.0084465150
0.0077406830
0.0082989480
0.0077762930
0.0060579290
0.0064439330
0.0125102600
0.0061539010
0.0051703520
0.0053848290
0.0060466630
0.0061373150
0.0050673140
0.0052024420
0.0059789490
0.0059318130
