0.0000759910
0.0000228110
0.0000159530
0.0000147840
0.0000147920
0.0000146720
0.0000146560
0.0000146170
0.0000148700
0.0000147820
0.0002259720
0.0000350940
0.0000232840
0.0000230320
0.0000234850
0.0000225180
0.0000228980
0.0000223000
0.0000223580
0.0000226080
0.0001315770
0.0000199620
0.0000202550
0.0000200860
0.0000200530
0.0000200740
0.0000199470
0.0000201870
0.0000198980
0.0000202790
0.0001486990
0.0000223220
0.0000223120
0.0000222260
0.0000221540
0.0000218220
0.0000215360
0.0000216640
0.0000218980
0.0000220250
0.0001670490
0.0000257970
0.0000228910
0.0000234520
0.0000234070
0.0000229840
0.0000227110
0.0000300480
0.0000228820
0.0000231260
0.0001428100
0.0000240660
0.0000235970
0.0000235160
0.0000235780
0.0000236620
0.0000234110
0.0000232440
0.0000234660
0.0000236530
0.0001303890
0.0000238650
0.0000242760
0.0000239350
0.0000240790
0.0000244700
0.0000235950
0.0000236620
0.0000238640
0.0000240770
0.0001836280
0.0000301320
0.0000268080
0.0000270500
0.0000306770
0.0000291370
0.0000288750
0.0000289020
0.0000288040
0.0000295020
0.0002077140
0.0000301460
0.0000283360
0.0000285950
0.0000283160
0.0000283770
0.0000286320
0.0000283430
0.0000283150
0.0000282750
0.0001696250
0.0000261870
0.0000253520
0.0000255820
0.0000252110
0.0000252460
0.0000253290
0.0000250930
0.0000251760
0.0000253640
0.0001415870
0.0000238780
0.0000241870
0.0000239380
0.0000237860
0.0000239210
0.0000237330
0.0000241340
0.0000237420
0.0000241440
0.0001452410
0.0000248640
0.0000250090
0.0000248970
0.0000250250
0.0000251120
0.0000245620
0.0000248270
0.0000247760
0.0000251800
0.0001721400
0.0000295660
0.0000261950
0.0000275740
0.0000263190
0.0000259510
0.0000261210
0.0000261360
0.0000260980
0.0000258730
0.0001382010
0.0000226030
0.0000233740
0.0000231040
0.0000232030
0.0000279540
0.0000288620
0.0000229820
0.0000229980
0.0000229490
0.0001857480
0.0000323630
0.0000283770
0.0000275070
0.0000275860
0.0000273780
0.0000273930
0.0000269800
0.0000270900
0.0000272330
0.0001424870
0.0000231750
0.0000225950
0.0000224680
0.0000230210
0.0000227850
0.0000223160
0.0000224690
0.0000223000
0.0000226870
0.0001862360
0.0000268650
0.0000245150
0.0000247170
0.0000243410
0.0000245650
0.0000237160
0.0000245820
0.0000242090
0.0000242480
0.0001648310
0.0000265110
0.0000238120
0.0000238190
0.0000238860
0.0000237370
0.0000234750
0.0000232880
0.0000266200
0.0000236440
