0.0000006020
0.0000002630
0.0000001800
0.0000001600
0.0000001510
0.0000001590
0.0000001630
0.0000001380
0.0000001800
0.0000001940
0.0000017190
0.0000007940
0.0000006550
0.0000008600
0.0000014770
0.0000005770
0.0000005010
0.0000005670
0.0000003790
0.0000005970
0.0000013090
0.0000009880
0.0000009060
0.0000010810
0.0000008380
0.0000008130
0.0000006900
0.0000005350
0.0000004190
0.0000006320
0.0000012130
0.0000008070
0.0000007690
0.0000008910
0.0000007170
0.0000007060
0.0000004260
0.0000003590
0.0000003310
0.0000005070
0.0000012040
0.0000007150
0.0000005840
0.0000007620
0.0000006170
0.0000005880
0.0000004740
0.0000004520
0.0000003940
0.0000005220
0.0000010770
0.0000008150
0.0000006640
0.0000009160
0.0000007240
0.0000006420
0.0000004800
0.0000005850
0.0000004170
0.0000006000
0.0000011910
0.0000006910
0.0000006060
0.0000009140
0.0000005960
0.0000006080
0.0000004280
0.0000004090
0.0000003960
0.0000005900
0.0000011890
0.0000006410
0.0000006680
0.0000010900
0.0000006580
0.0000006310
0.0000005170
0.0000004400
0.0000003810
0.0000005770
0.0000012230
0.0000009280
0.0000008710
0.0000009940
0.0000006810
0.0000007050
0.0000004840
0.0000004590
0.0000004500
0.0000006660
0.0000010470
0.0000008020
0.0000006380
0.0000008290
0.0000005260
0.0000005770
0.0000005230
0.0000004290
0.0000003740
0.0000005310
0.0000013830
0.0000007070
0.0000006180
0.0000008660
0.0000006630
0.0000005930
0.0000005060
0.0000005080
0.0000003870
0.0000005040
0.0000011940
0.0000009100
0.0000006430
0.0000007850
0.0000006100
0.0000005630
0.0000005680
0.0000005480
0.0000004190
0.0000005030
0.0000011840
0.0000008700
0.0000007840
0.0000009320
0.0000007590
0.0000006150
0.0000004620
0.0000003530
0.0000003820
0.0000005070
0.0000015620
0.0000008960
0.0000007850
0.0000011490
0.0000007390
0.0000007390
0.0000006470
0.0000006070
0.0000004220
0.0000005910
0.0000012130
0.0000007420
0.0000006710
0.0000008060
0.0000006360
0.0000006080
0.0000005240
0.0000007180
0.0000003640
0.0000005610
0.0000012700
0.0000006420
0.0000006260
0.0000008880
0.0000006380
0.0000006530
0.0000005530
0.0000004980
0.0000003570
0.0000005010
0.0000011140
0.0000007460
0.0000006660
0.0000007890
0.0000005860
0.0000005590
0.0000004850
0.0000004430
0.0000003380
0.0000005450
0.0000014480
0.0000006710
0.0000006730
0.0000008010
0.0000006320
0.0000006460
0.0000004810
0.0000005000
0.0000003890
0.0000005510
0.0000011880
0.0000007400
0.0000007150
0.0000008960
0.0000006210
0.0000005960
0.0000004880
0.0000004510
0.0000003580
0.0000005190
