0.0230639020
0.0110818040
0.0158076050
0.0159024080
0.0183549630
0.0202146890
0.0202950810
0.0235366860
0.0229074560
0.0185455880
0.0266317600
0.0234674700
0.0181755220
0.0276764620
0.0215157570
0.0302465220
0.0239964400
0.0305031530
0.0254816810
0.0352140610
0.0180692400
0.0068498340
0.0067228590
0.0084338200
0.0071368380
0.0069983440
0.0072272730
0.0069445510
0.0069597470
0.0068299450
0.0217459560
0.0103581960
0.0122735280
0.0104417040
0.0122631760
0.0103232210
0.0121901220
0.0103158830
0.0121885300
0.0102819530
0.0241408190
0.0111543380
0.0109266680
0.0122329390
0.0076593260
0.0072733900
0.0081887310
0.0110482390
0.0111382700
0.0088997540
0.0338867290
0.0256269590
0.0264382670
0.0258112390
0.0265415550
0.0258535010
0.0198698640
0.0171086870
0.0160310690
0.0122230520
0.0216175810
0.0099059340
0.0092773350
0.0089603370
0.0089719080
0.0111282080
0.0122918370
0.0108700720
0.0122349540
0.0106265760
0.0256265360
0.0146094830
0.0133408370
0.0169684860
0.0160911590
0.0168992150
0.0197680210
0.0216993200
0.0210232440
0.0177101970
0.0204194020
0.0070420370
0.0070116470
0.0070198930
0.0070028270
0.0069865790
0.0069393430
0.0069630300
0.0069540230
0.0069159290
0.0211209610
0.0072581660
0.0072541280
0.0072423710
0.0071831580
0.0072135620
0.0072286930
0.0072842110
0.0072010450
0.0070943290
0.0201181370
0.0070601550
0.0071031150
0.0071208320
0.0070395270
0.0069642160
0.0069535440
0.0070156790
0.0070558410
0.0070032300
0.0211941450
0.0071290070
0.0070427200
0.0083227210
0.0160084820
0.0081384710
0.0074782990
0.0075110580
0.0071579680
0.0071250860
0.0233354000
0.0105403110
0.0122416360
0.0104770290
0.0123280990
0.0104774850
0.0160957500
0.0105997660
0.0122633780
0.0104761200
0.0210090150
0.0071206910
0.0070970200
0.0070869880
0.0070791830
0.0070247780
0.0086467680
0.0076098780
0.0075567330
0.0074302830
0.0341856890
0.0240739360
0.0201851790
0.0199136710
0.0207845780
0.0126076770
0.0122681810
0.0113182240
0.0130080820
0.0158327230
0.0204842850
0.0070228610
0.0069870990
0.0069874850
0.0069927060
0.0070340690
0.0069377080
0.0070191590
0.0070174740
0.0069242430
0.0206185070
0.0070247970
0.0069711200
0.0070440610
0.0070316060
0.0070601580
0.0069474510
0.0069386060
0.0086981070
0.0088087220
0.0205641480
0.0074246360
0.0087978530
0.0087599940
0.0086850710
0.0087724300
0.0086577160
0.0084892690
0.0099813490
0.0121790410
