0.0000164570
0.0000042000
0.0000028510
0.0000028440
0.0000028980
0.0000031070
0.0000027990
0.0000028500
0.0000030950
0.0000031130
0.0000310370
0.0000059290
0.0000059380
0.0000053920
0.0000054980
0.0000059100
0.0000051010
0.0000053370
0.0000056520
0.0000053680
0.0000295150
0.0000059280
0.0000058480
0.0000053830
0.0000053360
0.0000058170
0.0000050960
0.0000051850
0.0000054960
0.0000051940
0.0000288420
0.0000058450
0.0000058420
0.0000053350
0.0000053600
0.0000058480
0.0000049840
0.0000051670
0.0000055350
0.0000051940
0.0000281270
0.0000060270
0.0000059780
0.0000054170
0.0000054410
0.0000058780
0.0000050160
0.0000051890
0.0000055840
0.0000051720
0.0000393800
0.0000067340
0.0000067040
0.0000061040
0.0000060910
0.0000066310
0.0000058300
0.0000059510
0.0000063150
0.0000059640
0.0000435710
0.0000070590
0.0000070460
0.0000071110
0.0000069280
0.0000070510
0.0000059970
0.0000064380
0.0000065890
0.0000061230
0.0000338000
0.0000066800
0.0000065810
0.0000060030
0.0000060530
0.0000065600
0.0000057060
0.0000059230
0.0000062620
0.0000058770
0.0000377870
0.0000068740
0.0000068670
0.0000070000
0.0000062320
0.0000068000
0.0000058710
0.0000061630
0.0000064760
0.0000061780
0.0000334090
0.0000065560
0.0000065380
0.0000060210
0.0000059780
0.0000065460
0.0000056420
0.0000058680
0.0000061810
0.0000058340
0.0000406210
0.0000082750
0.0000081770
0.0000069410
0.0000063240
0.0000068450
0.0000059420
0.0000065390
0.0000064960
0.0000060960
0.0000328980
0.0000068020
0.0000066660
0.0000061260
0.0000061490
0.0000066590
0.0000056960
0.0000059170
0.0000062610
0.0000059810
0.0000328610
0.0000066430
0.0000066220
0.0000060570
0.0000061330
0.0000065520
0.0000056940
0.0000058720
0.0000063580
0.0000059290
0.0000458960
0.0000079840
0.0000070500
0.0000064380
0.0000065310
0.0000075090
0.0000062720
0.0000068100
0.0000079790
0.0000064970
0.0001750120
0.0000070250
0.0000068330
0.0000061340
0.0000061320
0.0000066800
0.0000058240
0.0000060660
0.0000063810
0.0000059810
0.0000494360
0.0000078400
0.0000071800
0.0000066010
0.0000067400
0.0000073610
0.0000061370
0.0000062260
0.0000068490
0.0000064590
0.0000417490
0.0000072050
0.0000072120
0.0000066510
0.0000065830
0.0000070710
0.0000061300
0.0000062410
0.0000065430
0.0000062030
0.0000359460
0.0000073290
0.0000072790
0.0000064460
0.0000064390
0.0000068720
0.0000061340
0.0000065200
0.0000066260
0.0000060600
0.0000431430
0.0000076050
0.0000070000
0.0000064380
0.0000064290
0.0000070710
0.0000060990
0.0000063890
0.0000066530
0.0000063350
