0.0023981450
0.0017753990
0.0018639970
0.0017992140
0.0016599680
0.0016354150
0.0014848130
0.0007325240
0.0007535280
0.0005509760
0.0025978630
0.0006781870
0.0006012140
0.0006156750
0.0006132910
0.0005875590
0.0006206570
0.0005854590
0.0005809400
0.0005927290
0.0034096960
0.0014592410
0.0013752080
0.0014171050
0.0013887100
0.0013502900
0.0013455130
0.0011743060
0.0010379260
0.0010224050
0.0023393880
0.0007973890
0.0006863690
0.0006813720
0.0006273600
0.0006103370
0.0006245970
0.0006342300
0.0006139650
0.0005997790
0.0044415410
0.0033915670
0.0032374250
0.0033773730
0.0031749220
0.0030545910
0.0029725250
0.0026169760
0.0023327580
0.0023656160
0.0023919270
0.0008750590
0.0008126940
0.0007945620
0.0007913280
0.0007611270
0.0007575130
0.0007228660
0.0006790300
0.0006703650
0.0029697930
0.0013955170
0.0013760920
0.0013805390
0.0011269120
0.0011587330
0.0015116640
0.0015317600
0.0013214330
0.0015246590
0.0027766570
0.0010409390
0.0008969770
0.0009208940
0.0008658850
0.0008452340
0.0008250030
0.0008203880
0.0008199140
0.0008049010
0.0030347720
0.0009399010
0.0008001970
0.0008141370
0.0008089330
0.0007411480
0.0007375830
0.0007322650
0.0007132620
0.0006681260
0.0032207260
0.0011341600
0.0012965050
0.0013402480
0.0013215330
0.0012854950
0.0011814610
0.0010048660
0.0009698290
0.0009973260
0.0029791100
0.0014035380
0.0013386930
0.0013642110
0.0013009560
0.0012777580
0.0014801030
0.0013983920
0.0013531570
0.0012884670
0.0032110690
0.0017321360
0.0014593150
0.0014868900
0.0016188380
0.0015941930
0.0013478330
0.0013476710
0.0015414030
0.0015261080
0.0027591520
0.0009661230
0.0008481440
0.0008737940
0.0008903230
0.0008753020
0.0009215190
0.0008966450
0.0008848640
0.0008138310
0.0039747160
0.0029251110
0.0029327390
0.0029578630
0.0030449190
0.0034392950
0.0031867370
0.0029953280
0.0029558860
0.0027879800
0.0027184300
0.0012453910
0.0013412400
0.0011259440
0.0012887240
0.0010896030
0.0012513790
0.0011953480
0.0011548490
0.0011799320
0.0026303380
0.0009121120
0.0008133140
0.0007772500
0.0007212420
0.0007022340
0.0007038650
0.0007254200
0.0007496580
0.0007345660
0.0027663530
0.0010280430
0.0008924760
0.0009154880
0.0008784110
0.0008312810
0.0008360960
0.0008162820
0.0008050810
0.0007974280
0.0029368930
0.0012007250
0.0011203120
0.0011986930
0.0013145990
0.0012761310
0.0012500950
0.0012532920
0.0012409980
0.0010030530
