0.0000004220
0.0000000860
0.0000000730
0.0000000570
0.0000001940
0.0000000520
0.0000000510
0.0000000550
0.0000000570
0.0000000560
0.0000008180
0.0000005920
0.0000005410
0.0000007130
0.0000005480
0.0000004540
0.0000003750
0.0000003120
0.0000002540
0.0000004410
0.0000008840
0.0000006510
0.0000005740
0.0000006390
0.0000004980
0.0000004600
0.0000003470
0.0000002810
0.0000002650
0.0000004240
0.0000016110
0.0000009830
0.0000010170
0.0000010870
0.0000008570
0.0000008350
0.0000006860
0.0000006020
0.0000005800
0.0000007580
0.0000011960
0.0000006520
0.0000005880
0.0000008580
0.0000005100
0.0000005680
0.0000003840
0.0000004750
0.0000003120
0.0000004420
0.0000016090
0.0000011950
0.0000006530
0.0000007160
0.0000005480
0.0000005020
0.0000004310
0.0000003230
0.0000003170
0.0000004620
0.0000009130
0.0000007830
0.0000005800
0.0000011170
0.0000005300
0.0000005400
0.0000009280
0.0000003790
0.0000003080
0.0000004860
0.0000010290
0.0000006260
0.0000006480
0.0000008140
0.0000006240
0.0000005600
0.0000004460
0.0000003850
0.0000003860
0.0000005650
0.0000009850
0.0000006550
0.0000005930
0.0000007520
0.0000005290
0.0000005610
0.0000004090
0.0000003310
0.0000002980
0.0000005200
0.0000016580
0.0000005860
0.0000005940
0.0000007080
0.0000005330
0.0000005330
0.0000004520
0.0000003450
0.0000003080
0.0000005140
0.0000010360
0.0000006910
0.0000006300
0.0000007800
0.0000006320
0.0000006050
0.0000004780
0.0000004300
0.0000003330
0.0000004820
0.0000010100
0.0000007650
0.0000005770
0.0000007680
0.0000005750
0.0000005800
0.0000004370
0.0000004450
0.0000003240
0.0000005320
0.0000009900
0.0000009940
0.0000006360
0.0000008120
0.0000005800
0.0000005870
0.0000004640
0.0000003970
0.0000003450
0.0000005260
0.0000011250
0.0000006910
0.0000005480
0.0000007330
0.0000005390
0.0000005420
0.0000004480
0.0000003600
0.0000002820
0.0000004830
0.0000010190
0.0000006070
0.0000005970
0.0000007320
0.0000005540
0.0000005570
0.0000004520
0.0000004030
0.0000003390
0.0000005180
0.0000010000
0.0000007280
0.0000006720
0.0000008410
0.0000006200
0.0000005690
0.0000003640
0.0000003660
0.0000003250
0.0000005090
0.0000010370
0.0000006070
0.0000005580
0.0000007410
0.0000005260
0.0000005010
0.0000003540
0.0000003520
0.0000003330
0.0000004930
