0.0055252210
0.0042566260
0.0042210910
0.0041339960
0.0041827380
0.0041090910
0.0039010960
0.0015143110
0.0016430050
0.0013489330
0.0055360380
0.0028771130
0.0028399430
0.0036830100
0.0034508650
0.0030685520
0.0026173320
0.0025622220
0.0028851120
0.0029043470
0.0053381250
0.0017786400
0.0016442360
0.0016629070
0.0016103440
0.0016143140
0.0015857100
0.0016080300
0.0015887870
0.0017450920
0.0062391850
0.0026347940
0.0025188820
0.0029736900
0.0031119630
0.0029174540
0.0028492390
0.0028774580
0.0023845970
0.0024012060
0.0052356810
0.0017370770
0.0016367170
0.0016429300
0.0015937010
0.0015887240
0.0015852820
0.0015648780
0.0015778540
0.0015459400
0.0081896690
0.0057594170
0.0053485140
0.0044016300
0.0040247190
0.0036614370
0.0034348600
0.0038482230
0.0042650990
0.0042263800
0.0054304610
0.0019024550
0.0017697580
0.0017749190
0.0016527830
0.0016280230
0.0016174500
0.0015798630
0.0015961220
0.0015445530
0.0050257190
0.0017313660
0.0016392300
0.0016663550
0.0016102080
0.0016240490
0.0015936770
0.0015940730
0.0016123780
0.0015633280
0.0053797920
0.0018648610
0.0020098470
0.0025115470
0.0038800260
0.0048230020
0.0046420190
0.0047185590
0.0048188640
0.0025514840
0.0056974070
0.0018343610
0.0017125470
0.0017600560
0.0018383450
0.0017843980
0.0017324040
0.0016165940
0.0017085310
0.0016592560
0.0050829670
0.0017005510
0.0016023510
0.0016190020
0.0015717870
0.0015719880
0.0015615500
0.0015615870
0.0015515340
0.0015462490
0.0089821460
0.0064135850
0.0070779320
0.0058538180
0.0052062160
0.0050312800
0.0061283870
0.0053028710
0.0054801930
0.0052131580
0.0057617390
0.0026270930
0.0025616260
0.0025853230
0.0025216480
0.0025140050
0.0024874320
0.0024872680
0.0024847750
0.0024527320
0.0055468540
0.0017514440
0.0016352020
0.0016747020
0.0016036670
0.0015989760
0.0016037440
0.0015862820
0.0015971430
0.0015596140
0.0052634900
0.0017625140
0.0016542780
0.0018442870
0.0018852500
0.0022160810
0.0025183250
0.0025552040
0.0025797160
0.0025457020
0.0053404990
0.0017053550
0.0015925960
0.0016458910
0.0015987260
0.0015804960
0.0015463910
0.0015595580
0.0015574940
0.0015144250
0.0055796180
0.0018223380
0.0016913220
0.0016588050
0.0016027420
0.0015797380
0.0016031930
0.0015518410
0.0015473270
0.0015467210
0.0052465850
0.0017247680
0.0016253540
0.0016503790
0.0016184000
0.0016098520
0.0015612310
0.0015908950
0.0015743110
0.0015292800
0.0053978940
0.0023469950
0.0033305270
0.0032194570
0.0032557860
0.0033220030
0.0031376250
0.0035897790
0.0037481110
0.0040169130
