0.0349318390
0.0140062050
0.0140960930
0.0145350050
0.0255335660
0.0216034650
0.0223326820
0.0432260370
0.0472743980
0.0520294250
0.0353550500
0.0171669070
0.0171466830
0.0207223800
0.0217739050
0.0268705700
0.0313977130
0.0322923160
0.0332137520
0.0458354220
0.0413311800
0.0218694610
0.0218639180
0.0220853870
0.0221423240
0.0221544470
0.0222206590
0.0222580690
0.0150820840
0.0140567170
0.0483077510
0.0327424440
0.0324952930
0.0294555010
0.0242703430
0.0235437640
0.0234349640
0.0172109210
0.0148051560
0.0144022580
0.0361871360
0.0153580150
0.0145561590
0.0138654570
0.0142360780
0.0145067120
0.0138238490
0.0138422920
0.0136954130
0.0136386800
0.0444064390
0.0160579780
0.0232483220
0.0153582040
0.0148605740
0.0145238640
0.0143741880
0.0151773170
0.0153046310
0.0151809230
0.0389986550
0.0151621330
0.0141328780
0.0138122240
0.0137645990
0.0137200020
0.0154443660
0.0143919420
0.0139185130
0.0140524550
0.0503768980
0.0155572110
0.0154016070
0.0152847260
0.0151489120
0.0151316770
0.0150326590
0.0152220460
0.0153082100
0.0152563640
0.0399730090
0.0144615560
0.0143482240
0.0145151230
0.0144459800
0.0193498930
0.0221180910
0.0346731630
0.0429445510
0.0485749850
0.0493015640
0.0357950840
0.0425878050
0.0455339580
0.0403568980
0.0537569790
0.0405335570
0.0317636870
0.0235680790
0.0162678580
0.0466010950
0.0225091430
0.0156512820
0.0146270800
0.0146153800
0.0142623010
0.0144144770
0.0146179410
0.0176218980
0.0177168860
0.0446955040
0.0151053250
0.0146252630
0.0145549870
0.0145556940
0.0146342780
0.0144324460
0.0145068140
0.0145020040
0.0144267670
0.0412731910
0.0144685270
0.0162407810
0.0147064950
0.0153466200
0.0152095580
0.0188685210
0.0147387590
0.0145611680
0.0144401310
0.0444098280
0.0165743220
0.0213921930
0.0287313850
0.0326172530
0.0326358110
0.0324728910
0.0324931870
0.0181810680
0.0148678450
0.0490253810
0.0236175400
0.0323130710
0.0533260950
0.0162064230
0.0147243330
0.0143125480
0.0142745680
0.0142489000
0.0142185840
0.0483213510
0.0324742200
0.0249464460
0.0248721880
0.0166528170
0.0183047880
0.0187712820
0.0229636170
0.0228852630
0.0229132160
0.0557333270
0.0241781490
0.0230683810
0.0183893680
0.0153367820
0.0143749690
0.0144118070
0.0142613670
0.0145843300
0.0140889300
0.0557094520
0.0172735000
0.0159671720
0.0233721230
0.0240957440
0.0155649320
0.0144753310
0.0145475770
0.0145065620
0.0143635230
0.0425263910
0.0141745970
0.0141061640
0.0142750880
0.0142531950
0.0142719370
0.0141831420
0.0142718100
0.0142587210
0.0172314730
