0.0007862000
0.0003409610
0.0002155830
0.0001604440
0.0001320890
0.0001290770
0.0001149480
0.0001090120
0.0001127850
0.0001333760
0.0005251780
0.0000926260
0.0000862790
0.0002294880
0.0000878140
0.0000854850
0.0000862600
0.0000855710
0.0000851230
0.0000861350
0.0005500850
0.0000944860
0.0000834210
0.0000839350
0.0000855870
0.0000837700
0.0000847190
0.0000833750
0.0000837040
0.0000849120
0.0005519770
0.0000868730
0.0000826920
0.0000823980
0.0000843740
0.0000824810
0.0000841080
0.0000820700
0.0000829640
0.0000839850
0.0006169460
0.0000958080
0.0000883590
0.0000882990
0.0000918660
0.0000882420
0.0000915320
0.0000879940
0.0000876720
0.0000916950
0.0005417040
0.0000948080
0.0000895630
0.0000896630
0.0000943820
0.0000884850
0.0000939840
0.0000872540
0.0000878050
0.0000892300
0.0006024350
0.0001168360
0.0000996240
0.0000985600
0.0000989350
0.0000984290
0.0000996650
0.0000996980
0.0001103450
0.0001097600
0.0006748670
0.0001306490
0.0001132500
0.0001090820
0.0001101560
0.0001081280
0.0001100360
0.0001072310
0.0001096400
0.0001097000
0.0006956670
0.0002274240
0.0001916060
0.0001462380
0.0001352590
0.0001327470
0.0001385030
0.0001311450
0.0001246990
0.0001206700
0.0006549840
0.0002005890
0.0001337680
0.0001168370
0.0001176330
0.0001091840
0.0001084430
0.0001060560
0.0001065110
0.0001088520
0.0006485320
0.0001142710
0.0001005080
0.0001000110
0.0001005690
0.0000981840
0.0001003860
0.0000986860
0.0001001910
0.0001009940
0.0007114130
0.0001041480
0.0000997970
0.0000972420
0.0000983240
0.0000992230
0.0001011350
0.0000981730
0.0000984490
0.0000970660
0.0006168600
0.0001009380
0.0000958610
0.0000953310
0.0000956890
0.0000946020
0.0001003450
0.0000948320
0.0000951600
0.0000955410
0.0005971230
0.0001034720
0.0001074880
0.0001036530
0.0001024750
0.0001043480
0.0001011180
0.0001026530
0.0001071570
0.0001022390
0.0006665210
0.0001880280
0.0001288100
0.0001188450
0.0001120980
0.0001093650
0.0001084480
0.0001063660
0.0001053440
0.0001094370
0.0006178790
0.0001056810
0.0001009840
0.0001019000
0.0001018720
0.0001004570
0.0000997520
0.0001005370
0.0001003330
0.0000994100
0.0007137390
0.0001755050
0.0001365370
0.0001164030
0.0001114850
0.0001110780
0.0001126280
0.0001111230
0.0001104770
0.0001249600
0.0007670200
0.0002824400
0.0002270810
0.0001681890
0.0001439410
0.0001349510
0.0001267520
0.0001221170
0.0001194840
0.0001189430
