0.0000016230
0.0000006360
0.0000006150
0.0000007780
0.0000005810
0.0000005520
0.0000004340
0.0000004380
0.0000003570
0.0000004970
0.0000011400
0.0000009200
0.0000008500
0.0000009890
0.0000008560
0.0000008600
0.0000007000
0.0000004440
0.0000004180
0.0000005690
0.0000011730
0.0000008810
0.0000008780
0.0000009960
0.0000008560
0.0000008240
0.0000007330
0.0000006570
0.0000006290
0.0000007500
0.0000015980
0.0000012340
0.0000008350
0.0000009810
0.0000008170
0.0000007710
0.0000006270
0.0000005820
0.0000005150
0.0000007470
0.0000015200
0.0000011840
0.0000011230
0.0000009690
0.0000008000
0.0000007790
0.0000005910
0.0000005480
0.0000004910
0.0000007210
0.0000011670
0.0000008890
0.0000008740
0.0000010010
0.0000008680
0.0000008420
0.0000007060
0.0000005980
0.0000004260
0.0000005300
0.0000012090
0.0000009320
0.0000009350
0.0000010450
0.0000009040
0.0000007270
0.0000005270
0.0000004500
0.0000003920
0.0000005600
0.0000015750
0.0000007940
0.0000007740
0.0000009210
0.0000007430
0.0000007290
0.0000005580
0.0000005600
0.0000004980
0.0000006020
0.0000012190
0.0000008270
0.0000007230
0.0000008880
0.0000006960
0.0000006300
0.0000005360
0.0000004630
0.0000004420
0.0000005880
0.0000011880
0.0000007680
0.0000007290
0.0000008100
0.0000007040
0.0000007030
0.0000005340
0.0000004850
0.0000004310
0.0000006400
0.0000016330
0.0000008410
0.0000007970
0.0000011580
0.0000007460
0.0000007210
0.0000005710
0.0000005070
0.0000004870
0.0000006300
0.0000016100
0.0000014490
0.0000007560
0.0000010240
0.0000008050
0.0000006730
0.0000007190
0.0000007750
0.0000004830
0.0000005730
0.0000019310
0.0000008160
0.0000007590
0.0000009210
0.0000007370
0.0000006950
0.0000005550
0.0000006010
0.0000004860
0.0000006190
0.0000014480
0.0000010380
0.0000010320
0.0000012300
0.0000008670
0.0000008060
0.0000006330
0.0000005650
0.0000005750
0.0000007520
0.0000014410
0.0000009330
0.0000007370
0.0000009100
0.0000007270
0.0000006790
0.0000004760
0.0000008580
0.0000004950
0.0000005750
0.0000013460
0.0000010300
0.0000007440
0.0000008440
0.0000007070
0.0000006730
0.0000005380
0.0000005120
0.0000004460
0.0000006200
0.0000016580
0.0000010960
0.0000007130
0.0000008350
0.0000006940
0.0000006670
0.0000008100
0.0000005040
0.0000004490
0.0000005980
0.0000014190
0.0000007320
0.0000008010
0.0000009170
0.0000007650
0.0000006990
0.0000005870
0.0000005600
0.0000004700
0.0000006680
