0.0002101120
0.0000752330
0.0001001500
0.0000870500
0.0000692360
0.0000554030
0.0000688090
0.0000594810
0.0000511500
0.0000467970
0.0004256540
0.0001161130
0.0000628350
0.0000491290
0.0000482890
0.0000473460
0.0000475180
0.0000462270
0.0000479440
0.0000472920
0.0002703480
0.0000433550
0.0000415690
0.0000412900
0.0000409930
0.0000408700
0.0000408620
0.0000411050
0.0000407860
0.0000409950
0.0002751240
0.0000434970
0.0000423140
0.0000424780
0.0000425480
0.0000422950
0.0000418640
0.0000420430
0.0000417300
0.0000418150
0.0003413210
0.0000526900
0.0000499580
0.0000500820
0.0000500010
0.0000498270
0.0000497240
0.0000495560
0.0000500000
0.0000497120
0.0003493530
0.0000647250
0.0000555230
0.0000531600
0.0000534390
0.0000538800
0.0000538020
0.0000536090
0.0000537660
0.0000539980
0.0002907440
0.0000498700
0.0000496140
0.0000497940
0.0000495160
0.0000499630
0.0000498200
0.0000504890
0.0000502390
0.0000499040
0.0002901450
0.0000499970
0.0000488300
0.0000490860
0.0000491840
0.0000491970
0.0000496000
0.0000491910
0.0000532810
0.0000497620
0.0003762530
0.0000797180
0.0000608220
0.0000561620
0.0000572450
0.0000560820
0.0000565950
0.0000557850
0.0000559730
0.0000568390
0.0004349930
0.0000971510
0.0000692660
0.0000557240
0.0000536510
0.0000534560
0.0000508720
0.0000521370
0.0000516730
0.0000515400
0.0004092000
0.0001149640
0.0000774220
0.0000595480
0.0000541730
0.0000553150
0.0000538900
0.0000537070
0.0000676250
0.0000609940
0.0003826600
0.0001019750
0.0000714210
0.0000651340
0.0000633650
0.0000655210
0.0000656440
0.0000658910
0.0002107730
0.0000729580
0.0002906960
0.0000468320
0.0000464640
0.0000475680
0.0000468730
0.0000465030
0.0000538320
0.0000477970
0.0000479710
0.0000475190
0.0005154970
0.0001665890
0.0000971460
0.0000743240
0.0000685090
0.0000632560
0.0000630760
0.0000608910
0.0000624520
0.0000629780
0.0005337720
0.0001419270
0.0000859360
0.0000605990
0.0000518620
0.0000529220
0.0000609030
0.0000530820
0.0000523730
0.0000526470
0.0003328150
0.0000587950
0.0000519260
0.0000510330
0.0000513180
0.0000508080
0.0000502290
0.0000509920
0.0000506110
0.0000590490
0.0004615450
0.0001439010
0.0000863890
0.0000584350
0.0000537920
0.0000542160
0.0000543520
0.0000542570
0.0000540820
0.0000549130
0.0002875330
0.0000505990
0.0000516090
0.0000473050
0.0000482720
0.0000472390
0.0000468240
0.0000472150
0.0000462010
0.0000469310
0.0003775260
0.0000702510
0.0000587160
0.0000539450
0.0000544400
0.0000542500
0.0000538590
0.0000539700
0.0000534800
0.0000541940
