0.0011539180
0.0002358970
0.0002283470
0.0002018310
0.0002102280
0.0002052840
0.0002132690
0.0002055390
0.0002061020
0.0002019420
0.0015560170
0.0003189530
0.0002704970
0.0002476610
0.0002659680
0.0002612300
0.0002632850
0.0002786170
0.0002838460
0.0002973280
0.0011200290
0.0002257960
0.0002200560
0.0002001810
0.0001982750
0.0001985370
0.0001985490
0.0001942000
0.0001967410
0.0001954730
0.0014814130
0.0005171400
0.0004265690
0.0004908200
0.0005094210
0.0004798700
0.0004081610
0.0004225610
0.0004573650
0.0004583420
0.0011193350
0.0002254470
0.0002239050
0.0002085500
0.0002118780
0.0002090050
0.0002039870
0.0002094780
0.0002071380
0.0002088710
0.0011535120
0.0002822470
0.0002987670
0.0002708260
0.0002425810
0.0002363390
0.0002230800
0.0002295860
0.0002235460
0.0002218330
0.0014996670
0.0006926490
0.0005721900
0.0005437640
0.0004705600
0.0005070490
0.0004892450
0.0004678130
0.0004667590
0.0004515770
0.0014079290
0.0006060930
0.0004852350
0.0004511150
0.0004873880
0.0004425650
0.0004060190
0.0004000650
0.0003931130
0.0003657010
0.0015977730
0.0006923920
0.0006036520
0.0005951500
0.0005073750
0.0005402420
0.0005466110
0.0005280630
0.0004660540
0.0003954260
0.0013248000
0.0004063990
0.0003175510
0.0003037200
0.0002793160
0.0002843160
0.0002845960
0.0002739710
0.0002791940
0.0002778890
0.0017964130
0.0008879880
0.0007727440
0.0007578460
0.0006518110
0.0006164030
0.0005982180
0.0005589500
0.0006066610
0.0006552740
0.0020342000
0.0013304320
0.0011851540
0.0012550120
0.0012076900
0.0011685760
0.0012174700
0.0011957480
0.0011479530
0.0010225620
0.0032395390
0.0014938150
0.0015613430
0.0014954640
0.0015123580
0.0011832280
0.0011676350
0.0012567670
0.0011566200
0.0009693770
0.0012433130
0.0002521350
0.0002440790
0.0002255110
0.0002324920
0.0002346660
0.0002465960
0.0002329300
0.0002301940
0.0002357970
0.0013464120
0.0006005760
0.0004623380
0.0004067490
0.0004102690
0.0004739280
0.0004609370
0.0004669880
0.0004659320
0.0004424690
0.0014072780
0.0005029320
0.0003987140
0.0003810460
0.0003875960
0.0003722480
0.0003744170
0.0003715830
0.0003676540
0.0003484710
0.0012383630
0.0002456770
0.0002421000
0.0002251050
0.0002309130
0.0002288480
0.0002320680
0.0002325330
0.0002317370
0.0002348810
