0.0744837720
0.0433286490
0.0431437430
0.0393522380
0.0395235550
0.0396026360
0.0394728190
0.0394944410
0.0393891200
0.0395433160
0.0700083680
0.0451938680
0.0452417640
0.0453581260
0.0450202540
0.0451913720
0.0452158420
0.0451751930
0.0454494290
0.0451593350
0.0602663800
0.0408034890
0.0408419050
0.0407814160
0.0408149940
0.0407897280
0.0407653130
0.0407386290
0.0406958030
0.0408422210
0.0588842890
0.0395678470
0.0395875770
0.0395466740
0.0394320290
0.0396184510
0.0395533310
0.0395696720
0.0395319060
0.0395963080
0.0597047620
0.0409107130
0.0408487150
0.0409147370
0.0407528480
0.0410384770
0.0410518070
0.0408574370
0.0409281390
0.0410582900
