0.0384455520
0.0260502750
0.0236910990
0.0277441340
0.0255220530
0.0256294970
0.0281270350
0.0256004210
0.0255812370
0.0274128980
0.0366287020
0.0235883580
0.0237326750
0.0235617820
0.0244610050
0.0235209700
0.0242184850
0.0236050220
0.0237190230
0.0241954420
0.0387458180
0.0251673950
0.0238199370
0.0235441820
0.0234976190
0.0233481830
0.0242298580
0.0242347880
0.0233135590
0.0234172550
0.0485890070
0.0298120910
0.0273624600
0.0260367780
0.0261403230
0.0261387930
0.0261113910
0.0262017810
0.0261613130
0.0261708190
0.0377173150
0.0239079610
0.0236647350
0.0236282800
0.0244993230
0.0235984220
0.0240976500
0.0235667040
0.0237118680
0.0243127520
