0.0000041840
0.0000032360
0.0000041110
0.0000042010
0.0000041730
0.0000039320
0.0000038630
0.0000040700
0.0000039430
0.0000040590
0.0000041820
0.0000026120
0.0000021520
0.0000021580
0.0000021530
0.0000019680
0.0000019170
0.0000020260
0.0000019360
0.0000020360
0.0000041430
0.0000026230
0.0000021740
0.0000021370
0.0000020620
0.0000019850
0.0000019610
0.0000020430
0.0000019490
0.0000020370
0.0000044190
0.0000026720
0.0000021020
0.0000022480
0.0000021280
0.0000019410
0.0000018640
0.0000020190
0.0000019370
0.0000020760
0.0000042700
0.0000026800
0.0000022260
0.0000021610
0.0000021150
0.0000019160
0.0000019190
0.0000020730
0.0000019430
0.0000021080
