0.0012560370
0.0004254030
0.0004291000
0.0004396900
0.0004435560
0.0004408560
0.0004402190
0.0004453450
0.0004404230
0.0004404710
0.0012410800
0.0004028120
0.0004042990
0.0004058530
0.0003973040
0.0004067930
0.0004028530
0.0004061300
0.0004061750
0.0004064400
0.0011124720
0.0004049820
0.0004083660
0.0003996540
0.0003997360
0.0004052480
0.0004075720
0.0004049780
0.0003982190
0.0004077330
0.0013247480
0.0004227350
0.0004265720
0.0004268350
0.0004194750
0.0004246920
0.0004247530
0.0004201720
0.0004270200
0.0004210790
0.0012778740
0.0004251690
0.0004428020
0.0004465360
0.0004478020
0.0004427820
0.0004408140
0.0004476580
0.0004436490
0.0004437800
0.0013243410
0.0004200560
0.0004155260
0.0004205670
0.0004171540
0.0004164210
0.0004196120
0.0004163670
0.0004240630
0.0004235630
0.0013116630
0.0005048820
0.0005081160
0.0004990290
0.0005077830
0.0005068670
0.0005087310
0.0005045590
0.0005074250
0.0005149240
0.0010565060
0.0004253980
0.0004406560
0.0004319270
0.0004350280
0.0004381210
0.0004328290
0.0004378190
0.0004360630
0.0004354620
0.0012850030
0.0004126490
0.0004075860
0.0004175300
0.0004236940
0.0004159600
0.0004167030
0.0004232990
0.0004163980
0.0004197770
0.0012490770
0.0004268110
0.0004209930
0.0004371350
0.0004309870
0.0004148560
0.0004184720
0.0004326030
0.0004164760
0.0004291880
