0.0005489970
0.0002119480
0.0002123060
0.0002179820
0.0002182520
0.0002169270
0.0002186620
0.0002205890
0.0002202150
0.0002207070
0.0006303850
0.0002189470
0.0002178270
0.0002251460
0.0002130080
0.0002167110
0.0002233440
0.0002186470
0.0002200940
0.0002240200
0.0005368540
0.0002081590
0.0002119200
0.0002103310
0.0002094860
0.0002123880
0.0002134570
0.0002122660
0.0002122820
0.0002185580
0.0006317810
0.0002136740
0.0002016070
0.0002005790
0.0002048450
0.0001990910
0.0001986850
0.0001984380
0.0001985660
0.0001988870
0.0006136330
0.0001858460
0.0001756800
0.0001751960
0.0001681420
0.0001722300
0.0001753130
0.0001737080
0.0001761470
0.0001778490
0.0006794630
0.0002235950
0.0002055370
0.0002073200
0.0002081390
0.0002054560
0.0002054370
0.0002086180
0.0002054690
0.0002063210
0.0005432600
0.0002011540
0.0002009630
0.0002090810
0.0002002030
0.0002058300
0.0002040970
0.0002018450
0.0002047040
0.0002034440
0.0006434320
0.0002111720
0.0002066640
0.0002043690
0.0001976520
0.0002047220
0.0002044610
0.0002009030
0.0002064070
0.0002040110
0.0006067970
0.0002019970
0.0002037010
0.0001992700
0.0001958760
0.0002033900
0.0001972290
0.0001988570
0.0001989840
0.0001970930
0.0006307290
0.0002475880
0.0002534830
0.0002507050
0.0002393530
0.0002443560
0.0002479590
0.0002523670
0.0002453380
0.0002500120
