0.0029361740
0.0011723340
0.0011259100
0.0010944860
0.0010795670
0.0010802230
0.0010872340
0.0010495100
0.0010567230
0.0010549790
0.0029994350
0.0011896260
0.0011399880
0.0011171510
0.0011222580
0.0011231520
0.0011202920
0.0010863800
0.0010873770
0.0010898120
0.0029650960
0.0011591940
0.0011171130
0.0010880630
0.0010883060
0.0010828670
0.0010785190
0.0010585490
0.0010525870
0.0010596080
0.0030910980
0.0012311060
0.0011624130
0.0011642280
0.0011603040
0.0011751350
0.0011661470
0.0011425560
0.0011233030
0.0011254190
0.0029363880
0.0010983740
0.0010720230
0.0010843000
0.0010838620
0.0010654150
0.0011076090
0.0010797120
0.0011025320
0.0011248260
