0.0000530120
0.0000127050
0.0000134900
0.0000138310
0.0000133610
0.0000128550
0.0000126230
0.0000126920
0.0000125240
0.0000125920
0.0000551020
0.0000127610
0.0000145520
0.0000141140
0.0000134760
0.0000127420
0.0000126880
0.0000126790
0.0000124460
0.0000126290
0.0000543560
0.0000126930
0.0000131800
0.0000131770
0.0000132200
0.0000127870
0.0000124820
0.0000125250
0.0000130300
0.0000120040
0.0000359690
0.0000128490
0.0000132750
0.0000135480
0.0000135120
0.0000128190
0.0000125220
0.0000170140
0.0000126100
0.0000127740
0.0000367620
0.0000132280
0.0000135400
0.0000147130
0.0000178370
0.0000129360
0.0000125720
0.0000127950
0.0000125680
0.0000126320
