0.0000190820
0.0000055070
0.0000051070
0.0000051600
0.0000053320
0.0000067120
0.0000050630
0.0000047610
0.0000045810
0.0000052050
0.0000194210
0.0000057080
0.0000055110
0.0000053710
0.0000052960
0.0000051920
0.0000047560
0.0000051340
0.0000049530
0.0000051530
0.0000154780
0.0000055200
0.0000051130
0.0000053880
0.0000053590
0.0000056980
0.0000068370
0.0000068530
0.0000067310
0.0000050580
0.0000200200
0.0000062470
0.0000053230
0.0000070870
0.0000052060
0.0000068390
0.0000052660
0.0000052520
0.0000051850
0.0000053400
0.0000180700
0.0000062540
0.0000054240
0.0000072050
0.0000071050
0.0000050660
0.0000069620
0.0000049220
0.0000066810
0.0000069350
