0.0000017210
0.0000007580
0.0000006410
0.0000007860
0.0000005930
0.0000005120
0.0000004140
0.0000003330
0.0000003230
0.0000004740
0.0000017020
0.0000006550
0.0000005660
0.0000007830
0.0000005960
0.0000005270
0.0000004000
0.0000003210
0.0000003150
0.0000004610
0.0000017580
0.0000008350
0.0000005740
0.0000008250
0.0000006430
0.0000004950
0.0000004720
0.0000004230
0.0000003850
0.0000004690
0.0000016300
0.0000006630
0.0000005580
0.0000007030
0.0000005450
0.0000004890
0.0000003700
0.0000003300
0.0000003280
0.0000004410
0.0000016320
0.0000006760
0.0000005680
0.0000007260
0.0000005840
0.0000004790
0.0000003860
0.0000003240
0.0000003260
0.0000004560
0.0000020370
0.0000007230
0.0000006370
0.0000009970
0.0000006110
0.0000004930
0.0000003770
0.0000003380
0.0000003290
0.0000004970
0.0000016200
0.0000007460
0.0000006330
0.0000007700
0.0000005670
0.0000004850
0.0000004050
0.0000003430
0.0000003290
0.0000004480
0.0000022150
0.0000008980
0.0000005540
0.0000009650
0.0000007260
0.0000005420
0.0000005900
0.0000005400
0.0000004410
0.0000004750
0.0000015590
0.0000007180
0.0000006830
0.0000007340
0.0000005560
0.0000004650
0.0000003760
0.0000003600
0.0000003240
0.0000004860
0.0000025270
0.0000008270
0.0000005710
0.0000009360
0.0000007140
0.0000005070
0.0000005350
0.0000005040
0.0000004850
0.0000004560
