0.0000077020
0.0000045020
0.0000039210
0.0000040230
0.0000039310
0.0000037310
0.0000037750
0.0000038110
0.0000036690
0.0000038940
0.0000070890
0.0000044120
0.0000053960
0.0000039410
0.0000053220
0.0000037640
0.0000037540
0.0000037610
0.0000037080
0.0000042100
0.0000071220
0.0000040630
0.0000038450
0.0000037890
0.0000037900
0.0000036290
0.0000036400
0.0000036500
0.0000036060
0.0000037580
0.0000073230
0.0000040500
0.0000039650
0.0000038030
0.0000038880
0.0000036050
0.0000036740
0.0000037350
0.0000036320
0.0000037670
0.0000069250
0.0000044460
0.0000053420
0.0000039210
0.0000054310
0.0000037450
0.0000037520
0.0000038410
0.0000036610
0.0000037780
0.0000067800
0.0000039680
0.0000038530
0.0000038570
0.0000038470
0.0000037080
0.0000035870
0.0000036950
0.0000035700
0.0000114720
0.0000075560
0.0000039580
0.0000038220
0.0000039890
0.0000038580
0.0000036540
0.0000036760
0.0000037090
0.0000036420
0.0000037830
0.0000069360
0.0000040570
0.0000038330
0.0000038850
0.0000038240
0.0000036870
0.0000036280
0.0000037100
0.0000035970
0.0000037490
0.0000071300
0.0000046570
0.0000039970
0.0000039350
0.0000039180
0.0000038230
0.0000037070
0.0000037630
0.0000038190
0.0000038150
0.0000073820
0.0000044690
0.0000039160
0.0000040070
0.0000038620
0.0000037390
0.0000037160
0.0000128620
0.0000037740
0.0000038790
