0.0001642630
0.0000448570
0.0000417230
0.0000421980
0.0000445140
0.0000420840
0.0000421080
0.0000421030
0.0000414830
0.0000414620
0.0001379800
0.0000449420
0.0000435620
0.0000438470
0.0000439330
0.0000425630
0.0000374860
0.0000418840
0.0000375010
0.0000376080
0.0001598600
0.0000434010
0.0000420260
0.0000422190
0.0000425280
0.0000425910
0.0000414700
0.0000378240
0.0000370980
0.0000372780
0.0001547490
0.0000444080
0.0000438010
0.0000428910
0.0000426850
0.0000461700
0.0000445190
0.0000432970
0.0000438800
0.0000445070
0.0001287240
0.0000450870
0.0000436930
0.0000411810
0.0000414400
0.0000410570
0.0000409680
0.0000429940
0.0000403700
0.0000403830
0.0001652010
0.0000449050
0.0000436180
0.0000450590
0.0000380100
0.0000379450
0.0000373870
0.0000377770
0.0000372810
0.0000378220
0.0001599160
0.0000438170
0.0000438260
0.0000431550
0.0000395350
0.0000388650
0.0000381750
0.0000384180
0.0000371670
0.0000379960
0.0001573600
0.0000437980
0.0000436840
0.0000409960
0.0000412960
0.0000419410
0.0000407810
0.0000409810
0.0000407290
0.0000406150
0.0001260710
0.0000436970
0.0000450300
0.0000471800
0.0000449950
0.0000391920
0.0000373150
0.0000377640
0.0000371930
0.0000372130
0.0001196180
0.0000423000
0.0000427090
0.0000451160
0.0000379710
0.0000376500
0.0000374840
0.0000375250
0.0000374690
0.0000371740
