0.0025419720
0.0007823460
0.0007549350
0.0007717590
0.0007509150
0.0007470310
0.0007510100
0.0007489340
0.0007532780
0.0007525160
0.0024615590
0.0007818790
0.0007466950
0.0007603260
0.0007384770
0.0007359720
0.0007379980
0.0007401460
0.0007390290
0.0007406780
0.0023610400
0.0008733690
0.0008802440
0.0008873150
0.0008945130
0.0008933400
0.0008971220
0.0008971100
0.0008967000
0.0008909360
0.0024005580
0.0008420420
0.0008442330
0.0008534000
0.0008601330
0.0008670530
0.0008721960
0.0008755160
0.0008788620
0.0008755450
0.0025524720
0.0008562050
0.0008378250
0.0008229660
0.0008305820
0.0008340600
0.0008302670
0.0008274730
0.0008341620
0.0008314140
0.0026029730
0.0008557060
0.0008181550
0.0008170040
0.0008142840
0.0008227580
0.0008228770
0.0008364520
0.0008339990
0.0008300120
0.0022834760
0.0008482140
0.0008451590
0.0008542950
0.0008590400
0.0008586460
0.0008579840
0.0008607220
0.0008634540
0.0008632760
0.0024501040
0.0008477360
0.0008107740
0.0008096210
0.0008133890
0.0008126300
0.0008099180
0.0008151550
0.0008279310
0.0008233120
0.0025035550
0.0010500600
0.0010361880
0.0010361700
0.0010379370
0.0010418100
0.0010158790
0.0009817960
0.0009807840
0.0009803620
0.0021473510
0.0008314180
0.0007958910
0.0007571530
0.0007704860
0.0007597560
0.0007581410
0.0007509680
0.0007475960
0.0007512080
