0.0016081330
0.0005408780
0.0005307800
0.0005325940
0.0005281810
0.0005321040
0.0005390820
0.0005376090
0.0005349280
0.0005386630
0.0015423960
0.0005256110
0.0005255170
0.0005462690
0.0005428370
0.0005379190
0.0005482860
0.0005239210
0.0005312840
0.0005353240
0.0014872740
0.0005815130
0.0005720100
0.0005756640
0.0005738760
0.0005678720
0.0005647310
0.0005659740
0.0005670980
0.0005706910
0.0014273050
0.0005684320
0.0005701380
0.0005789580
0.0005775760
0.0005757730
0.0005791190
0.0005777860
0.0005760700
0.0005774720
0.0014568320
0.0005627780
0.0005569280
0.0005570340
0.0005633820
0.0005638980
0.0005679380
0.0005668830
0.0005649640
0.0005573540
0.0013305230
0.0005883450
0.0006406930
0.0006402450
0.0006414280
0.0006393160
0.0006407140
0.0006358320
0.0006388360
0.0006502550
0.0016464740
0.0005322090
0.0005281790
0.0005449970
0.0005424910
0.0005360000
0.0005691790
0.0005564030
0.0005635430
0.0006261780
0.0016397080
0.0005245190
0.0005326240
0.0005402210
0.0005591380
0.0005306770
0.0005588310
0.0005588800
0.0005457860
0.0005522400
0.0016614070
0.0005638280
0.0005647070
0.0005657920
0.0005705620
0.0005728240
0.0005721180
0.0005713170
0.0005698950
0.0005645420
0.0016716520
0.0005574190
0.0005734300
0.0005732730
0.0005661410
0.0005667500
0.0005629300
0.0005643610
0.0005735500
0.0005729940
