0.0316792140
0.0200440850
0.0201496250
0.0199548410
0.0199871550
0.0200234380
0.0199746470
0.0200491410
0.0200351490
0.0199970220
0.0314699250
0.0196567950
0.0196658600
0.0196874030
0.0195904880
0.0196495690
0.0197122770
0.0196501910
0.0196716890
0.0196976950
0.0357046320
0.0210223500
0.0211101090
0.0210530640
0.0210033910
0.0211062230
0.0211124020
0.0210862830
0.0211340430
0.0210880300
0.0387941740
0.0219551010
0.0208242300
0.0209487540
0.0189090460
0.0189369730
0.0188575840
0.0189624430
0.0189097630
0.0189981660
0.0353649760
0.0209175830
0.0211209090
0.0210629820
0.0210147460
0.0210438460
0.0210741070
0.0211015960
0.0210950750
0.0211258120
