0.0241062910
0.0141042600
0.0133347920
0.0126272910
0.0122262240
0.0122982030
0.0123493580
0.0123140700
0.0123405170
0.0123415820
0.0238860620
0.0142791240
0.0134193310
0.0118676200
0.0111861810
0.0109037770
0.0112069350
0.0107895970
0.0108593730
0.0111700300
0.0234864230
0.0133858750
0.0128976780
0.0127864310
0.0128080220
0.0129346240
0.0129588150
0.0129163820
0.0129624830
0.0130015660
0.0192943780
0.0114422620
0.0109017880
0.0107463660
0.0111071640
0.0107905610
0.0110656970
0.0107270620
0.0107304980
0.0110531910
0.0233252470
0.0136836800
0.0131617590
0.0124804400
0.0123500840
0.0120960800
0.0120129140
0.0120833070
0.0121075000
0.0121394040
