0.0002933310
0.0000954720
0.0000912690
0.0000909480
0.0000915190
0.0000899430
0.0000903960
0.0000894140
0.0000917880
0.0000884790
0.0002762830
0.0000902530
0.0000901530
0.0000892390
0.0000867630
0.0000927200
0.0000899450
0.0000875240
0.0000900030
0.0000874160
0.0003068680
0.0000911240
0.0000912300
0.0000902380
0.0000886180
0.0000905710
0.0000894270
0.0000878550
0.0000901630
0.0000882850
0.0003298250
0.0000933930
0.0000987260
0.0000959770
0.0000890580
0.0000924870
0.0000934530
0.0000911680
0.0000936640
0.0001024530
0.0002432010
0.0000900450
0.0000904360
0.0000906050
0.0000867020
0.0000902660
0.0000968200
0.0000884750
0.0000895900
0.0000914540
