0.0008258280
0.0002736080
0.0002728000
0.0002713890
0.0002740030
0.0002812350
0.0002686480
0.0002805770
0.0002748140
0.0002744940
0.0006374290
0.0002773480
0.0002643830
0.0002734630
0.0002665200
0.0002627190
0.0002807100
0.0002688340
0.0002764010
0.0002667780
0.0008617710
0.0002902310
0.0002857990
0.0002810110
0.0002850210
0.0002858800
0.0002853740
0.0002937930
0.0002860410
0.0002936940
0.0007727970
0.0002803900
0.0002818080
0.0002769020
0.0002865640
0.0002828540
0.0002853360
0.0002810220
0.0002909660
0.0002824160
0.0007025550
0.0002812060
0.0002816960
0.0002793500
0.0002905500
0.0002823630
0.0002869130
0.0002833710
0.0002898110
0.0002843860
0.0007836050
0.0002891530
0.0002920470
0.0002885720
0.0002978990
0.0002914810
0.0002960150
0.0002915580
0.0002990720
0.0002913280
0.0007134450
0.0002839910
0.0002866800
0.0002787200
0.0002895260
0.0002819730
0.0002758580
0.0002798070
0.0002812850
0.0002861550
0.0008412430
0.0002860380
0.0002721530
0.0002726790
0.0002733530
0.0002722490
0.0002795380
0.0002742090
0.0002790440
0.0002722110
0.0008391490
0.0002824640
0.0002802810
0.0002886760
0.0002991510
0.0002913400
0.0002956540
0.0002915660
0.0002968310
0.0002917610
0.0008471470
0.0002731110
0.0002678920
0.0002657140
0.0002784160
0.0002679660
0.0002733950
0.0002690510
0.0002649750
0.0002684770
