0.0001448180
0.0000553960
0.0000546970
0.0000553820
0.0000496820
0.0000493570
0.0000488480
0.0000499120
0.0000552040
0.0000496680
0.0001592620
0.0000558840
0.0000542510
0.0000579260
0.0000570050
0.0000596370
0.0000498120
0.0000490040
0.0000515490
0.0000496390
0.0001684920
0.0000558560
0.0000541270
0.0000628140
0.0000576790
0.0000577270
0.0000609840
0.0000501380
0.0000504290
0.0000499610
0.0001538170
0.0000565160
0.0000549250
0.0000548870
0.0000574000
0.0000572050
0.0000565160
0.0000569380
0.0000564260
0.0000580330
0.0001534110
0.0000550140
0.0000545370
0.0000535740
0.0000498810
0.0000493830
0.0000540240
0.0000500130
0.0000493180
0.0000494040
