0.0000659860
0.0000183640
0.0000180390
0.0000186410
0.0000183580
0.0000183940
0.0000182850
0.0000155310
0.0000154090
0.0000154020
0.0000688560
0.0000180200
0.0000177390
0.0000182370
0.0000177580
0.0000174390
0.0000173570
0.0000148480
0.0000148300
0.0000148650
0.0000791020
0.0000187680
0.0000175590
0.0000178100
0.0000176230
0.0000173120
0.0000174060
0.0000172600
0.0000173680
0.0000186030
0.0000585050
0.0000180860
0.0000179210
0.0000181870
0.0000230280
0.0000178440
0.0000176340
0.0000187130
0.0000150940
0.0000150310
0.0000779230
0.0000180910
0.0000175940
0.0000182480
0.0000181960
0.0000177530
0.0000176190
0.0000209230
0.0000149940
0.0000151930
