0.0003856620
0.0001226000
0.0001235660
0.0001206820
0.0001323850
0.0001263220
0.0001196370
0.0001269640
0.0001253400
0.0001277320
0.0004074360
0.0001224050
0.0001283400
0.0001223510
0.0001289600
0.0001259230
0.0001189630
0.0001270250
0.0001278190
0.0001318020
0.0003990970
0.0001251510
0.0001323010
0.0001220440
0.0001319430
0.0001346770
0.0001215030
0.0001282620
0.0001278380
0.0001289530
0.0003251940
0.0001257660
0.0001321990
0.0001243990
0.0001321970
0.0001390520
0.0001234060
0.0001309500
0.0001330750
0.0001326220
0.0003486270
0.0001248430
0.0001335950
0.0001214320
0.0001296810
0.0001314870
0.0001201820
0.0001310210
0.0001311890
0.0001319160
0.0004228130
0.0001370660
0.0001324270
0.0001251830
0.0001328110
0.0001327190
0.0001287740
0.0001292000
0.0001341090
0.0001302860
0.0003941360
0.0001283530
0.0001340440
0.0001248090
0.0001410660
0.0001339710
0.0001223640
0.0001335430
0.0001317240
0.0001402640
0.0004006520
0.0001258180
0.0001323710
0.0001229060
0.0001300140
0.0001315710
0.0001172400
0.0001262930
0.0001290400
0.0001269150
0.0004113280
0.0001259860
0.0001306140
0.0001229960
0.0001380890
0.0001348490
0.0001221710
0.0001281740
0.0001288120
0.0001342180
0.0003252190
0.0001274770
0.0001299050
0.0001221450
0.0001314350
0.0001387980
0.0001213290
0.0001322240
0.0001275430
0.0001268550
