0.0000016200
0.0000008990
0.0000009100
0.0000011100
0.0000008810
0.0000007750
0.0000007210
0.0000006800
0.0000006180
0.0000007760
0.0000012220
0.0000007050
0.0000005950
0.0000009280
0.0000006220
0.0000005530
0.0000004560
0.0000005180
0.0000003460
0.0000004930
0.0000011940
0.0000008870
0.0000009080
0.0000010060
0.0000008630
0.0000008940
0.0000007260
0.0000004330
0.0000003590
0.0000005490
0.0000013800
0.0000009120
0.0000006250
0.0000007550
0.0000006020
0.0000005900
0.0000004890
0.0000003870
0.0000004020
0.0000005870
0.0000013770
0.0000006750
0.0000006270
0.0000007310
0.0000006240
0.0000005620
0.0000004630
0.0000004260
0.0000003790
0.0000005530
0.0000011990
0.0000008480
0.0000008340
0.0000009830
0.0000008090
0.0000008430
0.0000006950
0.0000006540
0.0000006410
0.0000007500
0.0000012660
0.0000009030
0.0000008690
0.0000009830
0.0000008540
0.0000008290
0.0000007040
0.0000006540
0.0000003800
0.0000005190
0.0000015360
0.0000011130
0.0000007360
0.0000009610
0.0000007520
0.0000007160
0.0000007370
0.0000005380
0.0000004630
0.0000006390
0.0000013510
0.0000010640
0.0000010300
0.0000011310
0.0000010070
0.0000009750
0.0000008270
0.0000004740
0.0000004750
0.0000005850
0.0000013930
0.0000009650
0.0000007210
0.0000008120
0.0000006540
0.0000006710
0.0000005100
0.0000005060
0.0000004420
0.0000005730
0.0000014570
0.0000011670
0.0000010870
0.0000012860
0.0000008640
0.0000008150
0.0000005330
0.0000004480
0.0000004670
0.0000006110
0.0000014940
0.0000011040
0.0000011070
0.0000012490
0.0000011010
0.0000008260
0.0000006810
0.0000005990
0.0000006410
0.0000007820
0.0000014500
0.0000009840
0.0000008480
0.0000010400
0.0000008820
0.0000008530
0.0000006900
0.0000006380
0.0000005820
0.0000007820
0.0000017710
0.0000011660
0.0000012480
0.0000014480
0.0000011430
0.0000010630
0.0000004850
0.0000004480
0.0000004320
0.0000005910
0.0000016080
0.0000010770
0.0000008010
0.0000008340
0.0000007570
0.0000007290
0.0000005770
0.0000005410
0.0000004740
0.0000006310
0.0000013480
0.0000008520
0.0000008290
0.0000009490
0.0000007460
0.0000006850
0.0000005630
0.0000005200
0.0000004860
0.0000006450
0.0000012640
0.0000009970
0.0000009500
0.0000010590
0.0000008870
0.0000008650
0.0000007650
0.0000004540
0.0000004320
0.0000005410
0.0000023660
0.0000008620
0.0000008380
0.0000009960
0.0000008820
0.0000008180
0.0000011540
0.0000006480
0.0000006070
0.0000007700
