0.0015636330
0.0008474620
0.0007284910
0.0006935240
0.0006299310
0.0006124310
0.0005143910
0.0004690350
0.0004721080
0.0004823900
0.0013983580
0.0007027470
0.0004892420
0.0004732050
0.0004951750
0.0005604290
0.0004836240
0.0003497180
0.0003935590
0.0004495450
0.0011445010
0.0002704250
0.0002648740
0.0002285820
0.0002176440
0.0002161480
0.0001990380
0.0001958490
0.0002209410
0.0002092430
0.0021994120
0.0011198210
0.0011146560
0.0009761700
0.0008817500
0.0008722980
0.0007333070
0.0006327540
0.0006100760
0.0004802970
0.0012393050
0.0005071150
0.0005383500
0.0005361820
0.0004590770
0.0004808470
0.0006670580
0.0006570720
0.0006582880
0.0007229460
0.0015735050
0.0005084730
0.0003927100
0.0004547550
0.0005713350
0.0004898270
0.0004864850
0.0004556820
0.0004732270
0.0004833160
0.0012427910
0.0002530990
0.0002501940
0.0002327560
0.0002337170
0.0002294550
0.0002356590
0.0002336800
0.0002307150
0.0002303310
0.0012432070
0.0002888730
0.0002825310
0.0002692280
0.0002615620
0.0002491920
0.0002364880
0.0002489020
0.0002289520
0.0002359630
0.0014182740
0.0003587990
0.0003214150
0.0002879040
0.0002843280
0.0002819710
0.0002694790
0.0002884140
0.0002839680
0.0002647610
0.0016210260
0.0007204860
0.0006524710
0.0007344020
0.0006586250
0.0006339100
0.0005691960
0.0005742920
0.0005909690
0.0006015200
0.0020460850
0.0014812770
0.0014681980
0.0014737700
0.0013117140
0.0011904220
0.0011234450
0.0010496820
0.0010419810
0.0011199170
0.0015174180
0.0004815130
0.0004261710
0.0005430810
0.0005167060
0.0004723420
0.0004469850
0.0003977960
0.0004334720
0.0004795480
0.0016689200
0.0004420060
0.0003212720
0.0002796160
0.0003020420
0.0002873850
0.0002979710
0.0002772760
0.0002784120
0.0002878850
0.0012734570
0.0003193720
0.0003114320
0.0003157800
0.0003253800
0.0003070060
0.0004621450
0.0004810750
0.0004353350
0.0003890700
0.0013248060
0.0003403150
0.0003342780
0.0004872570
0.0004956190
0.0004026480
0.0004031810
0.0003702740
0.0003772280
0.0003765050
0.0013276240
0.0004434400
0.0004305400
0.0004379470
0.0004339620
0.0004145650
0.0004316910
0.0004325990
0.0004080240
0.0004029720
0.0013438140
0.0005692540
0.0004735760
0.0006023200
0.0005493250
0.0005298350
0.0005560160
0.0005554700
0.0005184650
0.0005046400
