0.0015385190
0.0015500380
0.0017377820
0.0017566340
0.0017620380
0.0018000430
0.0018927480
0.0017824710
0.0016896160
0.0016619540
0.0026044450
0.0007740460
0.0007368020
0.0008156910
0.0007714380
0.0007299370
0.0007087080
0.0007263760
0.0007299120
0.0006882980
0.0032209150
0.0014701150
0.0014682630
0.0012283020
0.0011876620
0.0011559410
0.0011105720
0.0012249980
0.0012288360
0.0012049930
0.0031986340
0.0012320640
0.0011453990
0.0011262380
0.0012126750
0.0012518520
0.0012531580
0.0012139080
0.0012349230
0.0011783100
0.0025711800
0.0007575660
0.0006941730
0.0006953600
0.0006894020
0.0006612800
0.0006616520
0.0006543190
0.0006651490
0.0006884230
0.0026362790
0.0009283630
0.0008781880
0.0008054970
0.0007597710
0.0007396340
0.0007394920
0.0007329180
0.0006926520
0.0006546340
0.0028868320
0.0013738820
0.0013536970
0.0013126830
0.0012518930
0.0012093680
0.0012139440
0.0011610710
0.0011548860
0.0008634180
0.0036565320
0.0020095050
0.0020213140
0.0020357220
0.0019782110
0.0019633900
0.0018937140
0.0015146870
0.0014132750
0.0012025230
0.0031023910
0.0012506430
0.0012411940
0.0012564250
0.0012308930
0.0012616170
0.0009062640
0.0008913610
0.0007941040
0.0009091530
0.0033559880
0.0014923980
0.0014802870
0.0014713740
0.0013697820
0.0013323770
0.0013050120
0.0012677360
0.0012661650
0.0010018970
0.0034369280
0.0020607050
0.0023209540
0.0025054390
0.0022640490
0.0025036050
0.0021632150
0.0024011300
0.0020809300
0.0022914330
0.0054587230
0.0023394170
0.0021275290
0.0023962390
0.0024240680
0.0020520330
0.0018235100
0.0020110370
0.0020047290
0.0017701860
0.0042438210
0.0017083400
0.0016280700
0.0015399160
0.0015429600
0.0012229950
0.0011745660
0.0013841250
0.0013590900
0.0012018410
0.0043632300
0.0020277180
0.0016896340
0.0017820150
0.0019323990
0.0018758760
0.0016096320
0.0015775770
0.0014502140
0.0014590180
0.0032048180
0.0016109360
0.0017675580
0.0019276580
0.0019504240
0.0019347840
0.0018921970
0.0019014770
0.0017583990
0.0016722450
0.0027204620
0.0015997330
0.0016787810
0.0015134880
0.0013881720
0.0013563640
0.0013416520
0.0012570410
0.0011770410
0.0011394250
0.0024337450
0.0007175110
0.0006494110
0.0006532800
0.0006313390
0.0006173670
0.0006219120
0.0006195780
0.0006113080
0.0005992210
0.0025536830
0.0012201530
0.0011140830
0.0011588910
0.0012668720
0.0012372400
0.0012167140
0.0014374520
0.0014610930
0.0014386360
