0.0000003620
0.0000000990
0.0000000560
0.0000000560
0.0000000990
0.0000000760
0.0000000570
0.0000000520
0.0000000530
0.0000000520
0.0000009020
0.0000009600
0.0000004900
0.0000006060
0.0000004560
0.0000004340
0.0000003730
0.0000003590
0.0000002840
0.0000004020
0.0000009150
0.0000006060
0.0000005850
0.0000006710
0.0000005450
0.0000005160
0.0000004260
0.0000003620
0.0000003270
0.0000004290
0.0000008690
0.0000004920
0.0000005230
0.0000006800
0.0000004770
0.0000004260
0.0000004050
0.0000002790
0.0000002590
0.0000004200
0.0000010450
0.0000006210
0.0000006080
0.0000008240
0.0000005960
0.0000005770
0.0000004150
0.0000003000
0.0000003180
0.0000005050
0.0000009930
0.0000006370
0.0000006590
0.0000008090
0.0000006600
0.0000005840
0.0000004340
0.0000004240
0.0000003980
0.0000005420
0.0000009930
0.0000010070
0.0000006420
0.0000007910
0.0000005600
0.0000005720
0.0000004670
0.0000003910
0.0000003660
0.0000005190
0.0000010610
0.0000007180
0.0000006260
0.0000009230
0.0000005740
0.0000006030
0.0000004000
0.0000003960
0.0000003290
0.0000004590
0.0000010600
0.0000006040
0.0000006590
0.0000008230
0.0000005710
0.0000005380
0.0000004220
0.0000003430
0.0000003110
0.0000004860
0.0000012100
0.0000006920
0.0000007200
0.0000008390
0.0000006610
0.0000006620
0.0000005560
0.0000004280
0.0000004300
0.0000006170
0.0000009680
0.0000007650
0.0000006400
0.0000007760
0.0000006390
0.0000006450
0.0000004970
0.0000004200
0.0000003230
0.0000004840
0.0000011270
0.0000007050
0.0000006860
0.0000007990
0.0000006040
0.0000005710
0.0000004240
0.0000008780
0.0000003540
0.0000004720
0.0000009370
0.0000005510
0.0000005720
0.0000007320
0.0000005480
0.0000004920
0.0000003700
0.0000003390
0.0000002920
0.0000004780
0.0000010060
0.0000006820
0.0000006640
0.0000007580
0.0000005560
0.0000005360
0.0000004370
0.0000003350
0.0000002890
0.0000004530
0.0000009680
0.0000007710
0.0000006850
0.0000007390
0.0000005270
0.0000005100
0.0000003990
0.0000003580
0.0000003220
0.0000005080
0.0000012910
0.0000006570
0.0000006330
0.0000008080
0.0000005770
0.0000005980
0.0000003900
0.0000003260
0.0000003070
0.0000004430
0.0000010680
0.0000007030
0.0000006460
0.0000008400
0.0000006510
0.0000005190
0.0000003800
0.0000003730
0.0000003800
0.0000005150
