0.0000756780
0.0000208370
0.0000184220
0.0000166940
0.0000167270
0.0000169850
0.0000169460
0.0000169640
0.0000166650
0.0000170950
0.0002315370
0.0000350660
0.0000258210
0.0000237740
0.0000240910
0.0000234700
0.0000240620
0.0000231650
0.0000234890
0.0000237900
0.0001785570
0.0000290910
0.0000288770
0.0000282670
0.0000294710
0.0000286820
0.0000280200
0.0000287430
0.0000285620
0.0000285700
0.0001405360
0.0000231530
0.0000225810
0.0000225880
0.0000227630
0.0000227250
0.0000224450
0.0000224300
0.0000225030
0.0000226460
0.0001628550
0.0000269600
0.0000258800
0.0000254780
0.0000256650
0.0000269960
0.0000249830
0.0000255600
0.0000257530
0.0000258510
0.0002228970
0.0000360400
0.0000259600
0.0000263150
0.0000260480
0.0000263120
0.0000263870
0.0000262680
0.0000254350
0.0000264900
0.0002084270
0.0000414490
0.0000278500
0.0000255230
0.0000250490
0.0000253990
0.0000245520
0.0000249180
0.0000253570
0.0000249850
0.0001451090
0.0000238970
0.0000251020
0.0000250190
0.0000249080
0.0000251150
0.0000242080
0.0000244960
0.0000243170
0.0000251750
0.0001615320
0.0000303290
0.0000273390
0.0000272120
0.0000273820
0.0000273660
0.0000267780
0.0000270560
0.0000268250
0.0000272610
0.0001829110
0.0000332540
0.0000285460
0.0000350170
0.0000286960
0.0000284290
0.0000283680
0.0000286150
0.0000287290
0.0000281940
0.0001586000
0.0000281060
0.0000283610
0.0000278870
0.0000341860
0.0000268530
0.0000261090
0.0000267740
0.0000267740
0.0000267410
0.0001421790
0.0000241990
0.0000259030
0.0000262870
0.0000267310
0.0000258060
0.0000257830
0.0000261880
0.0000260610
0.0000267350
0.0001506930
0.0000236690
0.0000232570
0.0000231420
0.0000233960
0.0000241270
0.0000236500
0.0000239020
0.0000244200
0.0000243050
0.0001475060
0.0000255730
0.0000259260
0.0000254790
0.0000258070
0.0000259420
0.0000252860
0.0000256810
0.0000260290
0.0000259200
0.0001723300
0.0000309050
0.0000269000
0.0000264450
0.0000267910
0.0000265100
0.0000253610
0.0000265650
0.0000266530
0.0000277110
0.0002127430
0.0000353930
0.0000310980
0.0000311120
0.0000297150
0.0000296710
0.0000296540
0.0000290560
0.0000289840
0.0000292880
0.0002177230
0.0000305620
0.0000262900
0.0000260140
0.0000266040
0.0000263080
0.0000254120
0.0000258860
0.0000255540
0.0000256840
0.0001734230
0.0000255450
0.0000248280
0.0000248700
0.0000247470
0.0000252950
0.0000246700
0.0000245420
0.0000246360
0.0000316960
