0.0839547090
0.0613519390
0.0386925620
0.0384821900
0.0360116560
0.0358839610
0.0382512570
0.0352067980
0.0197538310
0.0187025230
0.0767975000
0.0543305580
0.0428907730
0.0451981950
0.0441283060
0.0465869090
0.0455152400
0.0700671540
0.0502600620
0.0251084140
0.0648380670
0.0449857450
0.0506167860
0.0469446640
0.0458872330
0.0451865200
0.0449709300
0.0448414750
0.0270263930
0.0201646810
0.0500508450
0.0333786460
0.0387643890
0.0335802820
0.0334881590
0.0356378730
0.0432610610
0.0431049400
0.0307900080
0.0179963520
0.0472286840
0.0351177280
0.0418242210
0.0499170610
0.0511717780
0.0416658730
0.0400625020
0.0411953210
0.0382295910
0.0326775240
0.0555206580
0.0572562660
0.0473755830
0.0353622310
0.0377956710
0.0388008090
0.0346482970
0.0337858240
0.0318577880
0.0325920120
0.0749589560
0.0431290600
0.0348176700
0.0444759390
0.0447409970
0.0414326910
0.0349043810
0.0441792290
0.0388529450
0.0349959020
0.0472759490
0.0388184330
0.0435043020
0.0494099050
0.0549648810
0.0551434400
0.0637705570
0.0431044410
0.0447147460
0.0349735000
0.0390701050
0.0267250820
0.0273459080
0.0328737490
0.0329444910
0.0331219350
0.0424261010
0.0429103320
0.0392794250
0.0332786830
0.0508302430
0.0295170030
0.0243463000
0.0232556980
0.0232830440
0.0237682820
0.0235024350
0.0248984860
0.0267724320
0.0241143730
0.0429286000
0.0219856130
0.0220387950
0.0221479780
0.0222887570
0.0222225220
0.0221473640
0.0224849830
0.0269372060
0.0269415660
0.0529214290
0.0249160110
0.0319391840
0.0391022320
0.0410302520
0.0310866700
0.0246662490
0.0242468630
0.0242395310
0.0180148360
0.0449853300
0.0305973040
0.0333009270
0.0334726750
0.0424120580
0.0436473960
0.0409012920
0.0339869950
0.0340354000
0.0340665020
0.0512195670
0.0401446190
0.0436646440
0.0504576370
0.0426109180
0.0337098870
0.0391364730
0.0436889710
0.0481677940
0.0436551740
0.0497068700
0.0247492230
0.0248213430
0.0243902470
0.0243348970
0.0242933170
0.0240877470
0.0240612540
0.0239112090
0.0238447260
0.0445385720
0.0325325330
0.0345307200
0.0344712560
0.0352500410
0.0344740410
0.0254220550
0.0243730190
0.0242762130
0.0243187460
0.0511334730
0.0342636200
0.0334351380
0.0296833460
0.0307060720
0.0438054990
0.0421526930
0.0444481890
0.0445137140
0.0414526060
0.0498939510
0.0286642930
0.0320428340
0.0325133010
0.0360183140
0.0338373220
0.0316410870
0.0233246650
0.0220869120
0.0218507800
0.0452373430
0.0275474940
0.0274553620
0.0244262950
0.0252871880
0.0244979040
0.0247148540
0.0244492340
0.0242398830
0.0242391230
