0.0221823060
0.0095162920
0.0124701010
0.0160589690
0.0159885950
0.0211860810
0.0210681400
0.0212556120
0.0259383880
0.0214528760
0.0264408680
0.0163597670
0.0188940570
0.0215474070
0.0220387410
0.0235969660
0.0237608370
0.0236474830
0.0224175500
0.0210547080
0.0254832220
0.0135465040
0.0149757080
0.0175600630
0.0200523390
0.0208348080
0.0195477640
0.0139567090
0.0140172520
0.0132193640
0.0345473280
0.0216633100
0.0270421350
0.0256682250
0.0271622370
0.0258512110
0.0272611700
0.0242706370
0.0187988740
0.0169512230
0.0297286000
0.0193221810
0.0206326050
0.0204112780
0.0207190020
0.0207246180
0.0208910650
0.0168187390
0.0167821160
0.0163652650
0.0306997490
0.0201714030
0.0215313160
0.0201489640
0.0215518270
0.0204580280
0.0199623270
0.0241194720
0.0278793980
0.0259452750
0.0252251660
0.0148232590
0.0172923360
0.0174241880
0.0173325550
0.0173985230
0.0207703910
0.0176053470
0.0165290670
0.0082188870
0.0330129270
0.0210547970
0.0194914760
0.0168348470
0.0169021770
0.0162538190
0.0166489280
0.0178268830
0.0189750380
0.0159139620
0.0262748990
0.0166328680
0.0164891870
0.0125251760
0.0119115630
0.0115171650
0.0113424140
0.0113622500
0.0113163370
0.0112067230
0.0216754490
0.0144627180
0.0169448540
0.0169114700
0.0168139180
0.0167771890
0.0157067470
0.0124517730
0.0143262370
0.0142397030
0.0279166170
0.0137299210
0.0158927350
0.0166434680
0.0159461850
0.0164942980
0.0159447390
0.0192658350
0.0186750060
0.0178816350
0.0218107600
0.0115180260
0.0113947400
0.0115872860
0.0124671840
0.0163187120
0.0211674330
0.0189858190
0.0145456230
0.0115767740
0.0316091060
0.0262801970
0.0286386020
0.0215482510
0.0239304690
0.0219753130
0.0256313860
0.0239517240
0.0201522040
0.0212895670
0.0218374930
0.0123286900
0.0124063470
0.0124082930
0.0134126270
0.0170586520
0.0131101430
0.0130564980
0.0125788850
0.0125215080
0.0213502540
0.0090274750
0.0089520740
0.0112195590
0.0111869310
0.0121452550
0.0136839100
0.0163656940
0.0163616400
0.0163062200
0.0215089650
0.0110266690
0.0117885110
0.0142905450
0.0141673200
0.0140757070
0.0156452660
0.0172928970
0.0154978540
0.0169035030
0.0206987610
0.0088550510
0.0104206790
0.0117617930
0.0166801150
0.0165748020
0.0163997040
0.0163862180
0.0130672240
0.0115501450
0.0238800280
0.0080956150
0.0080391190
0.0081213380
0.0109258640
0.0109487560
0.0110745550
0.0110341900
0.0119027530
0.0131685260
