0.0000339290
0.0000075920
0.0000065330
0.0000065440
0.0000065040
0.0000064750
0.0000065190
0.0000063480
0.0000061420
0.0000065580
0.0000347420
0.0000076340
0.0000068600
0.0000069390
0.0000078160
0.0000068890
0.0000092750
0.0000068180
0.0000064000
0.0000067400
0.0000951580
0.0000113400
0.0000111870
0.0000113340
0.0000114190
0.0000116870
0.0000114870
0.0000116020
0.0000124250
0.0000115680
0.0000959100
0.0000152400
0.0000131680
0.0000123580
0.0000126520
0.0000125120
0.0000120770
0.0000129700
0.0000129330
0.0000127060
0.0001022990
0.0000141580
0.0000141940
0.0000130370
0.0000134240
0.0000140180
0.0000138070
0.0000155620
0.0000150860
0.0000161900
0.0002081390
0.0000692690
0.0000680040
0.0000660650
0.0000649130
0.0000621290
0.0000559040
0.0000624490
0.0000649570
0.0000647230
0.0000724580
0.0000110480
0.0000114110
0.0000110480
0.0000112720
0.0000113720
0.0000105580
0.0000109990
0.0000110510
0.0000112750
0.0000693910
0.0000108580
0.0000110200
0.0000105000
0.0000108870
0.0000110450
0.0000101490
0.0000107900
0.0000107430
0.0000145860
0.0000737730
0.0000106240
0.0000108380
0.0000103860
0.0000107790
0.0000108310
0.0000102860
0.0000105480
0.0000108070
0.0000112680
0.0000863510
0.0000112920
0.0000115700
0.0000112790
0.0000115490
0.0000115310
0.0000116070
0.0000114580
0.0000112930
0.0000113550
0.0000896260
0.0000124930
0.0000123220
0.0000124850
0.0000125030
0.0000122320
0.0000117320
0.0000123490
0.0000118880
0.0000124480
0.0000933420
0.0000112370
0.0000117920
0.0000113110
0.0000114130
0.0000113700
0.0000113120
0.0000118580
0.0000114150
0.0000116530
0.0000710420
0.0000110780
0.0000110680
0.0000109600
0.0000111760
0.0000108400
0.0000104880
0.0000112780
0.0000108300
0.0000112000
0.0000792760
0.0000113160
0.0000115800
0.0000114570
0.0000115090
0.0000177000
0.0000108320
0.0000111790
0.0000110280
0.0000113940
0.0000992920
0.0000126830
0.0000134460
0.0000117710
0.0000132030
0.0000131440
0.0000114380
0.0000127240
0.0000127860
0.0000123980
0.0001354500
0.0000117600
0.0000118300
0.0000110840
0.0000118960
0.0000116540
0.0000107590
0.0000117390
0.0000114480
0.0000115940
0.0000680820
0.0000116770
0.0000118650
0.0000110340
0.0000115940
0.0000116020
0.0000107990
0.0000115400
0.0000113410
0.0000116590
0.0000742490
0.0000119650
0.0000118360
0.0000111630
0.0000117010
0.0000117100
0.0000110460
0.0000120480
0.0000115090
0.0000113740
0.0000869610
0.0000098940
0.0000098340
0.0000097250
0.0000099360
0.0000098490
0.0000092690
0.0000098290
0.0000095870
0.0000098830
