0.0000248540
0.0000037690
0.0000032990
0.0000033420
0.0000033070
0.0000028840
0.0000033150
0.0000035130
0.0000029220
0.0000031220
0.0000151920
0.0000024750
0.0000025720
0.0000024860
0.0000025930
0.0000021610
0.0000024170
0.0000026410
0.0000021470
0.0000022920
0.0000150370
0.0000024020
0.0000025270
0.0000024350
0.0000025650
0.0000021310
0.0000024170
0.0000025120
0.0000020920
0.0000022600
0.0000184300
0.0000028280
0.0000029630
0.0000028870
0.0000029660
0.0000025440
0.0000028270
0.0000029800
0.0000024870
0.0000026610
0.0000186460
0.0000028450
0.0000030570
0.0000028750
0.0000029700
0.0000025670
0.0000028960
0.0000030190
0.0000025160
0.0000027520
0.0000183610
0.0000027230
0.0000029710
0.0000028730
0.0000029900
0.0000026020
0.0000028130
0.0000029610
0.0000024480
0.0000026220
0.0000168710
0.0000026520
0.0000029380
0.0000028120
0.0000029180
0.0000024700
0.0000028320
0.0000029530
0.0000024440
0.0000026350
0.0000179350
0.0000029340
0.0000030490
0.0000029960
0.0000030330
0.0000025560
0.0000029200
0.0000030800
0.0000025210
0.0000026980
0.0000187990
0.0000028560
0.0000030290
0.0000028930
0.0000029840
0.0000024520
0.0000028520
0.0000030420
0.0000025970
0.0000027000
0.0000211870
0.0000031440
0.0000031230
0.0000032250
0.0000030130
0.0000026470
0.0000029310
0.0000031350
0.0000026150
0.0000027730
0.0000219930
0.0000033420
0.0000032340
0.0000040040
0.0000032180
0.0000029250
0.0000032360
0.0000032380
0.0000027730
0.0000029810
0.0000184810
0.0000029530
0.0000030820
0.0000028660
0.0000029970
0.0000026360
0.0000028820
0.0000035900
0.0000025330
0.0000026790
0.0000236820
0.0000027910
0.0000029640
0.0000028400
0.0000029450
0.0000025710
0.0000028290
0.0000029910
0.0000024920
0.0000026980
0.0000225270
0.0000029780
0.0000030610
0.0000029070
0.0000030020
0.0000028320
0.0000032130
0.0000031480
0.0000030040
0.0000027000
0.0000177330
0.0000027470
0.0000029240
0.0000028480
0.0000029610
0.0000025860
0.0000028390
0.0000029620
0.0000024380
0.0000026500
0.0000167800
0.0000027350
0.0000028760
0.0000027960
0.0000028710
0.0000023810
0.0000027590
0.0000029270
0.0000024400
0.0000025820
0.0000180680
0.0000025080
0.0000027420
0.0000026950
0.0000026940
0.0000024210
0.0000026870
0.0000028210
0.0000024720
0.0000024540
0.0000244240
0.0000029440
0.0000030060
0.0000027020
0.0000027680
0.0000023150
0.0000031340
0.0000029450
0.0000025210
0.0000025010
0.0000177140
0.0000024800
0.0000025880
0.0000024980
0.0000026020
0.0000033740
0.0000025670
0.0000027170
0.0000021950
0.0000023510
