0.0035201260
0.0037011300
0.0037401640
0.0036688590
0.0039948070
0.0039325840
0.0039724230
0.0040323920
0.0039204950
0.0037871710
0.0058246070
0.0037382400
0.0032495740
0.0030983200
0.0029013250
0.0031185810
0.0019253050
0.0018462890
0.0016733300
0.0017017610
0.0059127190
0.0019457100
0.0021171920
0.0021646720
0.0020104390
0.0020256740
0.0027228880
0.0026904000
0.0026703600
0.0025339670
0.0052813030
0.0017401500
0.0019359280
0.0019746120
0.0019511320
0.0019351670
0.0026499280
0.0026103620
0.0025506450
0.0024896660
0.0061947180
0.0028777470
0.0028915090
0.0029134010
0.0028269400
0.0027971180
0.0018867500
0.0019066760
0.0017204270
0.0018550100
0.0079996770
0.0043748170
0.0047324130
0.0048109120
0.0046941390
0.0043025170
0.0037559020
0.0034431270
0.0028609450
0.0023861570
0.0053187890
0.0027097280
0.0026361420
0.0026037680
0.0025708260
0.0025303700
0.0024730580
0.0024604020
0.0024409040
0.0024245450
0.0056218350
0.0033156890
0.0032786560
0.0032857990
0.0032392590
0.0032413050
0.0031746970
0.0031915610
0.0031917680
0.0031275400
0.0061105160
0.0026326330
0.0025861420
0.0025758480
0.0025299230
0.0025209330
0.0024939540
0.0024522330
0.0018644060
0.0017766600
0.0088073820
0.0062473430
0.0064102170
0.0069634680
0.0069612490
0.0066736600
0.0055879990
0.0033495930
0.0031651170
0.0029776360
0.0063870080
0.0028376310
0.0030326660
0.0028586250
0.0019894590
0.0018698710
0.0018347950
0.0018088850
0.0018039050
0.0017597540
0.0074644960
0.0030608780
0.0030199150
0.0030251990
0.0029712970
0.0028994920
0.0022161270
0.0025259610
0.0024372190
0.0020241340
0.0060800070
0.0038095950
0.0041909880
0.0042729100
0.0042181590
0.0041796790
0.0041331290
0.0036712530
0.0036500300
0.0036183640
0.0055860320
0.0023962530
0.0030971310
0.0030300560
0.0028347670
0.0028053410
0.0027696580
0.0027788800
0.0027654260
0.0027676420
0.0054006670
0.0028203330
0.0028010180
0.0028097550
0.0027692050
0.0027708390
0.0027466470
0.0027694030
0.0027566740
0.0029547310
0.0061089740
0.0025351930
0.0024960870
0.0025184970
0.0029202820
0.0028883990
0.0028469760
0.0029121020
0.0028415260
0.0023721030
0.0062162560
0.0036012420
0.0035272550
0.0031027520
0.0026273970
0.0022507860
0.0021768400
0.0021727520
0.0021786010
0.0029843660
0.0059805870
0.0025628820
0.0030268510
0.0029878510
0.0029434570
0.0029379650
0.0033259870
0.0029893710
0.0029453870
0.0035045090
0.0053139090
0.0017969340
0.0017147050
0.0017470810
0.0016853450
0.0016972410
0.0016708120
0.0016933720
0.0016530020
0.0016634500
