0.0001829110
0.0000733660
0.0000711560
0.0000509590
0.0000368230
0.0000341310
0.0000601010
0.0000564980
0.0000522220
0.0000446690
0.0004110750
0.0000608030
0.0000503080
0.0000522920
0.0000519420
0.0000498880
0.0000494600
0.0000499300
0.0000500630
0.0000500510
0.0002687870
0.0000442080
0.0000414720
0.0000413060
0.0000411320
0.0000414070
0.0000411590
0.0000411760
0.0000411490
0.0000412330
0.0002709000
0.0000445970
0.0000421370
0.0000422520
0.0000421050
0.0000421020
0.0000418920
0.0000430880
0.0000432600
0.0000432330
0.0003072210
0.0000527030
0.0000513600
0.0000508970
0.0000519120
0.0000540470
0.0000506910
0.0000503750
0.0000497230
0.0000508830
0.0002926660
0.0000536600
0.0000539450
0.0000548410
0.0000546990
0.0000549560
0.0000540620
0.0000545950
0.0000543830
0.0000535980
0.0003637180
0.0000746080
0.0000674770
0.0000665550
0.0000608340
0.0000602080
0.0000586570
0.0000605850
0.0000598680
0.0000605940
0.0003117500
0.0000545640
0.0000520890
0.0000522370
0.0000519910
0.0000524730
0.0000521540
0.0000520270
0.0000528790
0.0000525550
0.0003035890
0.0000511640
0.0000479650
0.0000473880
0.0000478550
0.0000484840
0.0000480000
0.0000482310
0.0000476210
0.0000479610
0.0003603080
0.0000560260
0.0000544560
0.0000544860
0.0000559240
0.0000539270
0.0000539810
0.0000539920
0.0000541080
0.0000543440
0.0003050040
0.0000550770
0.0000551600
0.0000558490
0.0000583910
0.0000548750
0.0000547050
0.0000547380
0.0000574300
0.0000550010
0.0003727280
0.0000807930
0.0000686890
0.0000648280
0.0000644100
0.0000641930
0.0000685700
0.0000680410
0.0000692730
0.0000790530
0.0003893430
0.0001017910
0.0000736500
0.0000621860
0.0000614310
0.0000620710
0.0000620070
0.0000666640
0.0000615170
0.0000620380
0.0003958590
0.0000823780
0.0000694360
0.0000672550
0.0000681010
0.0000655690
0.0000650450
0.0000649110
0.0000648470
0.0000657360
0.0003643880
0.0000852740
0.0000727560
0.0000661230
0.0000645190
0.0000671330
0.0000656360
0.0000665130
0.0000777930
0.0000780660
0.0004108640
0.0000571390
0.0000543380
0.0000540920
0.0000663540
0.0000536430
0.0000539280
0.0000539810
0.0000541880
0.0000541820
0.0003027450
0.0000598850
0.0000559220
0.0000568230
0.0000589420
0.0000727500
0.0000643600
0.0000560830
0.0000628780
0.0000554950
0.0003065540
0.0000568170
0.0000547040
0.0000548150
0.0000546660
0.0000545850
0.0000546750
0.0000550390
0.0000546720
0.0000551200
0.0002732880
0.0000523910
0.0000514260
0.0000509220
0.0000517720
0.0000508370
0.0000507250
0.0000502020
0.0000503080
0.0000506380
