0.0005603170
0.0001069680
0.0000992480
0.0000869970
0.0000860080
0.0000897780
0.0000873100
0.0000876320
0.0000871430
0.0000875680
0.0005430900
0.0000985780
0.0000856770
0.0000838760
0.0000838940
0.0000834470
0.0000847360
0.0000846050
0.0000833020
0.0000838720
0.0006397390
0.0001748140
0.0001235560
0.0001184570
0.0000994370
0.0001074910
0.0001026350
0.0001047280
0.0001084780
0.0001040760
0.0006144200
0.0000961230
0.0000841200
0.0000837410
0.0000832240
0.0000831670
0.0000853940
0.0000846670
0.0000834840
0.0000840260
0.0005974920
0.0000981860
0.0000934580
0.0000938340
0.0000939440
0.0001019760
0.0000967670
0.0000962970
0.0000976820
0.0000963330
0.0006881790
0.0001219100
0.0001066680
0.0001026960
0.0001038150
0.0001034710
0.0001042050
0.0001013910
0.0001007880
0.0001031780
0.0005954520
0.0001141710
0.0001047650
0.0001008170
0.0001017080
0.0001012140
0.0001079010
0.0001002290
0.0001080540
0.0001041660
0.0005920520
0.0001163440
0.0001054620
0.0001035330
0.0001047710
0.0001016250
0.0001047960
0.0001055740
0.0001059320
0.0001067590
0.0006962810
0.0002028670
0.0001462940
0.0001459430
0.0001236260
0.0001225240
0.0001180210
0.0001196740
0.0001185230
0.0001163820
0.0006066320
0.0001156070
0.0001121240
0.0001107450
0.0001100250
0.0002703510
0.0001134270
0.0001106390
0.0001161000
0.0001145910
0.0006825160
0.0002027400
0.0001612280
0.0001420880
0.0001462970
0.0001448550
0.0001460040
0.0001465170
0.0001590890
0.0001559920
0.0007551890
0.0002734580
0.0002051310
0.0001800320
0.0001754420
0.0001706400
0.0001596490
0.0001508550
0.0001575670
0.0001506190
0.0006360200
0.0001124500
0.0001089940
0.0001087010
0.0001088830
0.0001089020
0.0001119580
0.0001128080
0.0001136850
0.0001114710
0.0007323320
0.0002461300
0.0001916760
0.0001622890
0.0001353880
0.0001639320
0.0001482210
0.0001532920
0.0001600940
0.0001590600
0.0006621870
0.0001394490
0.0001264460
0.0001163040
0.0001167370
0.0001174840
0.0001151590
0.0001197420
0.0001206270
0.0001175980
0.0006529160
0.0001317550
0.0001262700
0.0001192050
0.0001254590
0.0001309480
0.0001249870
0.0001228740
0.0001236800
0.0001244670
0.0006221060
0.0001192790
0.0001018760
0.0000976700
0.0000976960
0.0000960140
0.0000976320
0.0000965550
0.0001102930
0.0001026810
0.0006981680
0.0002579000
0.0001658690
0.0001227700
0.0001097620
0.0001095210
0.0001048700
0.0001042650
0.0001041630
0.0001063810
