0.0000011610
0.0000003310
0.0000003120
0.0000002210
0.0000002860
0.0000002380
0.0000002690
0.0000002160
0.0000002300
0.0000002360
0.0000016400
0.0000018250
0.0000012570
0.0000014640
0.0000012780
0.0000012480
0.0000011430
0.0000008170
0.0000005510
0.0000007640
0.0000016330
0.0000012910
0.0000012890
0.0000014310
0.0000012810
0.0000008140
0.0000005990
0.0000006290
0.0000005770
0.0000007370
0.0000017340
0.0000013020
0.0000012600
0.0000013620
0.0000012500
0.0000012400
0.0000011240
0.0000010940
0.0000006000
0.0000007380
0.0000021570
0.0000012880
0.0000012700
0.0000013600
0.0000012220
0.0000007820
0.0000005950
0.0000006250
0.0000005460
0.0000007700
0.0000016470
0.0000007890
0.0000007860
0.0000008780
0.0000008520
0.0000008030
0.0000007340
0.0000006470
0.0000005930
0.0000007650
0.0000015860
0.0000012930
0.0000012500
0.0000013830
0.0000012490
0.0000012080
0.0000011040
0.0000010440
0.0000005460
0.0000007630
0.0000016260
0.0000009660
0.0000009570
0.0000011010
0.0000009190
0.0000009700
0.0000007270
0.0000007760
0.0000006890
0.0000009260
0.0000017510
0.0000009750
0.0000009710
0.0000011160
0.0000009380
0.0000009760
0.0000007570
0.0000007440
0.0000006520
0.0000009020
0.0000018470
0.0000014910
0.0000014510
0.0000010210
0.0000009320
0.0000008800
0.0000007470
0.0000007130
0.0000006510
0.0000008480
0.0000018620
0.0000014700
0.0000014790
0.0000010350
0.0000009470
0.0000009400
0.0000006880
0.0000007010
0.0000006890
0.0000008790
0.0000017650
0.0000009810
0.0000009140
0.0000011630
0.0000009660
0.0000009520
0.0000007850
0.0000006860
0.0000006700
0.0000009380
0.0000018950
0.0000014710
0.0000015130
0.0000010570
0.0000009710
0.0000009470
0.0000007250
0.0000007130
0.0000006760
0.0000009110
0.0000018120
0.0000010370
0.0000009990
0.0000011580
0.0000009730
0.0000010160
0.0000008010
0.0000007560
0.0000006860
0.0000008910
0.0000015310
0.0000011300
0.0000010890
0.0000013000
0.0000010890
0.0000010520
0.0000009100
0.0000008940
0.0000008530
0.0000010620
0.0000019780
0.0000016150
0.0000016040
0.0000016920
0.0000014630
0.0000013670
0.0000006850
0.0000007280
0.0000007050
0.0000009140
0.0000018470
0.0000010850
0.0000009820
0.0000012820
0.0000009870
0.0000009770
0.0000008200
0.0000007230
0.0000007270
0.0000009200
0.0000016370
0.0000010890
0.0000009410
0.0000010570
0.0000009680
0.0000009120
0.0000008220
0.0000007830
0.0000006920
0.0000008720
