0.0000033110
0.0000021910
0.0000018450
0.0000025120
0.0000018240
0.0000017050
0.0000016280
0.0000015950
0.0000015570
0.0000017350
0.0000025770
0.0000021670
0.0000020960
0.0000017040
0.0000012480
0.0000011550
0.0000011200
0.0000010830
0.0000010370
0.0000011510
0.0000026740
0.0000020860
0.0000020760
0.0000014720
0.0000012050
0.0000012290
0.0000012110
0.0000011280
0.0000010080
0.0000011590
0.0000023240
0.0000014180
0.0000014130
0.0000013790
0.0000012750
0.0000011930
0.0000011210
0.0000010820
0.0000010200
0.0000011740
0.0000029230
0.0000021520
0.0000020140
0.0000014280
0.0000014490
0.0000011980
0.0000012400
0.0000011330
0.0000010910
0.0000011430
0.0000022120
0.0000016610
0.0000015580
0.0000015920
0.0000014440
0.0000015080
0.0000013570
0.0000013170
0.0000012330
0.0000013980
0.0000025640
0.0000015530
0.0000015750
0.0000015810
0.0000015750
0.0000014460
0.0000017720
0.0000013520
0.0000012770
0.0000014230
0.0000028210
0.0000024250
0.0000019800
0.0000016120
0.0000014360
0.0000014360
0.0000013530
0.0000013220
0.0000012160
0.0000013460
0.0000024150
0.0000020960
0.0000015050
0.0000017030
0.0000015740
0.0000014480
0.0000014340
0.0000013970
0.0000012300
0.0000013950
0.0000027350
0.0000016440
0.0000016560
0.0000016800
0.0000015190
0.0000015290
0.0000014090
0.0000014220
0.0000013420
0.0000014240
0.0000028750
0.0000020210
0.0000014760
0.0000016290
0.0000014640
0.0000013890
0.0000013450
0.0000013070
0.0000011770
0.0000013960
0.0000027400
0.0000023810
0.0000024090
0.0000015800
0.0000014540
0.0000013910
0.0000013390
0.0000012710
0.0000011830
0.0000013290
0.0000022520
0.0000016860
0.0000015370
0.0000017340
0.0000015390
0.0000014860
0.0000014860
0.0000014140
0.0000013260
0.0000015050
0.0000027780
0.0000025120
0.0000015020
0.0000016490
0.0000015050
0.0000013930
0.0000014630
0.0000012950
0.0000012340
0.0000013640
0.0000028700
0.0000026560
0.0000020960
0.0000015890
0.0000014230
0.0000013700
0.0000013580
0.0000012450
0.0000011860
0.0000013380
0.0000029840
0.0000017880
0.0000017540
0.0000018240
0.0000017550
0.0000016380
0.0000013440
0.0000012430
0.0000011860
0.0000013420
0.0000026150
0.0000022000
0.0000018380
0.0000019490
0.0000017650
0.0000017210
0.0000014890
0.0000013940
0.0000012650
0.0000014120
0.0000027460
0.0000023780
0.0000024080
0.0000025230
0.0000013730
0.0000013690
0.0000012840
0.0000012790
0.0000012080
0.0000013340
0.0000026410
0.0000022520
0.0000013450
0.0000015560
0.0000013510
0.0000013050
0.0000012660
0.0000011750
0.0000030600
0.0000013090
