0.0000003400
0.0000001170
0.0000000990
0.0000000890
0.0000000920
0.0000000950
0.0000000870
0.0000000810
0.0000000880
0.0000000780
0.0000018370
0.0000011340
0.0000006270
0.0000008160
0.0000009030
0.0000005130
0.0000004890
0.0000004730
0.0000003710
0.0000005320
0.0000013400
0.0000006730
0.0000006600
0.0000006480
0.0000004520
0.0000004830
0.0000003770
0.0000004250
0.0000002860
0.0000004540
0.0000016900
0.0000008490
0.0000006510
0.0000008920
0.0000006770
0.0000006240
0.0000006320
0.0000004410
0.0000003590
0.0000005070
0.0000010820
0.0000007610
0.0000007790
0.0000009120
0.0000006950
0.0000005960
0.0000005020
0.0000004550
0.0000003540
0.0000005820
0.0000013630
0.0000009180
0.0000009260
0.0000011110
0.0000007690
0.0000006950
0.0000006130
0.0000005630
0.0000004880
0.0000006820
0.0000012350
0.0000007010
0.0000005940
0.0000007640
0.0000006400
0.0000006040
0.0000005000
0.0000003910
0.0000003540
0.0000005530
0.0000011710
0.0000008170
0.0000008120
0.0000009550
0.0000006290
0.0000006350
0.0000004960
0.0000004530
0.0000003680
0.0000005560
0.0000014240
0.0000007270
0.0000006370
0.0000007680
0.0000005900
0.0000005610
0.0000004790
0.0000003590
0.0000003480
0.0000005000
0.0000010570
0.0000008480
0.0000007720
0.0000009030
0.0000007340
0.0000007180
0.0000005790
0.0000004100
0.0000003470
0.0000005110
0.0000011110
0.0000007130
0.0000007060
0.0000009010
0.0000006140
0.0000006500
0.0000005380
0.0000004690
0.0000004170
0.0000005590
0.0000011240
0.0000008030
0.0000008230
0.0000009420
0.0000008050
0.0000007680
0.0000004770
0.0000004360
0.0000004320
0.0000005770
0.0000014920
0.0000007420
0.0000007110
0.0000010460
0.0000006240
0.0000006140
0.0000005440
0.0000004720
0.0000004500
0.0000006160
0.0000011680
0.0000006820
0.0000006050
0.0000009080
0.0000005760
0.0000005540
0.0000004650
0.0000004260
0.0000003950
0.0000005490
0.0000012380
0.0000007340
0.0000006780
0.0000008170
0.0000006220
0.0000005870
0.0000005230
0.0000004350
0.0000004170
0.0000005300
0.0000013540
0.0000007170
0.0000006650
0.0000008050
0.0000005720
0.0000006260
0.0000007910
0.0000004040
0.0000003820
0.0000005410
0.0000010600
0.0000007000
0.0000007820
0.0000008670
0.0000006370
0.0000005670
0.0000007310
0.0000004630
0.0000003630
0.0000005880
0.0000012940
0.0000011860
0.0000006560
0.0000008480
0.0000006370
0.0000006150
0.0000006290
0.0000005510
0.0000003990
0.0000005670
0.0000010980
0.0000007360
0.0000007230
0.0000008390
0.0000007460
0.0000007070
0.0000004890
0.0000004490
0.0000003720
0.0000004960
