0.0000174550
0.0000041040
0.0000031030
0.0000028190
0.0000028220
0.0000031090
0.0000028140
0.0000028600
0.0000030970
0.0000031220
0.0000342430
0.0000059920
0.0000059000
0.0000053280
0.0000053980
0.0000057880
0.0000051600
0.0000052670
0.0000055210
0.0000055340
0.0000328570
0.0000058250
0.0000058260
0.0000054220
0.0000053770
0.0000057980
0.0000051950
0.0000052470
0.0000055130
0.0000053280
0.0000291590
0.0000058780
0.0000057740
0.0000054300
0.0000054420
0.0000058190
0.0000051270
0.0000052070
0.0000055660
0.0000052350
0.0000436220
0.0000078680
0.0000078380
0.0000072310
0.0000072880
0.0000077980
0.0000068870
0.0000070110
0.0000074260
0.0000071280
0.0000388910
0.0000069040
0.0000066820
0.0000062450
0.0000062420
0.0000066460
0.0000058670
0.0000060480
0.0000062920
0.0000060330
0.0000428650
0.0000070730
0.0000071060
0.0000067040
0.0000065130
0.0000071120
0.0000061370
0.0000063150
0.0000066640
0.0000064790
0.0000356840
0.0000069150
0.0000070660
0.0000061360
0.0000064060
0.0000068410
0.0000058370
0.0000062400
0.0000066450
0.0000061800
0.0000369670
0.0000069190
0.0000066650
0.0000061470
0.0000061370
0.0000067350
0.0000057540
0.0000059010
0.0000062900
0.0000062620
0.0000402150
0.0000072090
0.0000072380
0.0000067060
0.0000064870
0.0000070820
0.0000064750
0.0000351080
0.0000078130
0.0000063200
0.0000461110
0.0000081470
0.0000073100
0.0000065610
0.0000065560
0.0000070680
0.0000060870
0.0000065870
0.0000066470
0.0000064250
0.0000446120
0.0000074100
0.0000073570
0.0000067730
0.0000064190
0.0000069560
0.0000062900
0.0000066670
0.0000070010
0.0000063110
0.0000395780
0.0000071320
0.0000071780
0.0000066340
0.0000066200
0.0000073610
0.0000064730
0.0000064750
0.0000069720
0.0000068070
0.0000335170
0.0000067210
0.0000068810
0.0000062800
0.0000064570
0.0000069300
0.0000057700
0.0000061350
0.0000064650
0.0000061560
0.0000332060
0.0000069230
0.0000067460
0.0000063680
0.0000062070
0.0000067700
0.0000060470
0.0000060290
0.0000064760
0.0000061820
0.0000420050
0.0000081670
0.0000070320
0.0000065450
0.0000064310
0.0000070150
0.0000061420
0.0000065820
0.0000067090
0.0000062870
0.0000351350
0.0000069860
0.0000066420
0.0000061850
0.0000062420
0.0000065860
0.0000059420
0.0000060250
0.0000063050
0.0000060000
0.0000439600
0.0000070510
0.0000070780
0.0000064580
0.0000064350
0.0000070130
0.0000060330
0.0000068130
0.0000067270
0.0000063850
0.0000413160
0.0000072120
0.0000077340
0.0000067140
0.0000066620
0.0000071590
0.0000063050
0.0000070360
0.0000068060
0.0000062510
