0.0085316880
0.0073130420
0.0077809660
0.0079855580
0.0079416490
0.0082686730
0.0082284540
0.0081394350
0.0079897760
0.0079605800
0.0101144690
0.0034477270
0.0033883110
0.0033424070
0.0032746090
0.0032623450
0.0032523460
0.0032581430
0.0034005290
0.0063619800
0.0117902470
0.0055104110
0.0055111990
0.0045870590
0.0038262530
0.0036991070
0.0034576000
0.0034558090
0.0034363410
0.0034246610
0.0128554130
0.0067168740
0.0078184620
0.0080430170
0.0092233250
0.0098787700
0.0110078730
0.0132624310
0.0113927220
0.0086333760
0.0157259320
0.0107505060
0.0107039690
0.0107848200
0.0087243430
0.0064421080
0.0059404660
0.0063645330
0.0040004150
0.0038538260
0.0118690700
0.0057732920
0.0057397360
0.0057379390
0.0057803970
0.0057509360
0.0046656010
0.0038571980
0.0036482410
0.0036362160
0.0171162420
0.0079799070
0.0090363830
0.0076424460
0.0084970970
0.0075841700
0.0097654390
0.0078995010
0.0112019140
0.0074778180
0.0144110880
0.0081748720
0.0090737150
0.0087002220
0.0090729170
0.0090451650
0.0099271160
0.0098366340
0.0093970480
0.0114137790
0.0115246080
0.0070825740
0.0069284300
0.0070502930
0.0077609590
0.0076497760
0.0090502530
0.0085483090
0.0078982630
0.0078122870
0.0108628510
0.0053462980
0.0054264120
0.0054234570
0.0053690880
0.0052911280
0.0052593720
0.0052589790
0.0052508580
0.0052088290
0.0119977100
0.0055311220
0.0059366290
0.0056133670
0.0056052880
0.0056160490
0.0056048930
0.0055681960
0.0046375540
0.0038383530
0.0107566080
0.0058474460
0.0058334320
0.0058374800
0.0058278580
0.0058107040
0.0058166370
0.0057917020
0.0064190620
0.0071107770
0.0112008450
0.0056847720
0.0056797130
0.0056314050
0.0055908680
0.0056473900
0.0055481470
0.0055825800
0.0055992920
0.0055268520
0.0116945760
0.0059288540
0.0059166140
0.0072356470
0.0071227190
0.0074004350
0.0084894860
0.0084455060
0.0084427690
0.0084351540
0.0104580920
0.0035700810
0.0035789200
0.0040414600
0.0043472780
0.0057689120
0.0063800160
0.0071904810
0.0084145830
0.0084104540
0.0109464740
0.0035478730
0.0035915310
0.0035459520
0.0035633990
0.0034920810
0.0040158000
0.0043032650
0.0042834370
0.0043062360
0.0144704550
0.0085266890
0.0066351230
0.0073464400
0.0075546090
0.0075947000
0.0090403440
0.0066684690
0.0064551520
0.0060278150
0.0109196020
0.0065639640
0.0067236310
0.0067557370
0.0094824390
0.0104229810
0.0094804200
0.0104457560
0.0095394680
0.0106024260
0.0103978940
0.0036381160
0.0035603680
0.0035731550
0.0035266840
0.0036657970
0.0041402710
0.0042015750
0.0049743770
0.0061510780
