3.4148664220
0.0137407640
0.0131891410
0.0128054290
0.0122009080
0.0135487830
0.0131698950
0.0125630100
0.0140992790
0.0132448830
3.2909017740
0.0137285180
0.0131707220
0.0141979330
0.0122618160
0.0135871520
0.0131724510
0.0125775200
0.0141493380
0.0133595540
3.5041593000
0.0137274060
0.0131677730
0.0125956530
0.0121188390
0.0137727180
0.0132142410
0.0125882220
0.0140821510
0.0242509110
3.3093612050
0.0139515980
0.0132459430
0.0126044440
0.0120353820
0.0135055610
0.0132021480
0.0127711410
0.0141675450
0.0129959860
3.4635816110
0.0137329600
0.0132099860
0.0126000140
0.0120888150
0.0136956050
0.0131929740
0.0125879990
0.0140745840
0.0129668720
3.4294975820
0.0137892000
0.0133259050
0.0126259970
0.0120520170
0.0135967800
0.0132290610
0.0127068140
0.0142341170
0.0129974390
3.5496989720
0.0137301930
0.0131661230
0.0125965670
0.0120735660
0.0137471130
0.0132081980
0.0125750470
0.0140683580
0.0129677330
3.3616039650
0.0137011820
0.0131612620
0.0126342980
0.0122715380
0.0135838220
0.0131479850
0.0125581240
0.0140607280
0.0130075410
3.3792008870
0.0137104720
0.0131659730
0.0129019660
0.0122785600
0.0135424400
0.0131614720
0.0125692940
0.0142128940
0.0132213550
3.4177922130
0.0137422760
0.0131709300
0.0125855330
0.0120824000
0.0137219510
0.0132046820
0.0125730650
0.0140702580
0.0129633570
