3.7339022250
0.2175689340
0.2092339080
0.2003376110
0.1916509570
0.2148631620
0.2090498060
0.1998067510
0.2239737680
0.2064613290
3.5824468660
0.2175393900
0.2092730050
0.2001096560
0.1912995250
0.2148219910
0.2090440020
0.1997914850
0.2240552490
0.2063052860
3.6429919020
0.2175274840
0.2092303950
0.2001181560
0.1912840590
0.2148115640
0.2091005620
0.2000667650
0.2237947000
0.2061792520
3.6467577770
0.2175093350
0.2092654760
0.2002787240
0.1913248490
0.2148316490
0.2093526200
0.1998012430
0.2237940110
0.2063155040
3.5152385000
0.2175268870
0.2092244090
0.2001183230
0.1912797200
0.2148084140
0.2090633490
0.1999548910
0.2238027550
0.2061674570
3.5239575960
0.2175212330
0.2093795420
0.2001392780
0.1912763410
0.2148615830
0.2090538750
0.1997750660
0.2237878040
0.2063550520
3.4470726840
0.2175181580
0.2092198600
0.2001481250
0.1919975860
0.2149057400
0.2090494320
0.1997902470
0.2238875320
0.2066955010
3.7366361650
0.2175223940
0.2092249680
0.2001041110
0.1912949930
0.2149768970
0.2091780910
0.1998051200
0.2237740490
0.2061914540
3.6828879570
0.2175242500
0.2093628220
0.2001104980
0.1912766190
0.2148093200
0.2090400720
0.1997831560
0.2237937090
0.2063166690
3.6193619910
0.2175402100
0.2092140200
0.2001030250
0.1912808370
0.2148537490
0.2092396760
0.1997953300
0.2237579750
0.2061662050
