3.4664821260
0.0002781370
0.0002411250
0.0002283920
0.0002227930
0.0002454280
0.0002379850
0.0002309210
0.0002481800
0.0002252170
3.3742508300
0.0002915550
0.0002583690
0.0002437040
0.0002388830
0.0002610910
0.0002535580
0.0002443370
0.0002644060
0.0002413030
3.3457429090
0.0003004540
0.0002441860
0.0003021810
0.0002283780
0.0002501380
0.0002402950
0.0002368100
0.0002501350
0.0002295010
3.5515877980
0.0002781350
0.0002597580
0.0002398800
0.0002356700
0.0002472530
0.0002480300
0.0002401580
0.0002603640
0.0002384120
3.4477279350
0.0002839660
0.0002452380
0.0002284440
0.0002254990
0.0002432790
0.0002395070
0.0002293460
0.0002505860
0.0002280460
3.3760729240
0.0002836080
0.0002451420
0.0002256530
0.0002226050
0.0002449020
0.0002379520
0.0002274690
0.0002462230
0.0002272740
3.4028349630
0.0003184330
0.0002509560
0.0002293570
0.0002207400
0.0002393090
0.0002921570
0.0002306240
0.0002510480
0.0002282520
3.4494898880
0.0002779900
0.0002419430
0.0003396950
0.0002272470
0.0002461520
0.0002385700
0.0002303220
0.0002495510
0.0002259530
3.4324073950
0.0002729900
0.0002446710
0.0002234880
0.0002201550
0.0002476210
0.0002397110
0.0002304480
0.0002465880
0.0003361740
3.4054424070
0.0002803880
0.0002435810
0.0002295650
0.0002173910
0.0002434540
0.0002379140
0.0002309310
0.0002471450
0.0002345690
