3.3792062390
0.0001544700
0.0001244310
0.0001149960
0.0001125020
0.0001232390
0.0001194150
0.0001150950
0.0001356050
0.0002357860
3.4477216470
0.0001743620
0.0001366030
0.0001306150
0.0001293230
0.0001423340
0.0001382900
0.0001317630
0.0001374560
0.0001264950
3.3671150360
0.0002089130
0.0001388110
0.0001269190
0.0001254000
0.0001404380
0.0001354530
0.0001327850
0.0001366570
0.0001265640
3.4682217690
0.0001919950
0.0001426230
0.0001269510
0.0001265130
0.0001357690
0.0001353230
0.0001302280
0.0001392450
0.0001256560
3.3367040170
0.0001768160
0.0001423290
0.0001288570
0.0001252340
0.0001396870
0.0001368690
0.0001323730
0.0001411010
0.0001276200
3.2591800540
0.0001874070
0.0001424320
0.0001299880
0.0001246820
0.0001390690
0.0001366160
0.0001348520
0.0001404750
0.0001264090
3.3623052230
0.0004631620
0.0002020930
0.0002010960
0.0001328210
0.0001385510
0.0001365200
0.0001324780
0.0001465480
0.0001279550
3.3871364680
0.0001735040
0.0001430270
0.0001284030
0.0001252690
0.0001347380
0.0001353910
0.0001295860
0.0002575820
0.0002725920
3.4183030110
0.0001675850
0.0001439370
0.0001258680
0.0001230250
0.0001384590
0.0001356970
0.0001312230
0.0001374320
0.0001258550
3.3967554400
0.0001720760
0.0001433140
0.0001293170
0.0001252140
0.0001342340
0.0001340850
0.0001289170
0.0001397470
0.0001285350
