3.3714620750
0.0069603650
0.0066643290
0.0063367030
0.0060125730
0.0067926450
0.0066604600
0.0065604350
0.0072973730
0.0065904400
3.4915401730
0.0068521160
0.0066580920
0.0065713330
0.0062729280
0.0067870040
0.0066242670
0.0065437950
0.0070935160
0.0065513240
3.4240377690
0.0071390590
0.0066912980
0.0063372370
0.0060556570
0.0067952850
0.0066101230
0.0063483880
0.0133988330
0.0067571590
3.4498908650
0.0069484870
0.0065791540
0.0063370150
0.0060596550
0.0067959840
0.0066449980
0.0065425580
0.0072888700
0.0066103150
3.5969014970
0.0068640540
0.0066424940
0.0063361760
0.0060601390
0.0067497320
0.0066788060
0.0065356640
0.0072771520
0.0065749590
3.2568000160
0.0069678110
0.0066479980
0.0063644150
0.0060565680
0.0067934870
0.0066114820
0.0063228470
0.0081441140
0.0067831960
3.4822271960
0.0069929580
0.0066408670
0.0063837540
0.0061450230
0.0067503090
0.0173342730
0.0102024780
0.0071651970
0.0066151870
3.4610447950
0.0068678380
0.0066341480
0.0063413100
0.0060588430
0.0068669020
0.0066567550
0.0063216460
0.0070341210
0.0066064960
3.3830665580
0.0068648750
0.0066289070
0.0062880460
0.0060547700
0.0067938610
0.0066102810
0.0063504590
0.0072807010
0.0067778280
3.7502427090
0.0068707320
0.0066412100
0.0063871720
0.0063100050
0.0070224440
0.0067078900
0.0063492360
0.0071090080
0.0065342980
