3.3690705590
0.0272954100
0.0264335270
0.0251680830
0.0240039380
0.0269984540
0.0264451480
0.0251273250
0.0281124140
0.0260637060
3.3038706870
0.0272967880
0.0263163960
0.0251753790
0.0240307430
0.0269927830
0.0266183290
0.0250973010
0.0281154870
0.0260834350
3.4512931050
0.0273173950
0.0263082610
0.0253102990
0.0240419000
0.0269970430
0.0264532810
0.0250941910
0.0280968340
0.0260670360
3.4739608790
0.0273107540
0.0263095150
0.0252217980
0.0240042980
0.0269859180
0.0264368970
0.0250996060
0.0281060620
0.0261131580
3.3666932390
0.0273079180
0.0262971290
0.0252546270
0.0240041350
0.0269856830
0.0264401180
0.0251261950
0.0281139550
0.0260811820
3.4421218880
0.0371713590
0.0264955720
0.0251417140
0.0294931730
0.0271480630
0.0262520660
0.0250964840
0.0282848100
0.0258935230
3.5019876950
0.0273620090
0.0265440570
0.0251345030
0.0263997570
0.0271868170
0.0262640850
0.0313695300
0.0282809530
0.0258968880
3.4483548700
0.0273444490
0.0264419880
0.0251285620
0.0240075160
0.0271714320
0.0262770520
0.0250656900
0.0281057750
0.0259420520
3.3698660580
0.0272952010
0.0264462490
0.0252413320
0.0240290160
0.0269845970
0.0263064270
0.0250668070
0.0281050800
0.0260536720
3.3961085820
0.0273608650
0.0264460480
0.0251320680
0.0240083200
0.0270009380
0.0262825590
0.0250648460
0.0281037920
0.0260615600
