3.3613258460
0.0004870570
0.0004486780
0.0004229200
0.0004081410
0.0004517690
0.0004413560
0.0004243930
0.0004669370
0.0004272790
3.3903100130
0.0004877690
0.0004488560
0.0004222820
0.0004056970
0.0004519000
0.0004427500
0.0004312980
0.0006044930
0.0005650040
3.4696916040
0.0005233290
0.0006140490
0.0007321810
0.0054351570
0.0006589700
0.0004718250
0.0004730880
0.0004702030
0.0004350980
3.4444702340
0.0005187880
0.0004532160
0.0004232810
0.0004092370
0.0004517710
0.0004412060
0.0004237440
0.0004671120
0.0004267640
3.4016532170
0.0004937730
0.0004523110
0.0004198350
0.0004777220
0.0005962590
0.0005954310
0.0005692430
0.0006110020
0.0005336270
3.4220152990
0.0004885940
0.0004996300
0.0004259810
0.0004067430
0.0004510710
0.0004396050
0.0004246820
0.0004685770
0.0004274190
3.5384397220
0.0005488540
0.0004791810
0.0004283610
0.0004086310
0.0004517580
0.0004409850
0.0004264160
0.0004696640
0.0004785770
3.2315254270
0.0005225660
0.0005030710
0.0004665480
0.0004170360
0.0004540000
0.0004413640
0.0004265100
0.0004678310
0.0004269030
3.2812720410
0.0004876540
0.0004500420
0.0004213400
0.0004066660
0.0004526520
0.0004391690
0.0004235910
0.0004629570
0.0004266960
3.4176061960
0.0004826080
0.0004486090
0.0004163660
0.0004051590
0.0005017560
0.0005925940
0.0005862340
0.0006286730
0.0005747850
