3.3949933930
0.0034827070
0.0033375060
0.0032611700
0.0030263760
0.0034101720
0.0033478130
0.0031534940
0.0035501240
0.0032350520
3.3045300770
0.0064629180
0.0034720300
0.0032920550
0.0030248390
0.0034072630
0.0032900870
0.0032024610
0.0035278670
0.0032690210
3.4520536490
0.0034760360
0.0033637680
0.0031570040
0.0032359940
0.0035830230
0.0033071600
0.0031747160
0.0035255680
0.0033062420
3.3304373520
0.0034609050
0.0033633450
0.0031622770
0.0030357940
0.0033731530
0.0033199280
0.0032819380
0.0038857230
0.0036111830
3.4967822960
0.0034579460
0.0033253430
0.0032388070
0.0031799960
0.0037182340
0.0034885090
0.0033284690
0.0035420540
0.0032731990
3.3601043300
0.0034651840
0.0033256880
0.0031480700
0.0030421580
0.0033742480
0.0033478320
0.0031567280
0.0035616480
0.0035376780
3.3846884160
0.0034556630
0.0033601260
0.0031591170
0.0030341500
0.0035525890
0.0035926010
0.0034795890
0.0038150630
0.0033033420
3.3987194220
0.0035145150
0.0033984950
0.0031654480
0.0030390250
0.0033754980
0.0033505340
0.0031528740
0.0035481000
0.0032324830
3.2851826950
0.0034601200
0.0033561390
0.0031581650
0.0030506850
0.0037038880
0.0035021610
0.0034370820
0.0036380860
0.0032527580
3.4128576340
0.0035091650
0.0040911670
0.0035018350
0.0031356580
0.0033959310
0.0033195230
0.0031535530
0.0035857350
0.0032557540
