3.7581499510
0.4349508870
0.4183739240
0.4001403970
0.3825461590
0.4296066840
0.4180000370
0.3995065940
0.4474440740
0.4122161150
3.8471363560
0.4349052930
0.4183645620
0.4000868880
0.3824421650
0.4295422830
0.4180756390
0.3994767870
0.4474435350
0.4122301680
3.7326145730
0.4349069000
0.4184558080
0.4000841390
0.3825201740
0.4295600640
0.4180951080
0.3994431530
0.4474293590
0.4123087900
3.8012976060
0.4350318040
0.4183077870
0.4001247580
0.3827816790
0.4297604200
0.4180058530
0.3995038530
0.4474280030
0.4122265120
3.7208743830
0.4348920340
0.4184655890
0.4001323730
0.3824741570
0.4295018180
0.4182025000
0.3995003930
0.4474509200
0.4123851710
3.7278903480
0.4349649130
0.4183090870
0.4000780710
0.3824979510
0.4295554280
0.4180170770
0.3994582310
0.4474145390
0.4123058550
3.6740506290
0.4349271460
0.4183743120
0.4000922490
0.3824726800
0.4295638040
0.4179868970
0.3994884340
0.4474508710
0.4122053600
3.8142737870
0.4348941450
0.4183054760
0.4002966590
0.3825080550
0.4295381650
0.4179795850
0.3996998990
0.4476334800
0.4122097380
3.7747348550
0.4349393310
0.4183829320
0.4000915040
0.3824926520
0.4295582140
0.4179930900
0.3994511080
0.4475515840
0.4122471270
3.7570393620
0.4349146480
0.4186859160
0.4000803160
0.3824612410
0.4295214890
0.4180523760
0.3995960100
0.4474043900
0.4123565980
