3.5207606590
0.0017678950
0.0016778420
0.0015901970
0.0015390390
0.0017075050
0.0016679590
0.0015981020
0.0017738360
0.0016374830
3.4439998300
0.0017710750
0.0016786240
0.0015906800
0.0015368110
0.0017070800
0.0016633630
0.0015971560
0.0017793900
0.0016348510
3.2648171460
0.0018088020
0.0016809950
0.0015890990
0.0015356900
0.0017029920
0.0016649100
0.0015981400
0.0017772590
0.0016364840
3.3515936600
0.0017970750
0.0017032260
0.0015951950
0.0015363920
0.0017090920
0.0016644610
0.0015974850
0.0017763980
0.0016327020
3.4605442250
0.0017670490
0.0016789250
0.0015896120
0.0015344540
0.0017090020
0.0016665450
0.0015962340
0.0017753060
0.0016450030
3.4916782020
0.0017948960
0.0016879140
0.0015912660
0.0015383030
0.0017008660
0.0016655450
0.0015957100
0.0017794710
0.0016378810
3.5304953450
0.0018536920
0.0017497920
0.0016305990
0.0015421580
0.0016997650
0.0016641520
0.0015963950
0.0017774340
0.0016378870
3.2516620090
0.0021296070
0.0016811070
0.0015886150
0.0015339370
0.0017088200
0.0017886810
0.0020064920
0.0019342160
0.0017165990
3.3953498580
0.0017894600
0.0016806170
0.0015880210
0.0015351190
0.0017098870
0.0017089420
0.0016023010
0.0017796680
0.0016359110
3.3511144580
0.0017974410
0.0016896940
0.0015954950
0.0015386790
0.0017082510
0.0016694860
0.0015962200
0.0017797690
0.0016365460
