3.3877965820
0.0545513890
0.0524945780
0.0503105210
0.0479705300
0.0539792420
0.0523819930
0.0500508300
0.0560581950
0.0516915650
3.3466460530
0.0545050450
0.0524129180
0.0501150090
0.0479302760
0.0540100280
0.0524085480
0.0502447380
0.0560656070
0.0516849070
3.4047004050
0.0544769070
0.0524624550
0.0503451170
0.0479942040
0.0540271930
0.0523844010
0.0500900010
0.0560597170
0.0517046850
3.4289350610
0.0545609130
0.0524066720
0.0501845910
0.0481273540
0.0538661810
0.0524094180
0.0500625150
0.0560783840
0.0523194200
3.4915445660
0.0545156020
0.0523991320
0.0501828980
0.0481288200
0.0538668420
0.0525485810
0.0500645190
0.0560658360
0.0516514010
3.5026689120
0.0544952320
0.0524720570
0.0503683040
0.0479953220
0.0538664480
0.0524045770
0.0500757240
0.0560443480
0.0517583510
3.4209940860
0.0547453810
0.0524249780
0.0501322940
0.0479065170
0.0538391210
0.0527484800
0.0500930560
0.0561309900
0.0516587330
3.4414272960
0.0545507290
0.0524589760
0.0501822710
0.0480364850
0.0538493360
0.0524974930
0.0500949260
0.0561003680
0.0516640260
3.3097873790
0.0552539800
0.0524723820
0.0501333820
0.0479278030
0.0538850750
0.0525828580
0.0501102520
0.0562280870
0.0516681110
3.4334455390
0.0545236950
0.0523952360
0.0501303620
0.0481126400
0.0538549160
0.0525753540
0.0500674700
0.0560549290
0.0516346470
