5.0076703900
1.7457286660
1.6777075420
1.6035488730
1.5344196620
1.7223635320
1.6756227830
1.6032975030
1.7932730960
1.6535115160
4.7579574260
1.7464748070
1.6777154830
1.6042341020
1.5335870220
1.7223876690
1.6758024780
1.6032662930
1.7933455010
1.6536114370
4.9183592590
1.7464572510
1.6788962810
1.6052845930
1.5341687950
1.7223246370
1.6757020900
1.6032248460
1.7931491660
1.6535411920
4.9703655370
1.7452390870
1.6784787870
1.6039651200
1.5348953150
1.7225218380
1.6757995370
1.6029770340
1.7931319310
1.6534345630
4.9405430670
1.7459503610
1.6786697960
1.6052648510
1.5349892290
1.7225368530
1.6757209970
1.6029920730
1.7935774150
1.6533058250
4.9619640260
1.7474041990
1.6775507790
1.6056859180
1.5339444270
1.7225711130
1.6757837630
1.6029492560
1.7931978030
1.6533172620
4.8993247790
1.7441028720
1.6776369530
1.6044892230
1.5342411720
1.7224149510
1.6757565820
1.6029447260
1.7930938950
1.6532385680
4.8863390510
1.7457184930
1.6777363360
1.6036224640
1.5343589520
1.7225535220
1.6756589400
1.6034847850
1.7932810060
1.6535096340
4.7326090830
1.7458578430
1.6774498220
1.6044756540
1.5336709010
1.7222360900
1.6758757440
1.6030079340
1.7933612380
1.6533832420
4.9486950580
1.7461213070
1.6788995780
1.6054029660
1.5343085930
1.7222858430
1.6758667030
1.6031301140
1.7934608670
1.6533561690
