3.5110243960
0.1088661930
0.1046985550
0.1001739520
0.0958072100
0.1076035950
0.1048222050
0.1000285680
0.1119936820
0.1032214790
3.6028184370
0.1089069180
0.1049901630
0.1002303680
0.0957881910
0.1075012200
0.1046178040
0.0999855060
0.1119891460
0.1031783490
3.5426706140
0.1088914800
0.1049166260
0.1001544100
0.0957661910
0.1075686900
0.1046547630
0.0999879530
0.1119655090
0.1031653860
3.5724840340
0.1088614120
0.1047061280
0.1001388890
0.0959009120
0.1077745220
0.1047391220
0.1000051650
0.1119854700
0.1031866660
3.4659904070
0.1089316460
0.1047073110
0.1001340410
0.0957274030
0.1074875450
0.1047339850
0.1002850950
0.1120998060
0.1031778920
3.5025913070
0.1088537610
0.1046939730
0.1001308010
0.0957221550
0.1075366280
0.1046788150
0.1001889980
0.1121476830
0.1031653520
3.3457115730
0.1088628360
0.1046948030
0.1001318670
0.0957298180
0.1075245320
0.1046644660
0.1001577010
0.1121324870
0.1031744790
3.5751517530
0.1088720530
0.1047031590
0.1001392400
0.0957336480
0.1075054390
0.1046495030
0.1002163580
0.1122123390
0.1031872490
3.3719594660
0.1089013900
0.1047036540
0.1001287650
0.0957323690
0.1074845530
0.1045982170
0.0999824370
0.1119878160
0.1033635930
3.4826282650
0.1089178980
0.1047054830
0.1001399760
0.0957810100
0.1075561880
0.1046071420
0.1002005100
0.1121833750
0.1032000100
