3.4394988990
0.0009400610
0.0008628960
0.0008139260
0.0007859890
0.0008678530
0.0008514130
0.0008126430
0.0009030360
0.0008328340
3.3914460440
0.0009079320
0.0008568360
0.0008121750
0.0007817630
0.0008879700
0.0009830740
0.0009661990
0.0011758940
0.0009734160
3.3694206850
0.0009144510
0.0107730110
0.0028130710
0.0011772640
0.0010009150
0.0009192070
0.0008144700
0.0009187690
0.0008350620
3.4000560320
0.0047267920
0.0029537960
0.0009763610
0.0012952620
0.0009361390
0.0008587120
0.0008109360
0.0009132130
0.0008328930
3.3151812790
0.0011116560
0.0009120250
0.0008150890
0.0007849300
0.0008732670
0.0008495030
0.0008172850
0.0009024910
0.0008294540
3.3747478820
0.0011565640
0.0009483770
0.0008628720
0.0007716090
0.0008753920
0.0008469700
0.0008131500
0.0009096250
0.0008321390
3.3639130810
0.0009101580
0.0008581160
0.0008055140
0.0007818340
0.0008736660
0.0008529460
0.0008238370
0.0009019740
0.0008347470
3.3839611070
0.0009135890
0.0008558770
0.0008102920
0.0007840080
0.0008722880
0.0008475490
0.0008164320
0.0010529550
0.0008392870
3.5756240520
0.0009136300
0.0008620280
0.0008135930
0.0007860050
0.0008702460
0.0008503320
0.0008142350
0.0009044160
0.0008640180
3.3262704720
0.0009154040
0.0008576820
0.0008112720
0.0007848230
0.0008698460
0.0008497730
0.0008174690
0.0009026580
0.0008361770
