4.0779949580
0.8698218400
0.8364867120
0.8003270400
0.7647709000
0.8589156210
0.8358969600
0.7990000880
0.8948145920
0.8244647230
4.0836183260
0.8695823160
0.8366816370
0.8001768560
0.7648647720
0.8589452130
0.8358311300
0.7992630780
0.8947148060
0.8243844870
4.0290582440
0.8696192860
0.8365882840
0.8001326240
0.7647879020
0.8589536280
0.8357706680
0.7987395640
0.8950287190
0.8245553210
4.1644401610
0.8695676480
0.8367120650
0.7999511960
0.7648023860
0.8589053570
0.8361264160
0.7987399210
0.8947084070
0.8246441120
4.2206324470
0.8696957950
0.8365249690
0.8000727500
0.7647511530
0.8589694760
0.8359742950
0.7990941850
0.8949203540
0.8243246450
4.2063926470
0.8696973080
0.8368670990
0.7999825570
0.7647315880
0.8589855730
0.8359094560
0.7992029380
0.8948205740
0.8243199660
4.2778269550
0.8699034580
0.8367556970
0.8000046500
0.7650537410
0.8589307190
0.8358128930
0.7988163230
0.8947920840
0.8244237330
4.2322528680
0.8697524670
0.8367649180
0.8001258400
0.7647900910
0.8588474290
0.8362017860
0.7988753900
0.8949778230
0.8243686780
4.1285926340
0.8698384530
0.8368056620
0.8000466350
0.7647624670
0.8588825840
0.8359882720
0.7989291590
0.8946703130
0.8244353240
4.1879506470
0.8698941550
0.8367988480
0.8001169810
0.7647532240
0.8588527540
0.8357818460
0.7992391450
0.8947454790
0.8245426120
