0.0080058720
0.0044101850
0.0044018010
0.0044203730
0.0044112060
0.0044029530
0.0044015800
0.0044046540
0.0044063520
0.0044071540
0.0080702360
0.0044314840
0.0044144270
0.0044246380
0.0044151930
0.0044165480
0.0044132890
0.0044107180
0.0044129010
0.0044216050
0.0080177640
0.0044226630
0.0044161560
0.0044110710
0.0044186310
0.0044026980
0.0044038630
0.0044162210
0.0044154690
0.0044123780
0.0079497020
0.0044380700
0.0044007490
0.0044044100
0.0044031980
0.0044021230
0.0044043640
0.0044117570
0.0044128380
0.0044109470
0.0080869110
0.0044116660
0.0044003100
0.0044156280
0.0044128360
0.0044169390
0.0044248450
0.0044049150
0.0044040930
0.0044059740
0.0079231600
0.0044084820
0.0044134070
0.0044042580
0.0044034180
0.0044012150
0.0044126990
0.0044168090
0.0044042410
0.0044034750
0.0080297970
0.0044239400
0.0044040250
0.0043997660
0.0044043940
0.0044137920
0.0044112420
0.0044066000
0.0044082890
0.0044102850
0.0080186190
0.0044229840
0.0044138870
0.0044025950
0.0044035950
0.0044115130
0.0044292620
0.0044174430
0.0044122680
0.0044143840
0.0079193610
0.0044130650
0.0044005180
0.0044132450
0.0044001450
0.0044134540
0.0044017250
0.0044030460
0.0044078270
0.0044040290
0.0079427370
0.0044096030
0.0044203520
0.0044038550
0.0044094120
0.0044403540
0.0044062560
0.0044133900
0.0044108300
0.0044167600
0.0079188280
0.0044336570
0.0044015790
0.0044035980
0.0044135380
0.0044127100
0.0044137860
0.0044059830
0.0044133470
0.0044059690
0.0080793390
0.0044360830
0.0044053610
0.0044080880
0.0044118760
0.0044091940
0.0044088900
0.0044111400
0.0044079170
0.0044020160
0.0080535650
0.0044130510
0.0044030940
0.0044098940
0.0044117960
0.0044000940
0.0044092010
0.0044017590
0.0044104840
0.0044103610
0.0080243080
0.0044201120
0.0044151730
0.0044065770
0.0044021930
0.0044164210
0.0044134000
0.0044024980
0.0044142430
0.0044056680
0.0080166650
0.0044144320
0.0044116130
0.0043994770
0.0043993000
0.0044020090
0.0044138660
0.0044108270
0.0044121600
0.0044197650
0.0079261750
0.0044116430
0.0044173770
0.0044031280
0.0044022060
0.0044037630
0.0044125470
0.0044145090
0.0044103090
0.0044189750
0.0081222300
0.0044208920
0.0044049290
0.0044179960
0.0044023320
0.0044152530
0.0044079100
0.0044142390
0.0044097730
0.0044124960
0.0079132160
0.0044124670
0.0044046100
0.0044043810
0.0044101190
0.0044027030
0.0044125770
0.0044049690
0.0044139630
0.0044105400
0.0080089820
0.0044233240
0.0044133770
0.0044145120
0.0044062360
0.0044142800
0.0044115100
0.0044090570
0.0044261070
0.0044153200
0.0079164870
0.0044205150
0.0044021300
0.0044041920
0.0044058600
0.0044042960
0.0044026240
0.0044067710
0.0044075240
0.0044049800
