0.0045932080
0.0000621190
0.0000605600
0.0000587330
0.0000584850
0.0000583730
0.0000610150
0.0000590180
0.0000586840
0.0000586080
0.0045381510
0.0000618610
0.0000595590
0.0000591610
0.0000588190
0.0000587580
0.0000586090
0.0000594740
0.0000590330
0.0000597310
0.0045427600
0.0000617770
0.0000593870
0.0000616080
0.0000576190
0.0000576060
0.0000585990
0.0000585480
0.0000580050
0.0000581190
0.0053959870
0.0000657990
0.0000638800
0.0000641800
0.0000631320
0.0000628400
0.0000620040
0.0000634430
0.0000623290
0.0000636680
0.0047736600
0.0000615530
0.0000588660
0.0000590950
0.0000577210
0.0000582320
0.0000587090
0.0000578640
0.0000575810
0.0000598580
0.0047232260
0.0000630580
0.0000614370
0.0000606610
0.0000603980
0.0000602250
0.0000597690
0.0000598830
0.0000598120
0.0000602690
0.0047202060
0.0000618030
0.0000611060
0.0000593820
0.0000587850
0.0000598910
0.0000595410
0.0000599100
0.0000588330
0.0000618270
0.0046314830
0.0000619920
0.0000607780
0.0000594880
0.0000588270
0.0000593880
0.0000587530
0.0000590110
0.0000594310
0.0000586480
0.0046025480
0.0000630380
0.0000605120
0.0000649310
0.0000592320
0.0000587550
0.0000577680
0.0000579550
0.0000576570
0.0000581510
0.0046969960
0.0000637780
0.0000613250
0.0000608160
0.0000603770
0.0000605860
0.0000603220
0.0000629660
0.0000602090
0.0000582690
0.0053754670
0.0000667490
0.0000628220
0.0000630310
0.0000627700
0.0000627480
0.0000622950
0.0000621590
0.0000623070
0.0000626970
0.0046835110
0.0000737750
0.0000609340
0.0000601580
0.0000598730
0.0000594020
0.0000588710
0.0000599180
0.0000591000
0.0000592710
0.0045388700
0.0000609860
0.0000609240
0.0000658760
0.0000578480
0.0000581850
0.0000579150
0.0000577110
0.0000579860
0.0000580180
0.0044972510
0.0000609320
0.0000599690
0.0000589180
0.0000574700
0.0000584080
0.0000583730
0.0000585310
0.0000583730
0.0000581380
0.0053376960
0.0000659510
0.0000644780
0.0000642040
0.0000638700
0.0000629990
0.0000634910
0.0000629870
0.0000637150
0.0000635080
0.0045298010
0.0000614320
0.0000594830
0.0000589270
0.0000587530
0.0000577290
0.0000586050
0.0000578980
0.0000574550
0.0000586350
0.0046950060
0.0000614770
0.0000597710
0.0000592120
0.0000596720
0.0000589110
0.0000589460
0.0000589810
0.0000582800
0.0000590830
0.0053500090
0.0000657490
0.0000641000
0.0000632390
0.0000637130
0.0000633680
0.0000630820
0.0000624220
0.0000623200
0.0000628990
0.0045300800
0.0000604690
0.0000588760
0.0000588950
0.0000587560
0.0000589590
0.0000587040
0.0000586080
0.0000572530
0.0000591160
0.0047389280
0.0000627580
0.0000602430
0.0000597460
0.0000594540
0.0000598350
0.0000590820
0.0000593120
0.0000596560
0.0000595970
