0.0044654100
0.0000356220
0.0000330890
0.0000326900
0.0000326800
0.0000327070
0.0000328110
0.0000326330
0.0000336280
0.0000324880
0.0044717920
0.0000357990
0.0000328080
0.0000338310
0.0000325440
0.0000330820
0.0000330090
0.0000328730
0.0000329620
0.0000325300
0.0046554580
0.0000364890
0.0000341920
0.0000337870
0.0000334100
0.0000336900
0.0000339480
0.0000336890
0.0000336210
0.0000333700
0.0044939150
0.0000363040
0.0000331650
0.0000326390
0.0000329090
0.0000327720
0.0000330540
0.0000327260
0.0000327550
0.0000328370
0.0046114520
0.0000429840
0.0000395660
0.0000393100
0.0000394620
0.0000404760
0.0000407140
0.0000398530
0.0000397510
0.0000388610
0.0045523150
0.0000355480
0.0000330600
0.0000325750
0.0000325170
0.0000324930
0.0000383670
0.0000347070
0.0000339440
0.0000336720
0.0046006320
0.0000364430
0.0000339530
0.0000335980
0.0000333840
0.0000333450
0.0000332410
0.0000330670
0.0000333130
0.0000329650
0.0053467150
0.0000429250
0.0000405790
0.0000404560
0.0000399580
0.0000409480
0.0000406200
0.0000398820
0.0000401040
0.0000402350
0.0044907060
0.0000354640
0.0000325630
0.0000324460
0.0000321500
0.0000323600
0.0000320370
0.0000322490
0.0000322340
0.0000322990
0.0053569800
0.0000425660
0.0000395940
0.0000402460
0.0000346740
0.0000396400
0.0000395930
0.0000396000
0.0000393440
0.0000395360
0.0046449860
0.0000363450
0.0000339410
0.0000338430
0.0000336890
0.0000338930
0.0000335540
0.0000415740
0.0000336470
0.0000335060
0.0046746860
0.0000369070
0.0000341070
0.0000340910
0.0000338480
0.0000340560
0.0000334820
0.0000337730
0.0000337580
0.0000335080
0.0044509210
0.0000362500
0.0000333120
0.0000328160
0.0000325310
0.0000329240
0.0000325700
0.0000328070
0.0000324810
0.0000324070
0.0045018420
0.0000354350
0.0000328860
0.0000335690
0.0000331150
0.0000331750
0.0000328850
0.0000331190
0.0000332320
0.0000328490
0.0044888380
0.0000350480
0.0000327950
0.0000326990
0.0000324640
0.0000326010
0.0000323820
0.0000323200
0.0000323310
0.0000324160
0.0045318870
0.0000366790
0.0000335480
0.0000329620
0.0000322900
0.0000325240
0.0000324580
0.0000325030
0.0000323290
0.0000324670
0.0044969350
0.0000357660
0.0000332180
0.0000327790
0.0000327020
0.0000327690
0.0000324100
0.0000327970
0.0000323100
0.0000327420
0.0047117200
0.0000377070
0.0000345540
0.0000342280
0.0000343300
0.0000383650
0.0000342500
0.0000341210
0.0000340760
0.0000340270
0.0044543030
0.0000361070
0.0000332580
0.0000329210
0.0000327860
0.0000330280
0.0000324570
0.0000327670
0.0000329700
0.0000331540
0.0044937700
0.0000359030
0.0000334650
0.0000328990
0.0000325890
0.0000329640
0.0000325470
0.0000323730
0.0000322960
0.0000324370
