0.0036737930
0.0001644690
0.0001648750
0.0001629670
0.0001635250
0.0001623310
0.0001644760
0.0001609830
0.0001606660
0.0001626620
0.0036815650
0.0001649540
0.0001643380
0.0001629900
0.0001630440
0.0001618840
0.0001630300
0.0001623070
0.0001643570
0.0001660710
0.0036873100
0.0001650000
0.0001631050
0.0001619460
0.0001618710
0.0001627390
0.0001616690
0.0001623720
0.0001611300
0.0001629450
0.0037176180
0.0001690510
0.0001615600
0.0001616440
0.0001615300
0.0001624870
0.0001630440
0.0001621080
0.0001629360
0.0001635410
0.0038384880
0.0001641140
0.0001659030
0.0001648500
0.0001653320
0.0001651840
0.0001599290
0.0001644660
0.0001652430
0.0001650870
0.0038721140
0.0001647080
0.0001662870
0.0001620700
0.0001652190
0.0001612930
0.0001610650
0.0001615260
0.0001613900
0.0001650230
0.0037790440
0.0001664410
0.0001661400
0.0001644190
0.0001643520
0.0001638350
0.0001643730
0.0001646160
0.0001596490
0.0001650460
0.0038564850
0.0001680190
0.0001652920
0.0001614820
0.0001607370
0.0001658000
0.0001700610
0.0001605000
0.0001648830
0.0001606090
0.0037274520
0.0001649250
0.0001628830
0.0001616400
0.0001620040
0.0001624830
0.0001617260
0.0001619610
0.0001614830
0.0001619220
0.0036960060
0.0001657050
0.0001637200
0.0001635200
0.0001631650
0.0001615530
0.0001636100
0.0001630110
0.0001629670
0.0001626910
0.0038087790
0.0001676420
0.0001657200
0.0001657380
0.0001649750
0.0001659000
0.0001656430
0.0001676600
0.0001627860
0.0001621720
0.0036928520
0.0001647960
0.0001625190
0.0001619960
0.0001624800
0.0001621530
0.0001612840
0.0001613440
0.0001629480
0.0001614380
0.0037928540
0.0001670750
0.0001649790
0.0001657490
0.0001650480
0.0001653990
0.0001647650
0.0001649530
0.0001652610
0.0001652440
0.0037077880
0.0001640450
0.0001629890
0.0001630840
0.0001625570
0.0001627050
0.0001634950
0.0001630410
0.0001632400
0.0001637700
0.0037033920
0.0001650420
0.0001632760
0.0001626360
0.0001623370
0.0001617020
0.0001629990
0.0001633000
0.0001618400
0.0001627520
0.0038402340
0.0001684050
0.0001653590
0.0001661040
0.0001664450
0.0001606880
0.0001641290
0.0001651600
0.0001602130
0.0001603510
0.0037115520
0.0001647180
0.0001626560
0.0001619680
0.0001628960
0.0001635200
0.0001630120
0.0001622880
0.0001631220
0.0001628850
0.0038138510
0.0001668910
0.0001640950
0.0001651930
0.0001657600
0.0001652620
0.0001635570
0.0001642320
0.0001640610
0.0001620790
0.0037072310
0.0001664260
0.0001632260
0.0001639920
0.0001626730
0.0001633770
0.0001631220
0.0001631690
0.0001634020
0.0001593430
0.0036891680
0.0001654560
0.0001618350
0.0001632040
0.0001616220
0.0001622920
0.0001624720
0.0001627370
0.0001642430
0.0001619980
