0.0085371680
0.0043343570
0.0043245090
0.0043236430
0.0043472560
0.0043224030
0.0043412590
0.0043551120
0.0043382260
0.0043356330
0.0085677190
0.0043352160
0.0043225920
0.0043226070
0.0043378560
0.0043364480
0.0043222910
0.0043236480
0.0043354600
0.0043256300
0.0085516760
0.0043296670
0.0043400370
0.0043197590
0.0043423010
0.0043236340
0.0043339050
0.0043243880
0.0043563700
0.0043245420
0.0085584090
0.0043368240
0.0043261440
0.0043214390
0.0043254990
0.0043472150
0.0043220400
0.0043285060
0.0043438380
0.0045166340
0.0085560610
0.0043411870
0.0043272850
0.0043248520
0.0043281390
0.0043366090
0.0043335720
0.0043397760
0.0043427160
0.0043397910
0.0086581440
0.0043349070
0.0043323360
0.0043250780
0.0043292930
0.0043275610
0.0043262990
0.0043275010
0.0043227150
0.0043304430
0.0087219300
0.0043275040
0.0043227930
0.0043282720
0.0043303230
0.0043249750
0.0043216940
0.0043323050
0.0043257110
0.0043244090
0.0086511290
0.0043260350
0.0043425920
0.0043310350
0.0043319820
0.0043244200
0.0043217530
0.0043231470
0.0043288490
0.0043289080
0.0087222240
0.0043310440
0.0043303660
0.0043212240
0.0057707380
0.0043280060
0.0043255000
0.0043380650
0.0043373310
0.0043335360
0.0094925400
0.0043374820
0.0043323290
0.0043301920
0.0043372230
0.0043234340
0.0043434770
0.0043414180
0.0043385010
0.0043247890
0.0086070600
0.0043300560
0.0043291980
0.0043308830
0.0043282020
0.0043219230
0.0043221720
0.0043334910
0.0043336430
0.0043240160
0.0085616650
0.0043230410
0.0043296290
0.0043339430
0.0043218440
0.0043305500
0.0043348050
0.0043440030
0.0043332350
0.0043237980
0.0086607470
0.0043303660
0.0043267430
0.0043208690
0.0043227260
0.0043225820
0.0043231020
0.0043264140
0.0043249290
0.0043223920
0.0085573310
0.0043270630
0.0043229250
0.0043199280
0.0043398900
0.0043244850
0.0043243070
0.0043247490
0.0043343010
0.0043377370
0.0087238960
0.0043284380
0.0043243920
0.0043217630
0.0043263740
0.0043245250
0.0043237720
0.0043240570
0.0043230990
0.0043233770
0.0085511340
0.0043398520
0.0043338060
0.0043241610
0.0043392250
0.0043391140
0.0043304420
0.0043313460
0.0043353180
0.0043355240
0.0086745630
0.0043399570
0.0043298110
0.0043225650
0.0043226230
0.0043233330
0.0043212340
0.0043328200
0.0043277180
0.0043237380
0.0085683790
0.0043402450
0.0043306680
0.0043204340
0.0043665970
0.0043371280
0.0043350100
0.0043358280
0.0043309520
0.0043344560
0.0085744480
0.0043378320
0.0043252980
0.0043732190
0.0043801670
0.0043633080
0.0043528470
0.0043233550
0.0043359340
0.0043338420
0.0087386290
0.0043355110
0.0043243220
0.0043191330
0.0043232070
0.0043230740
0.0043218690
0.0043227050
0.0043237600
0.0043244280
