0.0214501050
0.0172261190
0.0172020890
0.0171982330
0.0172368750
0.0172091050
0.0172188610
0.0172144440
0.0172058510
0.0172033090
0.0214674060
0.0172220070
0.0172619590
0.0173073560
0.0172470290
0.0172822600
0.0172566880
0.0172206620
0.0172128450
0.0172596980
0.0215503800
0.0172009620
0.0171987140
0.0172049000
0.0172208740
0.0172021240
0.0172093440
0.0172061770
0.0172018150
0.0172010900
0.0213842760
0.0172032420
0.0172026390
0.0172001900
0.0171990780
0.0172752590
0.0172060020
0.0172501190
0.0172395070
0.0172211240
0.0214801040
0.0172049980
0.0172165460
0.0172444240
0.0172377240
0.0172273820
0.0172462170
0.0172011190
0.0172041510
0.0172239710
0.0216034370
0.0172301740
0.0172231090
0.0172045070
0.0172091160
0.0172241500
0.0172162910
0.0171986160
0.0172070010
0.0172181360
0.0214580480
0.0172133960
0.0172185400
0.0171983370
0.0171966730
0.0172203740
0.0172258130
0.0171984370
0.0172028590
0.0172020940
0.0215051210
0.0172047200
0.0172107500
0.0172049900
0.0172004090
0.0172103140
0.0172249010
0.0172038710
0.0172226890
0.0172145240
0.0214639250
0.0172066410
0.0171962710
0.0171964560
0.0172026500
0.0172203720
0.0172453080
0.0172222640
0.0172185190
0.0172018690
0.0214538680
0.0172016970
0.0172128770
0.0171983210
0.0172013540
0.0172244800
0.0172386080
0.0172087510
0.0172147690
0.0172404700
0.0223076350
0.0172109600
0.0172021100
0.0172053600
0.0172041760
0.0172070530
0.0172368840
0.0172627520
0.0172215510
0.0172011080
0.0214310720
0.0172071920
0.0172014990
0.0172041460
0.0172148890
0.0172464770
0.0172120300
0.0172216920
0.0172521660
0.0172188660
0.0214119730
0.0172976380
0.0172404590
0.0171998110
0.0172059920
0.0171982820
0.0172118950
0.0172459800
0.0172124160
0.0171988440
0.0215517980
0.0172377250
0.0172153290
0.0172020300
0.0172328010
0.0172227750
0.0172023530
0.0172091790
0.0172166950
0.0172327190
0.0214482820
0.0172294890
0.0171983420
0.0172055850
0.0172201160
0.0171998050
0.0172042550
0.0172190200
0.0172031790
0.0172091480
0.0214314240
0.0172065360
0.0172139750
0.0171979070
0.0172199130
0.0172019430
0.0172028740
0.0172060930
0.0172048740
0.0172039660
0.0214538840
0.0172156380
0.0171989400
0.0172354790
0.0171966320
0.0172413430
0.0171992190
0.0172219550
0.0172270500
0.0172003750
0.0213874720
0.0172020040
0.0171991730
0.0172088340
0.0171985570
0.0171985810
0.0173023760
0.0171993690
0.0172012440
0.0172479710
0.0214345020
0.0172320680
0.0172188070
0.0172159180
0.0171995930
0.0172113770
0.0172368270
0.0172074630
0.0172059920
0.0172189350
0.0214360240
0.0172191900
0.0172287920
0.0172193570
0.0172313710
0.0173994940
0.0172001250
0.0172023530
0.0172076850
0.0172186510
