0.0037165600
0.0000263000
0.0000293720
0.0000282420
0.0000283390
0.0000280290
0.0000285030
0.0000280520
0.0000280830
0.0000281090
0.0036410410
0.0000305160
0.0000276850
0.0000282910
0.0000282340
0.0000282830
0.0000271020
0.0000271860
0.0000266390
0.0000309140
0.0037058990
0.0000261050
0.0000296390
0.0000287580
0.0000276080
0.0000281130
0.0000274930
0.0000276660
0.0000278320
0.0000282260
0.0035897800
0.0000296700
0.0000275630
0.0000270850
0.0000273330
0.0000266400
0.0000271390
0.0000270470
0.0000267090
0.0000265690
0.0035842900
0.0000250020
0.0000280840
0.0000270570
0.0000276220
0.0000269900
0.0000271090
0.0000271350
0.0000274040
0.0000271030
0.0035550370
0.0000251530
0.0000283490
0.0000269860
0.0000266000
0.0000278400
0.0000269350
0.0000271810
0.0000275940
0.0000269840
0.0036468050
0.0000266910
0.0000293950
0.0000281530
0.0000283540
0.0000280850
0.0000277020
0.0000287840
0.0000283260
0.0000286400
0.0035662790
0.0000292520
0.0000285510
0.0000272860
0.0000271740
0.0000269900
0.0000266300
0.0000267450
0.0000268130
0.0000270360
0.0036967080
0.0000261100
0.0000293820
0.0000284180
0.0000281920
0.0000278750
0.0000275280
0.0000278260
0.0000275330
0.0000275940
0.0037088140
0.0000261650
0.0000246010
0.0000289820
0.0000287410
0.0000281690
0.0000278320
0.0000282150
0.0000265280
0.0000280920
0.0035651210
0.0000257630
0.0000281620
0.0000276860
0.0000273920
0.0000272310
0.0000268470
0.0000267970
0.0000265670
0.0000269460
0.0035549810
0.0000253200
0.0000283650
0.0000232380
0.0000274210
0.0000272460
0.0000268940
0.0000275080
0.0000276490
0.0000276400
0.0036672110
0.0000264140
0.0000288420
0.0000281100
0.0000263750
0.0000279420
0.0000273300
0.0000269340
0.0000272610
0.0000269230
0.0037170660
0.0000309130
0.0000243330
0.0000287120
0.0000281150
0.0000283410
0.0000278850
0.0000283680
0.0000280280
0.0000277510
0.0036527870
0.0000262960
0.0000294830
0.0000281180
0.0000279810
0.0000281480
0.0000279750
0.0000280480
0.0000281300
0.0000280610
0.0035719350
0.0000304900
0.0000282630
0.0000274670
0.0000275490
0.0000274730
0.0000272430
0.0000278360
0.0000272260
0.0000272690
0.0036932420
0.0000265300
0.0000293940
0.0000290240
0.0000290290
0.0000285140
0.0000278160
0.0000282680
0.0000286980
0.0000286270
0.0035826470
0.0000293850
0.0000240800
0.0000273990
0.0000268180
0.0000266680
0.0000271020
0.0000274610
0.0000273280
0.0000273590
0.0043431370
0.0000300660
0.0000362390
0.0000285480
0.0000273390
0.0000274520
0.0000275200
0.0000268430
0.0000264040
0.0000261930
0.0035612110
0.0000304390
0.0000289820
0.0000274580
0.0000267050
0.0000275000
0.0000273290
0.0000273540
0.0000269220
0.0000273500
