0.5552645640
0.0001001670
0.0000978560
0.0001033540
0.0000922700
0.0000923870
0.0000990880
0.0000987600
0.0000913590
0.0000956820
0.0036528320
0.0000974560
0.0000947670
0.0000943660
0.0000957310
0.0000958660
0.0000946600
0.0000953170
0.0000950220
0.0000947030
0.0037689060
0.0000960240
0.0000929450
0.0000967200
0.0000969740
0.0000915380
0.0000915550
0.0000963720
0.0000961050
0.0000963430
0.0035888120
0.0000967710
0.0000966750
0.0000952250
0.0000946510
0.0000950020
0.0000948060
0.0000949070
0.0000949070
0.0000949090
0.0036153170
0.0000969700
0.0000948300
0.0000950860
0.0000948000
0.0000948190
0.0000961100
0.0000949720
0.0000954500
0.0000942710
0.0037656120
0.0000952670
0.0000931940
0.0000921940
0.0000916810
0.0000923360
0.0000919040
0.0000969700
0.0000918850
0.0000942260
0.0037095360
0.0000940120
0.0000928470
0.0000961030
0.0000959540
0.0000969310
0.0000962350
0.0000959110
0.0000963060
0.0000956390
0.0036413460
0.0000970500
0.0000942870
0.0000945330
0.0000943760
0.0000950450
0.0000951260
0.0000944050
0.0000953220
0.0000945940
0.0037755700
0.0000958120
0.0000920590
0.0000917420
0.0000961450
0.0000961910
0.0000960650
0.0000964190
0.0000917250
0.0001011180
0.0036159040
0.0000971950
0.0000949010
0.0000939040
0.0000945290
0.0000943060
0.0000931640
0.0000945650
0.0000956930
0.0000934390
0.0036240290
0.0000975120
0.0000948530
0.0000940120
0.0000948350
0.0000936100
0.0000937050
0.0000942790
0.0000907390
0.0000909050
0.0037397920
0.0000989740
0.0000925830
0.0000982090
0.0000956670
0.0000950120
0.0000942550
0.0000941700
0.0000943150
0.0000939960
0.0037684130
0.0000950290
0.0000986900
0.0000922350
0.0000965320
0.0000916880
0.0000916500
0.0000964410
0.0000916650
0.0000914110
0.0043987530
0.0001018710
0.0000986470
0.0000972140
0.0000949300
0.0000983100
0.0000973240
0.0001035780
0.0000990750
0.0000973480
0.0036396220
0.0000975690
0.0000953530
0.0000945030
0.0000943800
0.0000941280
0.0000937310
0.0000952110
0.0000953940
0.0000952390
0.0037271390
0.0000949860
0.0000924750
0.0000917170
0.0000916620
0.0000960870
0.0000959100
0.0000963430
0.0000960290
0.0000908680
0.0036241970
0.0000985620
0.0000955440
0.0000951820
0.0000944510
0.0000948800
0.0000938050
0.0000945730
0.0000948390
0.0000947850
0.0036289550
0.0000969790
0.0000943400
0.0000934790
0.0000933890
0.0000933800
0.0000938480
0.0000934660
0.0000933620
0.0000946690
0.0044233070
0.0001018170
0.0000998510
0.0000977950
0.0001033050
0.0000971230
0.0000974260
0.0000974120
0.0000976010
0.0000971050
0.0036091780
0.0000980450
0.0000951460
0.0000947580
0.0000938230
0.0000939500
0.0000943850
0.0000945600
0.0000942330
0.0000949450
