0.0044218020
0.0000299220
0.0000274320
0.0000272070
0.0000272200
0.0000271480
0.0000272220
0.0000268820
0.0000275950
0.0000271060
0.0045375840
0.0000312060
0.0000280530
0.0000275520
0.0000276040
0.0000276790
0.0000276640
0.0000272740
0.0000273220
0.0000272680
0.0044672940
0.0000290770
0.0000265500
0.0000263270
0.0000261530
0.0000263510
0.0000259560
0.0000263690
0.0000261540
0.0000263060
0.0044339530
0.0000291750
0.0000266210
0.0000265630
0.0000263810
0.0000265200
0.0000263700
0.0000261130
0.0000262670
0.0000264160
0.0045817070
0.0000305590
0.0000272200
0.0000271470
0.0000271410
0.0000270560
0.0000267520
0.0000268800
0.0000268180
0.0000266190
0.0044771070
0.0000288790
0.0000268390
0.0000260760
0.0000262250
0.0000259980
0.0000261880
0.0000260310
0.0000262430
0.0000261820
0.0045999100
0.0000298970
0.0000275420
0.0000272310
0.0000270590
0.0000270820
0.0000271230
0.0000268940
0.0000271570
0.0000267700
0.0044895890
0.0000290950
0.0000264350
0.0000264120
0.0000260620
0.0000262880
0.0000257690
0.0000260230
0.0000261100
0.0000257860
0.0046888650
0.0000301110
0.0000278930
0.0000277950
0.0000273300
0.0000275170
0.0000275920
0.0000272740
0.0000272280
0.0000273060
0.0053588300
0.0000306140
0.0000327780
0.0000326620
0.0000320520
0.0000325850
0.0000343770
0.0000319700
0.0000321020
0.0000266460
0.0046212980
0.0000300460
0.0000278300
0.0000275460
0.0000275430
0.0000274030
0.0000273490
0.0000272980
0.0000272020
0.0000270820
0.0044908620
0.0000295870
0.0000270010
0.0000266830
0.0000266220
0.0000268050
0.0000266920
0.0000266180
0.0000266620
0.0000267560
0.0046960150
0.0000308490
0.0000278220
0.0000276470
0.0000273080
0.0000275830
0.0000271410
0.0000274840
0.0000270720
0.0000272930
0.0046980250
0.0000302790
0.0000280380
0.0000276670
0.0000274300
0.0000276930
0.0000275170
0.0000272700
0.0000274450
0.0000271560
0.0045052380
0.0000296450
0.0000266180
0.0000264690
0.0000262710
0.0000262680
0.0000262390
0.0000262920
0.0000265960
0.0000264170
0.0046926840
0.0000312960
0.0000280350
0.0000278220
0.0000277160
0.0000276300
0.0000277470
0.0000275360
0.0000275980
0.0000274230
0.0044771090
0.0000292280
0.0000266460
0.0000263830
0.0000260780
0.0000260330
0.0000261180
0.0000260920
0.0000260340
0.0000261580
0.0045105790
0.0000288460
0.0000268270
0.0000264540
0.0000261700
0.0000262850
0.0000265200
0.0000261980
0.0000265330
0.0000262890
0.0047135320
0.0000300030
0.0000276590
0.0000275640
0.0000272840
0.0000272720
0.0000275310
0.0000270190
0.0000271960
0.0000270770
0.0046893750
0.0000314860
0.0000277640
0.0000277000
0.0000273060
0.0000276030
0.0000270900
0.0000271880
0.0000270270
0.0000269690
