0.0037018660
0.0000300540
0.0000280300
0.0000277910
0.0000305200
0.0000273140
0.0000267280
0.0000267660
0.0000267260
0.0000265020
0.0036368570
0.0000304860
0.0000276030
0.0000271750
0.0000270020
0.0000265600
0.0000269880
0.0000267270
0.0000265710
0.0000267090
0.0037269800
0.0000303700
0.0000278040
0.0000278730
0.0000272900
0.0000274460
0.0000275770
0.0000273230
0.0000273820
0.0000273380
0.0036984880
0.0000308510
0.0000281290
0.0000278720
0.0000276100
0.0000275250
0.0000277590
0.0000278640
0.0000277960
0.0000274890
0.0035616640
0.0000288130
0.0000267050
0.0000263040
0.0000263750
0.0000262580
0.0000264880
0.0000269470
0.0000274070
0.0000267610
0.0035265440
0.0000281820
0.0000269930
0.0000266800
0.0000263930
0.0000264150
0.0000264670
0.0000271250
0.0000266060
0.0000266160
0.0035589250
0.0000286510
0.0000266830
0.0000263490
0.0000262940
0.0000264010
0.0000265630
0.0000266030
0.0000272970
0.0000265410
0.0036577170
0.0000303570
0.0000274600
0.0000271630
0.0000272540
0.0000269960
0.0000269130
0.0000269500
0.0000342730
0.0000270420
0.0035780740
0.0000290150
0.0000272060
0.0000265690
0.0000265710
0.0000265510
0.0000266160
0.0000265290
0.0000267510
0.0000267220
0.0035595200
0.0000289920
0.0000270620
0.0000263170
0.0000262520
0.0000264730
0.0000260800
0.0000260310
0.0000270260
0.0000267740
0.0035321170
0.0000300110
0.0000269500
0.0000266040
0.0000264000
0.0000264470
0.0000264690
0.0000262360
0.0000264710
0.0000268410
0.0035635350
0.0000289210
0.0000273820
0.0000264680
0.0000263780
0.0000261910
0.0000269320
0.0000261830
0.0000260560
0.0000267300
0.0037347400
0.0000294520
0.0000278210
0.0000277390
0.0000276550
0.0000273880
0.0000273310
0.0000275980
0.0000274350
0.0000270890
0.0035767550
0.0000283820
0.0000266120
0.0000263420
0.0000266420
0.0000264070
0.0000263460
0.0000264760
0.0000262860
0.0000261010
0.0035759110
0.0000282020
0.0000268600
0.0000264210
0.0000415460
0.0000261970
0.0000260640
0.0000263610
0.0000272810
0.0000265370
0.0037234320
0.0000302020
0.0000285690
0.0000274320
0.0000273180
0.0000272360
0.0000273890
0.0000272450
0.0000272450
0.0000274020
0.0036564800
0.0000287260
0.0000268250
0.0000266780
0.0000266660
0.0000266940
0.0000266830
0.0000270620
0.0000266650
0.0000265740
0.0035780020
0.0000299830
0.0000266930
0.0000265460
0.0000320870
0.0000260860
0.0000265720
0.0000264770
0.0000270090
0.0000263950
0.0036758390
0.0000302640
0.0000277780
0.0000273290
0.0000275750
0.0000271910
0.0000271680
0.0000270210
0.0000270760
0.0000270920
0.0035439340
0.0000289260
0.0000268800
0.0000265390
0.0000262040
0.0000258330
0.0000261420
0.0000258240
0.0000266060
0.0000265580
