0.0038915230
0.0003028890
0.0003027850
0.0003003690
0.0003017440
0.0003028560
0.0003042280
0.0003018770
0.0003008290
0.0003032970
0.0038259610
0.0003024340
0.0003022980
0.0003016260
0.0003008280
0.0003020650
0.0003017690
0.0003027510
0.0003028810
0.0003024930
0.0040129350
0.0003060120
0.0003049650
0.0003045830
0.0003045840
0.0003032410
0.0003061350
0.0003040160
0.0003058080
0.0003050680
0.0038443780
0.0003020710
0.0003011400
0.0003021750
0.0003113310
0.0003022210
0.0003091940
0.0003039450
0.0003031210
0.0003028740
0.0039939530
0.0003059920
0.0003066380
0.0003063920
0.0003054030
0.0003060870
0.0003020770
0.0003047000
0.0003065000
0.0003046690
0.0039206890
0.0003072170
0.0003055850
0.0003059340
0.0003044680
0.0003050120
0.0003051860
0.0003048240
0.0003032700
0.0003038120
0.0039526090
0.0003016690
0.0003046890
0.0003023920
0.0003018950
0.0003109030
0.0003055340
0.0003039490
0.0003017320
0.0003044860
0.0039043290
0.0003040790
0.0003182700
0.0003053130
0.0003038120
0.0003005510
0.0003036790
0.0003051920
0.0003031590
0.0003037800
0.0039942250
0.0003058860
0.0003063130
0.0003022160
0.0003047870
0.0003081820
0.0003056110
0.0003046540
0.0003045300
0.0003038580
0.0046174990
0.0003113520
0.0003088060
0.0003103100
0.0003078980
0.0003082670
0.0003102590
0.0003089720
0.0003048920
0.0003066210
0.0040273180
0.0003062570
0.0003059380
0.0003040220
0.0003045910
0.0003060940
0.0003067040
0.0003059870
0.0003052650
0.0003045790
0.0038313330
0.0003055810
0.0003045730
0.0003041390
0.0003028540
0.0003138800
0.0003019860
0.0003022080
0.0003033700
0.0003022780
0.0038333160
0.0003008980
0.0003014040
0.0003003370
0.0003001310
0.0003159300
0.0003006340
0.0003059340
0.0003023020
0.0003016340
0.0038052390
0.0003040980
0.0003010740
0.0002997440
0.0003168980
0.0003003480
0.0003043390
0.0003017380
0.0003040100
0.0003024800
0.0038063300
0.0003058290
0.0003043530
0.0003031510
0.0003048380
0.0003038170
0.0003006860
0.0003041960
0.0003047100
0.0003045380
0.0039947500
0.0003060830
0.0003041500
0.0003037760
0.0003035940
0.0003043500
0.0003044660
0.0003035210
0.0003045540
0.0003050260
0.0038146550
0.0003042960
0.0003005060
0.0003035320
0.0003022490
0.0003117690
0.0003016030
0.0003018060
0.0003083530
0.0003068840
0.0038390960
0.0003036490
0.0003042030
0.0003039850
0.0003022040
0.0003038930
0.0003046560
0.0003015550
0.0003030130
0.0003029420
0.0038356990
0.0003054860
0.0003023780
0.0003032030
0.0003176490
0.0003044650
0.0003026610
0.0003055110
0.0003026040
0.0003012030
0.0038316090
0.0003054860
0.0003041750
0.0003060920
0.0003154680
0.0003047280
0.0003055990
0.0003053720
0.0003038970
0.0003045410
