0.0000159210
0.0000025640
0.0000026610
0.0000026120
0.0000026830
0.0000024960
0.0000024420
0.0000026080
0.0000021570
0.0000022620
0.0000140770
0.0000023680
0.0000025080
0.0000026670
0.0000027030
0.0000020830
0.0000026110
0.0000027070
0.0000021090
0.0000024320
0.0000155320
0.0000023400
0.0000025060
0.0000024240
0.0000024900
0.0000022520
0.0000024140
0.0000025740
0.0000021010
0.0000022120
0.0000179150
0.0000027200
0.0000029070
0.0000027910
0.0000028210
0.0000025130
0.0000027370
0.0000028530
0.0000023770
0.0000025660
0.0000163840
0.0000027120
0.0000029050
0.0000027690
0.0000029180
0.0000024120
0.0000027920
0.0000029480
0.0000024330
0.0000026070
0.0000193770
0.0000028510
0.0000030650
0.0000029310
0.0000029950
0.0000025430
0.0000029220
0.0000030590
0.0000026850
0.0000027120
0.0000168630
0.0000028380
0.0000030130
0.0000028740
0.0000029550
0.0000024750
0.0000033010
0.0000030120
0.0000025340
0.0000026950
0.0000157040
0.0000026890
0.0000029170
0.0000027810
0.0000028380
0.0000023880
0.0000027720
0.0000028700
0.0000024130
0.0000026150
0.0000211870
0.0000028830
0.0000030350
0.0000030030
0.0000030510
0.0000025890
0.0000029400
0.0000030800
0.0000025800
0.0000027350
0.0000188250
0.0000028930
0.0000029960
0.0000028620
0.0000029810
0.0000026900
0.0000028760
0.0000030260
0.0000025140
0.0000027020
0.0000171430
0.0000027790
0.0000029790
0.0000028660
0.0000029560
0.0000024750
0.0000028090
0.0000033870
0.0000024720
0.0000026670
0.0000158340
0.0000027610
0.0000029030
0.0000027770
0.0000028330
0.0000024130
0.0000027220
0.0000029240
0.0000024130
0.0000025560
0.0000173630
0.0000027040
0.0000029330
0.0000027900
0.0000028340
0.0000024870
0.0000027730
0.0000029310
0.0000024280
0.0000026390
0.0000160700
0.0000026860
0.0000029470
0.0000028110
0.0000029610
0.0000026360
0.0000027780
0.0000029620
0.0000024990
0.0000026170
0.0000205850
0.0000027360
0.0000030260
0.0000028770
0.0000029280
0.0000024720
0.0000028380
0.0000029840
0.0000024690
0.0000026360
0.0000285990
0.0000035620
0.0000033810
0.0000029990
0.0000033270
0.0000026770
0.0000032640
0.0000033610
0.0000028330
0.0000027650
0.0000209100
0.0000031870
0.0000033570
0.0000029270
0.0000030810
0.0000025880
0.0000037560
0.0000033830
0.0000030350
0.0000027020
0.0000162810
0.0000026680
0.0000028290
0.0000027280
0.0000028460
0.0000023530
0.0000027160
0.0000028340
0.0000023480
0.0000025580
0.0000157180
0.0000023700
0.0000025610
0.0000024950
0.0000025000
0.0000022170
0.0000023750
0.0000028180
0.0000021400
0.0000022600
0.0000140370
0.0000021240
0.0000022980
0.0000021900
0.0000022970
0.0000019150
0.0000021680
0.0000023660
0.0000019150
0.0000020540
