0.0074160170
0.0047625930
0.0047892700
0.0048447240
0.0047685220
0.0047923540
0.0048131930
0.0049299590
0.0048207980
0.0047912090
0.0079451510
0.0045762350
0.0045857170
0.0045871960
0.0046358950
0.0046121680
0.0046431610
0.0046074250
0.0046244440
0.0046212430
0.0079978350
0.0050256230
0.0049386520
0.0049612940
0.0049525260
0.0049688520
0.0049731280
0.0049835330
0.0049710730
0.0050090670
0.0078426130
0.0050191940
0.0049845670
0.0049675420
0.0049566170
0.0049355350
0.0049176600
0.0048979190
0.0048969270
0.0048823010
0.0097037100
0.0033260780
0.0031830840
0.0030876710
0.0029103390
0.0028426850
0.0028747710
0.0028192790
0.0027540470
0.0027451980
0.0088937030
0.0044807660
0.0044633030
0.0051173360
0.0048653360
0.0048146200
0.0047840390
0.0046105830
0.0044346840
0.0031531420
0.0083365660
0.0032315320
0.0031717410
0.0032463190
0.0030762410
0.0030489630
0.0029169050
0.0028834370
0.0028336520
0.0027363970
0.0074047290
0.0027465810
0.0026473880
0.0026314690
0.0026892640
0.0026298360
0.0026106280
0.0026105850
0.0026123280
0.0026962300
0.0096551470
0.0049701300
0.0050128270
0.0050194820
0.0049991750
0.0051011480
0.0051959940
0.0053007190
0.0056262230
0.0073165580
0.0074624460
0.0027404670
0.0026608880
0.0026275220
0.0026494430
0.0026135240
0.0026257020
0.0026030770
0.0026078320
0.0026140320
0.0081685270
0.0029692860
0.0028656300
0.0028196010
0.0028261720
0.0028293540
0.0028391530
0.0028321750
0.0028175110
0.0028158740
0.0085375320
0.0029285560
0.0028501460
0.0028198610
0.0028040920
0.0028291520
0.0027923550
0.0027951490
0.0027934280
0.0027963260
0.0102592280
0.0043617580
0.0053140840
0.0045765740
0.0053289230
0.0044269070
0.0053311210
0.0044839280
0.0052982470
0.0045715670
0.0080444420
0.0028820210
0.0028007390
0.0027893070
0.0028100860
0.0027815450
0.0027585540
0.0027547520
0.0027692250
0.0027533240
0.0082083490
0.0029131590
0.0028091920
0.0027800510
0.0028034370
0.0027916440
0.0027702540
0.0027665190
0.0027725700
0.0027638590
0.0070996420
0.0027283900
0.0026305250
0.0026399930
0.0026719950
0.0026261280
0.0025953990
0.0026062580
0.0025800800
0.0025920810
0.0075828330
0.0028495720
0.0027455540
0.0027463460
0.0027473220
0.0027257560
0.0027324330
0.0027102660
0.0027138880
0.0027132240
0.0083277790
0.0029112330
0.0028131640
0.0028349990
0.0028459720
0.0028180920
0.0027912950
0.0027878490
0.0027827550
0.0027865150
0.0075886250
0.0027925640
0.0027016090
0.0026713950
0.0035423770
0.0036154610
0.0036521060
0.0041477310
0.0043819730
0.0044177880
0.0076774330
0.0027801030
0.0027852020
0.0026988370
0.0035547240
0.0036241380
0.0036102460
0.0042869940
0.0044371340
0.0044245330
