0.0002982510
0.0001223740
0.0001257480
0.0001199560
0.0001266450
0.0001263360
0.0001196480
0.0001341000
0.0001241020
0.0001238090
0.0003686960
0.0001187170
0.0001220870
0.0001173990
0.0001202600
0.0001187650
0.0001157620
0.0001172650
0.0001327500
0.0001176560
0.0004545850
0.0000957160
0.0001011850
0.0000872280
0.0001261200
0.0001198740
0.0000964580
0.0001034040
0.0001070830
0.0001050810
0.0003652550
0.0001290820
0.0001251630
0.0001219780
0.0001326860
0.0001212900
0.0001139990
0.0001203710
0.0001198370
0.0001214660
0.0003066550
0.0001301960
0.0001266260
0.0001220760
0.0001256880
0.0001223090
0.0001227350
0.0001226830
0.0001209640
0.0001210490
0.0003079900
0.0001264590
0.0001313340
0.0001199930
0.0001289950
0.0001276760
0.0001205140
0.0001289740
0.0001280160
0.0001353660
0.0004379830
0.0001227940
0.0001308470
0.0001213210
0.0001288270
0.0001259700
0.0001214050
0.0001309850
0.0001258900
0.0001268290
0.0003350720
0.0001302610
0.0001330260
0.0001232650
0.0002908250
0.0001331990
0.0001240540
0.0001313640
0.0001434800
0.0001357090
0.0003487100
0.0001207000
0.0001282630
0.0001199720
0.0001224980
0.0001227020
0.0001129970
0.0001161230
0.0001164580
0.0001159570
