0.0697860950
0.0466998730
0.0453941230
0.0447516000
0.0479690460
0.0629958320
0.0448902050
0.0244376250
0.0164215570
0.0143437390
0.0363850160
0.0225667420
0.0145418390
0.0143043110
0.0139926170
0.0139616500
0.0227011940
0.0191632620
0.0139756470
0.0197216150
0.0395606260
0.0221172650
0.0219836000
0.0235360070
0.0407397800
0.0444141430
0.0512799530
0.0555794270
0.0557411150
0.0643251360
0.0350872390
0.0137277190
0.0136884080
0.0137892030
0.0137422080
0.0137631970
0.0136566020
0.0137308670
0.0137588340
0.0136892040
0.0411173990
0.0146470760
0.0146140180
0.0151232810
0.0151406270
0.0146715550
0.0145300270
0.0145905280
0.0149087580
0.0146031970
0.0411912230
0.0150983110
0.0214742630
0.0150237280
0.0145782340
0.0145676920
0.0144298370
0.0144546430
0.0145340210
0.0143729640
0.0410766140
0.0143393550
0.0142964130
0.0143002500
0.0142688370
0.0142262610
0.0141619310
0.0143009790
0.0142078000
0.0141165180
0.0471029700
0.0231767040
0.0232904700
0.0280134720
0.0310010300
0.0338196730
0.0338141060
0.0256433730
0.0243228610
0.0154539130
0.0401575200
0.0142889720
0.0189102410
0.0217298470
0.0278489100
0.0334002600
0.0345528990
0.0432579410
0.0340682960
0.0241684230
0.0470546100
0.0136012270
0.0135057060
0.0164400990
0.0198593140
0.0404131780
0.0351805460
0.0327439750
0.0326844710
0.0372746540
0.0616367260
0.0155680460
0.0147794450
0.0143087070
0.0144327370
0.0142687460
0.0167052950
0.0148436060
0.0143494900
0.0142684380
0.0408287400
0.0146606630
0.0147739340
0.0143455640
0.0143092710
0.0142760080
0.0140973030
0.0142084390
0.0141740400
0.0141478290
0.0471831000
0.0244691570
0.0246933750
0.0245759770
0.0165201340
0.0149769660
0.0143275530
0.0145348810
0.0156535880
0.0214159860
0.0411274320
0.0145107780
0.0144572590
0.0143788870
0.0144784920
0.0144468530
0.0157995080
0.0328806530
0.0159368740
0.0145418890
0.0415742540
0.0143435980
0.0143201710
0.0143250290
0.0142935640
0.0143023330
0.0141963920
0.0143119340
0.0141610300
0.0174202020
0.0483382400
0.0214839460
0.0147690760
0.0146534080
0.0150878350
0.0202429380
0.0231663070
0.0229979830
0.0149210220
0.0144476090
0.0634392700
0.0322425510
0.0236804470
0.0236144260
0.0156270900
0.0144729030
0.0143379840
0.0161224180
0.0245583200
0.0274395650
0.0420783440
0.0146478860
0.0144953910
0.0144837920
0.0198387780
0.0150771660
0.0150599710
0.0177384780
0.0184078390
0.0229428820
0.0459661740
0.0232221130
0.0153900880
0.0147115480
0.0139994450
0.0146163040
0.0139338770
0.0139595400
0.0143425740
0.0138637710
0.0387462240
0.0152433460
0.0148668880
0.0141669810
0.0141465730
0.0139748510
0.0139642630
0.0137646000
0.0138308110
0.0243802960
