0.0000022440
0.0000018440
0.0000016210
0.0000014850
0.0000014530
0.0000012840
0.0000013020
0.0000013340
0.0000012390
0.0000013150
0.0000027470
0.0000022910
0.0000015210
0.0000015640
0.0000014930
0.0000013440
0.0000017200
0.0000014170
0.0000013260
0.0000014150
0.0000027800
0.0000022430
0.0000016450
0.0000015470
0.0000014940
0.0000013570
0.0000013980
0.0000014370
0.0000013150
0.0000013750
0.0000026900
0.0000022030
0.0000015850
0.0000015100
0.0000015460
0.0000013330
0.0000013710
0.0000014850
0.0000013160
0.0000013540
0.0000026230
0.0000018350
0.0000015930
0.0000015600
0.0000015670
0.0000013570
0.0000013510
0.0000014700
0.0000013280
0.0000013850
0.0000025900
0.0000020680
0.0000019400
0.0000014620
0.0000014910
0.0000012710
0.0000012630
0.0000013660
0.0000012260
0.0000012550
0.0000025500
0.0000017930
0.0000014610
0.0000014990
0.0000014010
0.0000012490
0.0000012760
0.0000013500
0.0000012220
0.0000012680
0.0000025950
0.0000022720
0.0000015870
0.0000014660
0.0000014410
0.0000012460
0.0000012870
0.0000013930
0.0000012680
0.0000013490
0.0000026180
0.0000019420
0.0000017010
0.0000016740
0.0000015450
0.0000013850
0.0000014370
0.0000014700
0.0000013390
0.0000014510
0.0000025720
0.0000022580
0.0000020420
0.0000014860
0.0000015360
0.0000013640
0.0000013010
0.0000013990
0.0000012910
0.0000013840
0.0000027030
0.0000022780
0.0000019070
0.0000018310
0.0000017600
0.0000015040
0.0000014950
0.0000016240
0.0000014640
0.0000015680
0.0000025370
0.0000018480
0.0000015850
0.0000015010
0.0000015640
0.0000017690
0.0000013440
0.0000013540
0.0000012300
0.0000012960
0.0000023120
0.0000017800
0.0000016900
0.0000016280
0.0000014930
0.0000013400
0.0000013940
0.0000014550
0.0000013010
0.0000014350
0.0000025940
0.0000021470
0.0000019240
0.0000018430
0.0000019310
0.0000015540
0.0000016590
0.0000015870
0.0000015030
0.0000015640
0.0000028830
0.0000020760
0.0000018030
0.0000017140
0.0000017970
0.0000015340
0.0000014850
0.0000016600
0.0000014660
0.0000015700
0.0000029340
0.0000026510
0.0000017800
0.0000016580
0.0000016840
0.0000014650
0.0000014240
0.0000015820
0.0000014100
0.0000014550
0.0000025420
0.0000021350
0.0000019440
0.0000014560
0.0000015230
0.0000012970
0.0000013160
0.0000013660
0.0000012510
0.0000013880
0.0000022060
0.0000018350
0.0000016940
0.0000016190
0.0000016290
0.0000013940
0.0000013250
0.0000014500
0.0000013130
0.0000012910
0.0000024100
0.0000018310
0.0000017420
0.0000016890
0.0000016670
0.0000013110
0.0000013400
0.0000013490
0.0000011980
0.0000013390
0.0000026840
0.0000023060
0.0000015770
0.0000015360
0.0000014800
0.0000013230
0.0000015950
0.0000013850
0.0000012530
0.0000013280
