0.0001396270
0.0000259890
0.0000248740
0.0000243190
0.0000246120
0.0000245740
0.0000240990
0.0000248060
0.0000244440
0.0000245990
0.0001295270
0.0000229070
0.0000228840
0.0000227860
0.0000231680
0.0000228340
0.0000226520
0.0000228640
0.0000229250
0.0000231690
0.0001210710
0.0000223460
0.0000228550
0.0000226890
0.0000229530
0.0000229960
0.0000225910
0.0000224900
0.0000228060
0.0000227540
0.0001811360
0.0000283580
0.0000223780
0.0000219320
0.0000208790
0.0000212180
0.0000211500
0.0000208310
0.0000211610
0.0000207830
0.0002298310
0.0000344330
0.0000224600
0.0000219440
0.0000231240
0.0000234260
0.0000229380
0.0000225480
0.0000226180
0.0000235890
0.0001562050
0.0000260680
0.0000240890
0.0000228210
0.0000237140
0.0000234070
0.0000233150
0.0000236080
0.0000234700
0.0000234110
0.0001375510
0.0000251030
0.0000236340
0.0000233600
0.0000234540
0.0000235210
0.0000229350
0.0000234130
0.0000235980
0.0000237180
0.0001724480
0.0000283540
0.0000252370
0.0000249820
0.0000253210
0.0000249080
0.0000245300
0.0000250710
0.0000244370
0.0000252770
0.0001434460
0.0000226140
0.0000229240
0.0000225380
0.0000226550
0.0000229620
0.0000222820
0.0000224300
0.0000227340
0.0000225010
0.0001951840
0.0000313230
0.0000257190
0.0000259120
0.0000258850
0.0000261140
0.0000253880
0.0000263430
0.0000254990
0.0000256740
0.0001541410
0.0000249440
0.0000244530
0.0000245850
0.0000246180
0.0000246760
0.0000294730
0.0000251940
0.0000246230
0.0000248910
0.0001438880
0.0000223240
0.0000223260
0.0000224210
0.0000226490
0.0000228190
0.0000223250
0.0000222340
0.0000227950
0.0000231720
0.0001492610
0.0000233880
0.0000229580
0.0000233350
0.0000229470
0.0000235990
0.0000234220
0.0000231440
0.0000230000
0.0000233470
0.0001661450
0.0000278230
0.0000257500
0.0000257930
0.0000259470
0.0000262700
0.0000249140
0.0000256000
0.0000255680
0.0000267990
0.0001517550
0.0000233150
0.0000239690
0.0000235180
0.0000238380
0.0000236310
0.0000232450
0.0000236130
0.0000234220
0.0000237660
0.0001429720
0.0000239500
0.0000234100
0.0000227220
0.0000231570
0.0000226090
0.0000222740
0.0000229720
0.0000226160
0.0000230550
0.0001429340
0.0000228240
0.0000226130
0.0000228920
0.0000232830
0.0000226380
0.0000223950
0.0000225890
0.0000223300
0.0000226740
0.0001488930
0.0000229410
0.0000232130
0.0000231880
0.0000229900
0.0000271840
0.0000227290
0.0000262070
0.0000247950
0.0000251600
0.0001377650
0.0000228460
0.0000224600
0.0000223650
0.0000223290
0.0000226390
0.0000221280
0.0000225070
0.0000220550
0.0000228110
0.0001148830
0.0000182650
0.0000184500
0.0000184440
0.0000184050
0.0000182400
0.0000181640
0.0000182650
0.0000182110
0.0000184920
