0.0007938270
0.0003287030
0.0003075760
0.0002736000
0.0003134480
0.0003072270
0.0003024590
0.0003131280
0.0003097890
0.0003191600
0.0007284980
0.0002561300
0.0002552580
0.0002608970
0.0002534780
0.0002533920
0.0002530770
0.0002527010
0.0002620210
0.0002533870
0.0007423450
0.0002517900
0.0002589400
0.0003597070
0.0002528940
0.0002523130
0.0002501190
0.0002529960
0.0002611350
0.0002528160
0.0006976990
0.0002598050
0.0002583560
0.0002508370
0.0002004960
0.0002720280
0.0002876200
0.0002712040
0.0002703480
0.0002705760
0.0007000690
0.0002748010
0.0002681370
0.0002641700
0.0002735090
0.0002681450
0.0002718590
0.0002682750
0.0002676930
0.0002665080
0.0007498800
0.0002538020
0.0004893730
0.0002486220
0.0002592780
0.0002524320
0.0002466470
0.0002631560
0.0002570810
0.0002595520
0.0007582500
0.0002667040
0.0002636750
0.0002563820
0.0002604960
0.0002577430
0.0003158530
0.0002630330
0.0002727130
0.0002630050
0.0007440300
0.0002553090
0.0002622660
0.0002607430
0.0002628890
0.0002619010
0.0002674280
0.0002661570
0.0002630520
0.0002662380
0.0006869980
0.0002651670
0.0002625160
0.0002544460
0.0002568690
0.0002558540
0.0002603210
0.0002574710
0.0002561860
0.0002618960
