0.0000013450
0.0000005430
0.0000005120
0.0000006880
0.0000005050
0.0000004670
0.0000004110
0.0000003560
0.0000003060
0.0000004290
0.0000010850
0.0000006700
0.0000006460
0.0000006850
0.0000004960
0.0000004350
0.0000003310
0.0000002940
0.0000003020
0.0000004190
0.0000010030
0.0000006410
0.0000006580
0.0000007610
0.0000006710
0.0000004960
0.0000004000
0.0000003040
0.0000003430
0.0000004630
0.0000009550
0.0000006510
0.0000005240
0.0000006670
0.0000005030
0.0000005270
0.0000003970
0.0000003460
0.0000002940
0.0000004510
0.0000011420
0.0000007040
0.0000007160
0.0000008010
0.0000006180
0.0000006150
0.0000005080
0.0000003550
0.0000003020
0.0000004340
0.0000010880
0.0000008260
0.0000005600
0.0000007300
0.0000005380
0.0000004970
0.0000004590
0.0000009570
0.0000003280
0.0000004440
0.0000009690
0.0000006400
0.0000006750
0.0000007950
0.0000006640
0.0000006050
0.0000005210
0.0000004340
0.0000004400
0.0000005540
0.0000009590
0.0000007600
0.0000007260
0.0000008180
0.0000006810
0.0000006370
0.0000005200
0.0000004760
0.0000004800
0.0000005860
0.0000009750
0.0000007350
0.0000006780
0.0000006820
0.0000004870
0.0000005110
0.0000004250
0.0000004100
0.0000003160
0.0000004680
0.0000009760
0.0000007100
0.0000007100
0.0000008560
0.0000006490
0.0000006290
0.0000005160
0.0000004870
0.0000004300
0.0000004270
0.0000009630
0.0000007070
0.0000006670
0.0000007610
0.0000006590
0.0000006630
0.0000005280
0.0000004870
0.0000004390
0.0000005570
0.0000010430
0.0000006730
0.0000005930
0.0000008060
0.0000005920
0.0000005390
0.0000007740
0.0000004580
0.0000003630
0.0000005250
0.0000014130
0.0000007880
0.0000006820
0.0000008350
0.0000006190
0.0000005710
0.0000005300
0.0000004670
0.0000004230
0.0000005150
0.0000011090
0.0000007780
0.0000007830
0.0000009050
0.0000007590
0.0000007330
0.0000005930
0.0000005480
0.0000005340
0.0000006740
0.0000011360
0.0000008250
0.0000007350
0.0000009260
0.0000007550
0.0000006890
0.0000005870
0.0000005290
0.0000005170
0.0000005220
0.0000011810
0.0000006910
0.0000006570
0.0000007950
0.0000006230
0.0000005560
0.0000004570
0.0000004110
0.0000003520
0.0000005300
0.0000011930
0.0000007060
0.0000007070
0.0000008730
0.0000007120
0.0000006870
0.0000005770
0.0000004940
0.0000004890
0.0000006500
0.0000011370
0.0000007830
0.0000007900
0.0000008880
0.0000006890
0.0000006570
0.0000005540
0.0000005000
0.0000005170
0.0000004960
0.0000017850
0.0000008100
0.0000007050
0.0000012770
0.0000006440
0.0000005920
0.0000004930
0.0000005040
0.0000004570
0.0000005570
0.0000009270
0.0000006280
0.0000006360
0.0000007170
0.0000004680
0.0000004500
0.0000003320
0.0000006300
0.0000002880
0.0000004140
