0.0001577750
0.0000259350
0.0000200620
0.0000199520
0.0000197730
0.0000198860
0.0000224220
0.0000199200
0.0000266470
0.0000187600
0.0001358390
0.0000254590
0.0000194850
0.0000194950
0.0000191340
0.0000197920
0.0000193110
0.0000196340
0.0000191440
0.0000191830
0.0001024030
0.0000189570
0.0000190840
0.0000191960
0.0000185970
0.0000187250
0.0000189250
0.0000190360
0.0000188850
0.0000189180
0.0001035370
0.0000229950
0.0000247170
0.0000246030
0.0000246800
0.0000249720
0.0000249160
0.0000457920
0.0000254300
0.0000249130
0.0001034100
0.0000213610
0.0000238390
0.0000243880
0.0000242010
0.0000239150
0.0000253300
0.0000245390
0.0000243050
0.0000250010
0.0001084560
0.0000215890
0.0000254490
0.0000249840
0.0000223030
0.0000197300
0.0000196790
0.0000195100
0.0000195640
0.0000195880
0.0000979060
0.0000211620
0.0000212730
0.0000212060
0.0000206710
0.0000210050
0.0000211750
0.0000210860
0.0000212290
0.0000210870
0.0001024140
0.0000211050
0.0000206400
0.0000206840
0.0000203020
0.0000202950
0.0000206520
0.0000203310
0.0000204880
0.0000205440
0.0001056870
0.0000193040
0.0000188370
0.0000187120
0.0000183750
0.0000183510
0.0000185830
0.0000185280
0.0000184320
0.0000185720
0.0001290720
0.0000239380
0.0000226920
0.0000225340
0.0000223720
0.0000230330
0.0000226290
0.0000223770
0.0000223320
0.0000224570
0.0001635760
0.0000267040
0.0000252330
0.0000288310
0.0000243600
0.0000246640
0.0000246170
0.0000250560
0.0000250000
0.0000256630
0.0001285190
0.0000239870
0.0000215800
0.0000260750
0.0000211580
0.0000212800
0.0000217270
0.0000208890
0.0000209200
0.0000210550
0.0001272010
0.0000241210
0.0000240860
0.0000237170
0.0000232170
0.0000236380
0.0000239550
0.0000235690
0.0000238970
0.0000236300
0.0001415230
0.0000246190
0.0000239240
0.0000240500
0.0000243360
0.0000235460
0.0000236930
0.0000237780
0.0000235280
0.0000238250
0.0001207050
0.0000252970
0.0000246390
0.0000292010
0.0000238100
0.0000242170
0.0000242050
0.0000240040
0.0000237270
0.0000244660
0.0001234010
0.0000243090
0.0000252980
0.0000254050
0.0000213460
0.0000213350
0.0000215000
0.0000213560
0.0000212210
0.0000215270
0.0001309740
0.0000281340
0.0000223080
0.0000222220
0.0000217980
0.0000253550
0.0000217730
0.0000394150
0.0000217910
0.0000209530
0.0001401600
0.0000259270
0.0000244330
0.0000239530
0.0000232750
0.0000234330
0.0000238140
0.0000234300
0.0000234720
0.0000235710
0.0001149490
0.0000237610
0.0000239100
0.0000237850
0.0000234480
0.0000236280
0.0000237460
0.0000237060
0.0000235660
0.0000236760
0.0001063340
0.0000216450
0.0000204570
0.0000208310
0.0000200260
0.0000203040
0.0000204940
0.0000200630
0.0000210860
0.0000205750
