0.0000801690
0.0000156850
0.0000151760
0.0000153940
0.0000143530
0.0000148320
0.0000144620
0.0000142450
0.0000207950
0.0000146220
0.0000503210
0.0000112190
0.0000112010
0.0000111790
0.0000103320
0.0000108080
0.0000107320
0.0000105120
0.0000105530
0.0000107340
0.0000562370
0.0000113930
0.0000115070
0.0000113590
0.0000108350
0.0000111140
0.0000111740
0.0000109840
0.0000109790
0.0000111010
0.0000561490
0.0000115490
0.0000116820
0.0000115850
0.0000109980
0.0000113830
0.0000114430
0.0000112900
0.0000112750
0.0000112510
0.0000524740
0.0000108220
0.0000111790
0.0000108950
0.0000104150
0.0000109610
0.0000109880
0.0000178000
0.0000110170
0.0000108610
0.0000495760
0.0000107130
0.0000107730
0.0000107610
0.0000102810
0.0000105280
0.0000107110
0.0000104160
0.0000104850
0.0000105240
0.0000552090
0.0000122100
0.0000122580
0.0000119880
0.0000113850
0.0000116300
0.0000117460
0.0000113920
0.0000115390
0.0000114500
0.0000785740
0.0000157750
0.0000155490
0.0000155230
0.0000148510
0.0000150310
0.0000151760
0.0000147140
0.0000149900
0.0000151770
0.0000600160
0.0000122120
0.0000118850
0.0000118180
0.0000114480
0.0000116400
0.0000117120
0.0000115080
0.0000113540
0.0000114630
0.0000511200
0.0000115490
0.0000114110
0.0000113440
0.0000110170
0.0000111150
0.0000112320
0.0000111220
0.0000110500
0.0000111380
0.0000560890
0.0000118160
0.0000117870
0.0000116800
0.0000109400
0.0000113650
0.0000114390
0.0000112180
0.0000111640
0.0000112710
0.0000523310
0.0000114280
0.0000113660
0.0000112880
0.0000106350
0.0000111320
0.0000111260
0.0000109330
0.0000109200
0.0000109570
0.0000544030
0.0000113520
0.0000115050
0.0000115210
0.0000109000
0.0000113630
0.0000115490
0.0000110960
0.0000111280
0.0000112020
0.0000589980
0.0000123820
0.0000124940
0.0000123300
0.0000114740
0.0000117560
0.0000118440
0.0000116170
0.0000115350
0.0000116810
0.0000604880
0.0000120350
0.0000115770
0.0000117990
0.0000108980
0.0000113780
0.0000115100
0.0000110760
0.0000112850
0.0000112840
0.0000685750
0.0000135580
0.0000139280
0.0000138010
0.0000131140
0.0000134210
0.0000133930
0.0000132420
0.0000131780
0.0000133290
0.0000702150
0.0000178590
0.0000134090
0.0000131320
0.0000122740
0.0000129320
0.0000129840
0.0000126130
0.0000128430
0.0000129630
0.0000694300
0.0000141340
0.0000136140
0.0000135080
0.0000128660
0.0000132680
0.0000132010
0.0000131160
0.0000130150
0.0000131150
0.0000574920
0.0000130370
0.0000132860
0.0000131520
0.0000122680
0.0000127360
0.0000130890
0.0000126000
0.0000125600
0.0000126900
0.0000539370
0.0000116970
0.0000118150
0.0000117670
0.0000111140
0.0000114870
0.0000113690
0.0000112660
0.0000111540
0.0000113170
