0.0000111580
0.0000033390
0.0000031160
0.0000029770
0.0000030190
0.0000029020
0.0000028310
0.0000029340
0.0000027660
0.0000028810
0.0000129660
0.0000033970
0.0000030140
0.0000029840
0.0000031200
0.0000029210
0.0000028560
0.0000030200
0.0000028310
0.0000029320
0.0000144760
0.0000035320
0.0000032140
0.0000031070
0.0000031740
0.0000030100
0.0000029780
0.0000031090
0.0000029490
0.0000029870
0.0000133710
0.0000034380
0.0000031940
0.0000031030
0.0000031680
0.0000029700
0.0000029480
0.0000030850
0.0000029160
0.0000030100
0.0000127050
0.0000032950
0.0000031320
0.0000030790
0.0000031370
0.0000030200
0.0000029430
0.0000031060
0.0000028840
0.0000030170
0.0000144710
0.0000034930
0.0000032270
0.0000030490
0.0000032050
0.0000030550
0.0000029960
0.0000031530
0.0000030590
0.0000030440
0.0000156890
0.0000041890
0.0000040120
0.0000039570
0.0000040340
0.0000038830
0.0000037650
0.0000039150
0.0000037490
0.0000038570
0.0000146730
0.0000034010
0.0000031350
0.0000036000
0.0000032000
0.0000030310
0.0000029840
0.0000031310
0.0000029420
0.0000029800
0.0000135010
0.0000038190
0.0000031770
0.0000030740
0.0000030940
0.0000030080
0.0000028930
0.0000030820
0.0000029260
0.0000029630
0.0000155940
0.0000040550
0.0000038420
0.0000039750
0.0000036960
0.0000035860
0.0000034700
0.0000035180
0.0000033350
0.0000034020
0.0000149200
0.0000039980
0.0000038170
0.0000035950
0.0000037790
0.0000034110
0.0000034560
0.0000035570
0.0000034370
0.0000034010
0.0000139650
0.0000036410
0.0000036180
0.0000033220
0.0000034000
0.0000032600
0.0000031830
0.0000033500
0.0000031600
0.0000032010
0.0000128770
0.0000036320
0.0000032690
0.0000031550
0.0000032460
0.0000030490
0.0000029880
0.0000031730
0.0000029980
0.0000031450
0.0000137240
0.0000041070
0.0000036560
0.0000035680
0.0000036410
0.0000034410
0.0000033920
0.0000035810
0.0000033130
0.0000034290
0.0000142710
0.0000038080
0.0000035300
0.0000034310
0.0000034290
0.0000033010
0.0000032350
0.0000034000
0.0000031470
0.0000032740
0.0000163650
0.0000041290
0.0000036920
0.0000035440
0.0000035030
0.0000034540
0.0000034220
0.0000034990
0.0000032820
0.0000032930
0.0000145040
0.0000038580
0.0000035310
0.0000034060
0.0000034920
0.0000033280
0.0000032520
0.0000034780
0.0000032420
0.0000033290
0.0000140160
0.0000033750
0.0000031580
0.0000030030
0.0000031270
0.0000029550
0.0000029190
0.0000030810
0.0000028650
0.0000029580
0.0000221320
0.0000036860
0.0000035810
0.0000032420
0.0000032350
0.0000030900
0.0000030970
0.0000032650
0.0000030490
0.0000032350
0.0000140170
0.0000036910
0.0000032840
0.0000034530
0.0000036910
0.0000030830
0.0000031010
0.0000031630
0.0000029590
0.0000030610
