0.0000013210
0.0000007780
0.0000006340
0.0000007680
0.0000006150
0.0000005640
0.0000005090
0.0000003760
0.0000003570
0.0000005100
0.0000014650
0.0000009000
0.0000006440
0.0000009170
0.0000007470
0.0000005490
0.0000005700
0.0000005190
0.0000005120
0.0000005390
0.0000013050
0.0000007590
0.0000005780
0.0000008770
0.0000007070
0.0000005290
0.0000004260
0.0000004970
0.0000004620
0.0000005160
0.0000020720
0.0000008060
0.0000006380
0.0000008860
0.0000006170
0.0000005580
0.0000004920
0.0000004550
0.0000004160
0.0000004940
0.0000012350
0.0000009280
0.0000005880
0.0000007700
0.0000005740
0.0000005170
0.0000004910
0.0000003600
0.0000003160
0.0000004540
0.0000016480
0.0000007150
0.0000006000
0.0000008550
0.0000006800
0.0000005660
0.0000005290
0.0000004130
0.0000003870
0.0000005520
0.0000013220
0.0000007550
0.0000007180
0.0000008170
0.0000006390
0.0000006460
0.0000004060
0.0000003940
0.0000003940
0.0000005080
0.0000013110
0.0000007940
0.0000006270
0.0000008000
0.0000005560
0.0000005550
0.0000004180
0.0000003730
0.0000003200
0.0000004930
0.0000013990
0.0000007020
0.0000005690
0.0000007300
0.0000005600
0.0000005190
0.0000004150
0.0000003840
0.0000003360
0.0000004680
