0.0053002550
0.0025775150
0.0026411350
0.0026832430
0.0024242830
0.0024011540
0.0023412340
0.0021900440
0.0021812740
0.0022003200
0.0054492500
0.0025007650
0.0023053620
0.0023748010
0.0022396660
0.0022213110
0.0022472830
0.0021720600
0.0021213850
0.0021084680
0.0050813300
0.0022312470
0.0020952630
0.0021088770
0.0019964620
0.0019690760
0.0020009990
0.0018991980
0.0018931210
0.0019787530
0.0049336230
0.0023151720
0.0021169170
0.0021329630
0.0019738520
0.0019586780
0.0019837820
0.0018518890
0.0018331110
0.0018614460
0.0050846500
0.0023365210
0.0022069580
0.0021592450
0.0020154830
0.0019685830
0.0020332210
0.0018662590
0.0019185020
0.0018624450
0.0058352410
0.0029324600
0.0027985800
0.0027195550
0.0025103290
0.0025888340
0.0024574200
0.0023815390
0.0024029580
0.0022996570
0.0050326120
0.0022350380
0.0021344470
0.0023631380
0.0022603300
0.0021875570
0.0022287340
0.0021314980
0.0021119040
0.0021134790
0.0048138720
0.0022317910
0.0020939230
0.0020602300
0.0020028100
0.0019676360
0.0019931380
0.0018793760
0.0019321710
0.0019007630
0.0057022990
0.0026783170
0.0025218040
0.0025306300
0.0023188350
0.0020872010
0.0021153700
0.0019663070
0.0019461960
0.0020341860
