0.0668401200
0.0418791750
0.0416085720
0.0414694530
0.0413355200
0.0412127140
0.0410542450
0.0411192620
0.0408001910
0.0281152260
0.0793471290
0.0420225970
0.0484521380
0.0425420200
0.0427422430
0.0460834850
0.0417204930
0.0426307070
0.0413324960
0.0412279020
0.0635743700
0.0440507200
0.0428046130
0.0427774420
0.0427536090
0.0426015580
0.0426354520
0.0424440890
0.0423884700
0.0423499620
0.0662219730
0.0379360240
0.0388806090
0.0481830390
0.0605733130
0.0703289600
0.0781980560
0.0779867490
0.0776280610
0.0766108960
0.1000410600
0.0739227880
0.0738327640
0.0627384860
0.0414010600
0.0405073290
0.0389873840
0.0390986540
0.0389943200
0.0303321310
0.0642276180
0.0381073250
0.0381135310
0.0382406190
0.0382755320
0.0383070880
0.0383246370
0.0384074380
0.0384171730
0.0385819540
0.0636141250
0.0400304150
0.0399141820
0.0398668460
0.0398196060
0.0398286630
0.0397972320
0.0398622410
0.0397741360
0.0397655850
0.0836330450
0.0419998930
0.0402667670
0.0433724390
0.0463861600
0.0399715650
0.0401022550
0.0407323740
0.0400646870
0.0397613650
0.0568116850
0.0235530790
0.0234842670
0.0234195220
0.0234415680
0.0235082110
0.0233974190
0.0235350940
0.0233673450
0.0233829900
0.0874047910
0.0543693610
0.0543753980
0.0543791410
0.0337545000
0.0251981390
0.0233855270
0.0231101580
0.0290537460
0.0295296030
0.0635012300
0.0242503670
0.0241158180
0.0240677260
0.0240189630
0.0241151830
0.0240190460
0.0239855810
0.0239618520
0.0239629800
0.0605444610
0.0237089880
0.0235422650
0.0234898490
0.0234697130
0.0508504520
0.0238440030
0.0236468510
0.0367074060
0.0308453640
0.0581484780
0.0237993150
0.0237716960
0.0237212170
0.0237051500
0.0237876200
0.0237026010
0.0237289460
0.0238645930
0.0292214430
0.0639339380
0.0245131460
0.0244615400
0.0243102280
0.0243419880
0.0243721990
0.0242850640
0.0243018870
0.0242110420
0.0305874170
0.0625663620
0.0252661270
0.0393375980
0.0272588940
0.0272893010
0.0495921220
0.0311759820
0.0342580360
0.0473592180
0.0409832020
0.0613328420
0.0385725500
0.0503133950
0.0501891560
0.0723015310
0.0571941400
0.0393103640
0.0376465010
0.0387873410
0.0376871250
0.0654690060
0.0498927190
0.0475575550
0.0591095210
0.0662641650
0.0599666910
0.0596003970
0.0595213220
0.0591320740
0.0698859720
0.0589325780
0.0305845820
0.0304420500
0.0386444410
0.0386343750
0.0394085170
0.0387179360
0.0386868340
0.0388704130
0.0387789050
0.0604050070
0.0302289320
0.0302086870
0.0392388400
0.0392444370
0.0391132500
0.0391289830
0.0391644020
0.0390571480
0.0391169370
0.0656906580
0.0323334820
0.0432666970
0.0405640680
0.0404285480
0.0403265750
0.0404573110
0.0404560640
0.0404133450
0.0561564310
