0.0000019440
0.0000011990
0.0000010770
0.0000012820
0.0000011390
0.0000009870
0.0000010520
0.0000008170
0.0000008220
0.0000009230
0.0000015870
0.0000013220
0.0000012890
0.0000013440
0.0000011820
0.0000007930
0.0000006000
0.0000005390
0.0000005290
0.0000007240
0.0000013390
0.0000011350
0.0000007630
0.0000008770
0.0000008070
0.0000007840
0.0000006470
0.0000005950
0.0000005550
0.0000007640
0.0000041250
0.0000011950
0.0000009740
0.0000011880
0.0000010910
0.0000010760
0.0000008900
0.0000008380
0.0000008240
0.0000009500
0.0000016350
0.0000012790
0.0000012670
0.0000013830
0.0000012170
0.0000012130
0.0000011140
0.0000010510
0.0000010270
0.0000007910
0.0000015780
0.0000017530
0.0000012780
0.0000014040
0.0000012260
0.0000010460
0.0000006410
0.0000005730
0.0000005540
0.0000007580
0.0000018050
0.0000009460
0.0000008980
0.0000010670
0.0000009000
0.0000008710
0.0000007220
0.0000006540
0.0000006770
0.0000008430
0.0000018200
0.0000014550
0.0000014380
0.0000015970
0.0000009600
0.0000009090
0.0000007340
0.0000006490
0.0000006350
0.0000008660
0.0000016290
0.0000010770
0.0000009090
0.0000010310
0.0000009240
0.0000009350
0.0000007640
0.0000008000
0.0000008380
0.0000008610
0.0000020350
0.0000009320
0.0000008870
0.0000010180
0.0000009270
0.0000008710
0.0000007100
0.0000007070
0.0000006210
0.0000009060
0.0000016630
0.0000009740
0.0000009740
0.0000011070
0.0000009730
0.0000009170
0.0000008180
0.0000009160
0.0000006990
0.0000008430
0.0000018560
0.0000008740
0.0000009050
0.0000010150
0.0000008730
0.0000008890
0.0000006310
0.0000006550
0.0000006220
0.0000008310
0.0000018510
0.0000008900
0.0000009050
0.0000010890
0.0000009190
0.0000008990
0.0000007190
0.0000007010
0.0000006420
0.0000008500
0.0000018400
0.0000014760
0.0000014800
0.0000010320
0.0000009280
0.0000009050
0.0000006860
0.0000006930
0.0000006340
0.0000008920
0.0000015030
0.0000010260
0.0000009360
0.0000010880
0.0000009650
0.0000009220
0.0000007910
0.0000007000
0.0000006910
0.0000008720
0.0000024230
0.0000014770
0.0000014740
0.0000010630
0.0000009910
0.0000009840
0.0000008920
0.0000007450
0.0000006590
0.0000008630
0.0000021710
0.0000012980
0.0000008880
0.0000010110
0.0000009160
0.0000009340
0.0000007270
0.0000007190
0.0000006630
0.0000008530
0.0000020660
0.0000015520
0.0000015940
0.0000012860
0.0000011440
0.0000010380
0.0000009110
0.0000008540
0.0000008520
0.0000010170
0.0000019350
0.0000009450
0.0000008910
0.0000010580
0.0000009250
0.0000009010
0.0000007390
0.0000007070
0.0000006370
0.0000008560
0.0000016180
0.0000009340
0.0000009580
0.0000010600
0.0000009530
0.0000009360
0.0000007800
0.0000007080
0.0000006890
0.0000009020
