0.0090970700
0.0050767590
0.0051178540
0.0049206870
0.0049065620
0.0046753690
0.0048528740
0.0046696720
0.0046680800
0.0047263540
0.0099816730
0.0054730140
0.0052014310
0.0049810950
0.0050140850
0.0047609420
0.0048234530
0.0046149590
0.0045625410
0.0046622620
0.0099851360
0.0056229260
0.0053035080
0.0050568720
0.0049590830
0.0047903640
0.0049535760
0.0047071530
0.0045800210
0.0046524540
0.0117541620
0.0064224260
0.0060977910
0.0060689620
0.0057004230
0.0055847920
0.0056691310
0.0055570300
0.0055631310
0.0055178340
0.0097432440
0.0057865350
0.0051935670
0.0050389390
0.0049933650
0.0047528910
0.0048343530
0.0045576530
0.0044459880
0.0044555400
0.0104239650
0.0059463200
0.0054591740
0.0052238260
0.0051211370
0.0048719910
0.0048565330
0.0047151910
0.0047739820
0.0047816830
0.0118430420
0.0061468920
0.0060195400
0.0055289000
0.0055794740
0.0051535850
0.0052824860
0.0047822330
0.0046337910
0.0046883930
0.0114297400
0.0075924790
0.0072007400
0.0065562930
0.0061687540
0.0059171150
0.0058021200
0.0056035120
0.0055900250
0.0055441120
0.0102941980
0.0058574190
0.0055499710
0.0052268010
0.0053157940
0.0051058390
0.0051310310
0.0049421480
0.0049476590
0.0049600860
