0.0000022820
0.0000016120
0.0000014120
0.0000013590
0.0000013340
0.0000011700
0.0000011790
0.0000012550
0.0000011710
0.0000012010
0.0000022450
0.0000018500
0.0000015190
0.0000015060
0.0000014560
0.0000012610
0.0000013750
0.0000012520
0.0000011850
0.0000011690
0.0000024110
0.0000018740
0.0000017050
0.0000017190
0.0000014470
0.0000012520
0.0000013070
0.0000013730
0.0000011540
0.0000012420
0.0000026110
0.0000017450
0.0000018580
0.0000019470
0.0000014900
0.0000014040
0.0000012660
0.0000014110
0.0000012260
0.0000012960
0.0000030620
0.0000025170
0.0000022810
0.0000027200
0.0000019690
0.0000017760
0.0000017240
0.0000019260
0.0000016730
0.0000017100
0.0000024570
0.0000016600
0.0000016520
0.0000014740
0.0000014560
0.0000012510
0.0000012860
0.0000013620
0.0000012220
0.0000013040
0.0000023190
0.0000018660
0.0000016240
0.0000015930
0.0000014670
0.0000013480
0.0000011720
0.0000012520
0.0000011320
0.0000011970
0.0000022320
0.0000017260
0.0000014480
0.0000013450
0.0000013030
0.0000011650
0.0000011840
0.0000012110
0.0000011200
0.0000011820
0.0000022560
0.0000017620
0.0000015120
0.0000014400
0.0000016290
0.0000012830
0.0000013140
0.0000013960
0.0000012210
0.0000013100
0.0000023810
0.0000016030
0.0000013640
0.0000013550
0.0000013190
0.0000011610
0.0000011810
0.0000012750
0.0000011190
0.0000011870
0.0000030470
0.0000021350
0.0000016060
0.0000015610
0.0000015540
0.0000013590
0.0000013790
0.0000014830
0.0000013060
0.0000013840
0.0000025410
0.0000019470
0.0000020460
0.0000016150
0.0000015800
0.0000012170
0.0000012310
0.0000012750
0.0000011560
0.0000011940
0.0000034150
0.0000024610
0.0000022720
0.0000022030
0.0000020610
0.0000019340
0.0000019620
0.0000020160
0.0000018950
0.0000019330
0.0000021560
0.0000017340
0.0000015470
0.0000014280
0.0000013740
0.0000012150
0.0000012670
0.0000012400
0.0000011820
0.0000011700
0.0000023560
0.0000019180
0.0000016860
0.0000014970
0.0000021190
0.0000013750
0.0000014120
0.0000014390
0.0000012960
0.0000013750
0.0000026830
0.0000021820
0.0000019560
0.0000018450
0.0000016020
0.0000014170
0.0000014100
0.0000015260
0.0000013230
0.0000013760
0.0000023370
0.0000015700
0.0000014280
0.0000014490
0.0000013850
0.0000012190
0.0000011920
0.0000013220
0.0000012150
0.0000012950
0.0000025140
0.0000019790
0.0000017540
0.0000017230
0.0000016970
0.0000015760
0.0000015940
0.0000014170
0.0000012580
0.0000013280
0.0000025420
0.0000021510
0.0000017280
0.0000016540
0.0000017100
0.0000014950
0.0000014790
0.0000015210
0.0000014060
0.0000014900
0.0000036060
0.0000024900
0.0000023080
0.0000022400
0.0000021280
0.0000019970
0.0000020040
0.0000020960
0.0000018830
0.0000019910
