0.0000029560
0.0000023740
0.0000022230
0.0000022720
0.0000020620
0.0000018990
0.0000020070
0.0000020000
0.0000019380
0.0000019560
0.0000042780
0.0000039050
0.0000023600
0.0000022140
0.0000021350
0.0000019470
0.0000019450
0.0000020560
0.0000019120
0.0000019780
0.0000034700
0.0000027310
0.0000025950
0.0000024780
0.0000023440
0.0000021900
0.0000021210
0.0000024080
0.0000020760
0.0000022010
0.0000046520
0.0000042590
0.0000024610
0.0000024650
0.0000023460
0.0000022160
0.0000022320
0.0000022260
0.0000021220
0.0000021840
0.0000044910
0.0000025370
0.0000023460
0.0000023010
0.0000022640
0.0000020940
0.0000020580
0.0000021580
0.0000020640
0.0000021080
0.0000048700
0.0000043650
0.0000036510
0.0000027500
0.0000026050
0.0000024850
0.0000024810
0.0000025220
0.0000024300
0.0000025530
0.0000044460
0.0000035580
0.0000022590
0.0000022230
0.0000021210
0.0000019300
0.0000019960
0.0000020450
0.0000019400
0.0000020180
0.0000043410
0.0000039800
0.0000026470
0.0000023130
0.0000021950
0.0000019230
0.0000019800
0.0000020330
0.0000018970
0.0000019750
0.0000042740
0.0000023670
0.0000022500
0.0000026990
0.0000020360
0.0000019940
0.0000019240
0.0000019960
0.0000018940
0.0000019660
0.0000041410
0.0000032810
0.0000025940
0.0000025070
0.0000024400
0.0000021890
0.0000022350
0.0000022490
0.0000020840
0.0000021850
0.0000044690
0.0000025550
0.0000023510
0.0000023280
0.0000021590
0.0000020400
0.0000020920
0.0000021160
0.0000020230
0.0000020900
0.0000046570
0.0000040980
0.0000038720
0.0000038040
0.0000037950
0.0000036010
0.0000020410
0.0000021230
0.0000020160
0.0000020730
0.0000047560
0.0000042550
0.0000024570
0.0000024300
0.0000022620
0.0000020770
0.0000020770
0.0000021820
0.0000020840
0.0000021690
0.0000035490
0.0000029560
0.0000026460
0.0000026670
0.0000026250
0.0000024630
0.0000023900
0.0000022650
0.0000021670
0.0000022480
0.0000046390
0.0000038980
0.0000024020
0.0000022490
0.0000023000
0.0000021530
0.0000021240
0.0000020250
0.0000019360
0.0000020320
0.0000036290
0.0000031120
0.0000027610
0.0000026770
0.0000025780
0.0000024030
0.0000029680
0.0000024140
0.0000022820
0.0000023720
0.0000050760
0.0000028500
0.0000026170
0.0000025860
0.0000025120
0.0000023050
0.0000022790
0.0000023550
0.0000022680
0.0000023100
0.0000049950
0.0000027740
0.0000026130
0.0000025200
0.0000023220
0.0000021620
0.0000022250
0.0000022410
0.0000021280
0.0000021900
0.0000051600
0.0000030300
0.0000027310
0.0000026900
0.0000025420
0.0000023310
0.0000024060
0.0000023960
0.0000022620
0.0000023650
0.0000042730
0.0000025190
0.0000023110
0.0000023470
0.0000021510
0.0000019970
0.0000019710
0.0000020890
0.0000019700
0.0000020120
