0.0000273410
0.0000062610
0.0000052590
0.0000052750
0.0000058620
0.0000053260
0.0000053300
0.0000053800
0.0000052300
0.0000050820
0.0000256610
0.0000067630
0.0000059740
0.0000059880
0.0000064420
0.0000059600
0.0000059350
0.0000059140
0.0000058540
0.0000056250
0.0000246180
0.0000063880
0.0000054650
0.0000055780
0.0000059840
0.0000054480
0.0000055050
0.0000054990
0.0000055210
0.0000052370
0.0000267700
0.0000066380
0.0000055980
0.0000057020
0.0000062000
0.0000055910
0.0000056750
0.0000056050
0.0000055580
0.0000054090
0.0000265280
0.0000066610
0.0000055970
0.0000057730
0.0000063080
0.0000057670
0.0000057280
0.0000057610
0.0000056920
0.0000055180
0.0000279480
0.0000067540
0.0000061030
0.0000058580
0.0000063180
0.0000057620
0.0000059020
0.0000058110
0.0000057860
0.0000057330
0.0000248260
0.0000062250
0.0000053720
0.0000054360
0.0000059550
0.0000053730
0.0000053820
0.0000054200
0.0000052650
0.0000051150
0.0000302120
0.0000068850
0.0000058940
0.0000060360
0.0000064300
0.0000058490
0.0000058450
0.0000058470
0.0000057690
0.0000055870
0.0000273850
0.0000069470
0.0000055020
0.0000055490
0.0000061090
0.0000054420
0.0000054620
0.0000054980
0.0000054120
0.0000052130
0.0000254350
0.0000064030
0.0000054840
0.0000054960
0.0000060660
0.0000054570
0.0000055910
0.0000055140
0.0000055270
0.0000052930
0.0000248240
0.0000068430
0.0000058980
0.0000060150
0.0000064370
0.0000059380
0.0000059470
0.0000059580
0.0000058380
0.0000056550
0.0000248960
0.0000061660
0.0000053280
0.0000053730
0.0000058600
0.0000052770
0.0000052920
0.0000053010
0.0000053020
0.0000051240
0.0000310300
0.0000078010
0.0000062860
0.0000068710
0.0000070020
0.0000063100
0.0000065150
0.0000062970
0.0000062750
0.0000060620
0.0000301210
0.0000075600
0.0000064690
0.0000064950
0.0000071170
0.0000064830
0.0000065890
0.0000064350
0.0000063830
0.0000061200
0.0000288070
0.0000068060
0.0000057130
0.0000057410
0.0000067130
0.0000057360
0.0000068390
0.0000057460
0.0000059360
0.0000054810
0.0000330370
0.0000077740
0.0000066330
0.0000067900
0.0000075640
0.0000068960
0.0000070750
0.0000066840
0.0000068360
0.0000064110
0.0000346420
0.0000079170
0.0000068010
0.0000071260
0.0000112530
0.0000068680
0.0000067580
0.0000068660
0.0000070930
0.0000067990
0.0000295080
0.0000075830
0.0000062250
0.0000062750
0.0000068730
0.0000062390
0.0000062570
0.0000062290
0.0000061930
0.0000059540
0.0000276050
0.0000064430
0.0000055540
0.0000056330
0.0000060760
0.0000054860
0.0000055220
0.0000054960
0.0000054400
0.0000051890
0.0000338960
0.0000063750
0.0000054410
0.0000055890
0.0000060160
0.0000055190
0.0000055560
0.0000055710
0.0000055700
0.0000053660
