0.0025246620
0.0017985570
0.0017805210
0.0017434120
0.0017536540
0.0017304800
0.0018168610
0.0018942870
0.0018578350
0.0019983470
0.0018391000
0.0006880100
0.0005664660
0.0005176840
0.0005584910
0.0005088420
0.0005180050
0.0005038370
0.0004825280
0.0004740760
0.0020948830
0.0007932410
0.0006841030
0.0005646640
0.0005676740
0.0005347560
0.0005077180
0.0005083960
0.0005184190
0.0005114680
0.0020715920
0.0010930880
0.0010368820
0.0010571800
0.0010636860
0.0010313240
0.0010199150
0.0009970810
0.0009681530
0.0006487240
0.0019378970
0.0011419950
0.0010101270
0.0009805470
0.0010261070
0.0009912050
0.0009709810
0.0009684830
0.0009442480
0.0009527320
0.0018329410
0.0005636950
0.0004988150
0.0004781420
0.0004911590
0.0004830690
0.0004982450
0.0004905820
0.0004786310
0.0005250540
0.0023377600
0.0011117910
0.0009916370
0.0009494480
0.0009441480
0.0009009140
0.0008880830
0.0008853760
0.0008794740
0.0009311950
0.0018018530
0.0005274420
0.0004917320
0.0004626890
0.0004749470
0.0004669950
0.0004528720
0.0004729770
0.0004611720
0.0005532400
0.0019048820
0.0005579670
0.0005117990
0.0004991240
0.0005151790
0.0005396640
0.0005102380
0.0005080760
0.0005034100
0.0005116410
0.0019617180
0.0005815170
0.0005501470
0.0005327130
0.0005328770
0.0005317810
0.0005674720
0.0005360390
0.0005707260
0.0005609460
0.0038478800
0.0015679580
0.0012810840
0.0014906210
0.0017630650
0.0015622600
0.0014347790
0.0009796050
0.0010615490
0.0011386040
0.0024053590
0.0009059120
0.0008226540
0.0007837750
0.0008057660
0.0007591850
0.0007500670
0.0008428710
0.0009075700
0.0009382770
0.0019476240
0.0008716530
0.0007127820
0.0007485140
0.0008891620
0.0009257500
0.0007375250
0.0009322670
0.0007750170
0.0008364720
0.0020079410
0.0008407390
0.0009983740
0.0010108440
0.0011787250
0.0008455450
0.0010098220
0.0007999750
0.0009640690
0.0008964880
0.0018158540
0.0005385870
0.0004882120
0.0004697770
0.0004872830
0.0004740680
0.0004775380
0.0004711400
0.0004644240
0.0005100490
0.0025078330
0.0010968150
0.0008345070
0.0007907890
0.0007739860
0.0007606570
0.0007256170
0.0007179050
0.0007554490
0.0007448380
0.0019333840
0.0005982290
0.0005508980
0.0005106410
0.0005089470
0.0005178370
0.0005105390
0.0005091080
0.0005066020
0.0005187190
0.0020006340
0.0005713990
0.0005313790
0.0005228140
0.0005288610
0.0005355150
0.0005221880
0.0005352120
0.0005563150
0.0005333090
0.0024541750
0.0011010280
0.0009971200
0.0009666330
0.0009639220
0.0009401150
0.0009265780
0.0009022450
0.0008050080
0.0007629330
0.0018228080
0.0005308350
0.0004707340
0.0004668180
0.0004787470
0.0004555700
0.0004517380
0.0004631210
0.0004461030
0.0004632100
