0.0000025930
0.0000019730
0.0000018350
0.0000016770
0.0000016620
0.0000015250
0.0000014850
0.0000016320
0.0000015140
0.0000015340
0.0000031710
0.0000026780
0.0000025210
0.0000025560
0.0000024580
0.0000014680
0.0000014330
0.0000015930
0.0000014240
0.0000015660
0.0000033780
0.0000030380
0.0000019800
0.0000017650
0.0000017530
0.0000016130
0.0000016030
0.0000016450
0.0000015900
0.0000016120
0.0000035030
0.0000029680
0.0000018660
0.0000018340
0.0000016790
0.0000015420
0.0000015440
0.0000016530
0.0000015430
0.0000016610
0.0000030700
0.0000026620
0.0000026610
0.0000016430
0.0000016580
0.0000017830
0.0000014510
0.0000015290
0.0000014090
0.0000014440
0.0000028190
0.0000021130
0.0000018600
0.0000018050
0.0000017510
0.0000016070
0.0000015660
0.0000017300
0.0000015870
0.0000016430
0.0000032090
0.0000027770
0.0000025650
0.0000017150
0.0000016610
0.0000015840
0.0000015190
0.0000015720
0.0000014680
0.0000015000
0.0000036850
0.0000023330
0.0000020170
0.0000019560
0.0000020050
0.0000017450
0.0000017150
0.0000018030
0.0000016420
0.0000017660
0.0000032230
0.0000028640
0.0000025640
0.0000027930
0.0000016340
0.0000014990
0.0000019330
0.0000015700
0.0000014380
0.0000015250
0.0000025080
0.0000021090
0.0000018700
0.0000017170
0.0000017020
0.0000014940
0.0000015110
0.0000014880
0.0000014400
0.0000014600
0.0000030770
0.0000026490
0.0000021150
0.0000020250
0.0000019480
0.0000017310
0.0000018080
0.0000018570
0.0000017120
0.0000017240
0.0000026660
0.0000021370
0.0000019220
0.0000018460
0.0000018540
0.0000016340
0.0000017310
0.0000016820
0.0000016100
0.0000016910
0.0000035840
0.0000030910
0.0000018970
0.0000018390
0.0000017890
0.0000016780
0.0000016550
0.0000017020
0.0000016180
0.0000016670
0.0000035760
0.0000030200
0.0000027290
0.0000018690
0.0000018150
0.0000016490
0.0000016050
0.0000017280
0.0000016420
0.0000016740
0.0000024290
0.0000019340
0.0000018280
0.0000016520
0.0000017140
0.0000016100
0.0000015600
0.0000015610
0.0000014040
0.0000014280
0.0000045490
0.0000042040
0.0000029530
0.0000028170
0.0000027980
0.0000025760
0.0000016580
0.0000017490
0.0000015900
0.0000016870
0.0000037430
0.0000023750
0.0000018890
0.0000019180
0.0000018360
0.0000017380
0.0000016720
0.0000017520
0.0000015930
0.0000016980
0.0000037560
0.0000021340
0.0000020270
0.0000017600
0.0000016650
0.0000015240
0.0000015660
0.0000015960
0.0000015710
0.0000015540
0.0000034900
0.0000021090
0.0000018500
0.0000018170
0.0000017890
0.0000016630
0.0000016510
0.0000017060
0.0000015940
0.0000016410
0.0000036380
0.0000021710
0.0000019870
0.0000018390
0.0000017910
0.0000016220
0.0000015960
0.0000016080
0.0000014980
0.0000015840
