0.0009378190
0.0004091940
0.0003394130
0.0002843960
0.0002969150
0.0002935060
0.0003070400
0.0003443280
0.0002876750
0.0002716650
0.0010011780
0.0003471150
0.0003100960
0.0002854980
0.0003184680
0.0003056500
0.0002895850
0.0003003440
0.0002742390
0.0002413620
0.0015986990
0.0010817420
0.0010061450
0.0009420090
0.0008143130
0.0007318360
0.0006706760
0.0006821140
0.0006892190
0.0006519170
0.0014521760
0.0008869910
0.0007029960
0.0006204210
0.0006180540
0.0005523570
0.0005627150
0.0005189460
0.0005107530
0.0004974090
0.0009012150
0.0002043560
0.0001860980
0.0001790790
0.0001784000
0.0001776530
0.0001753900
0.0001736360
0.0001721100
0.0001755760
0.0008606260
0.0001915960
0.0001760500
0.0001713670
0.0001677320
0.0001693830
0.0001679560
0.0001720250
0.0001696490
0.0001725040
0.0009322370
0.0002592200
0.0002353970
0.0002215630
0.0002006180
0.0001983690
0.0002127230
0.0001988530
0.0002223380
0.0002123450
0.0008583320
0.0001822750
0.0001689810
0.0001658030
0.0001614290
0.0001730530
0.0001701660
0.0001634400
0.0001607980
0.0001698520
0.0008744500
0.0001890750
0.0001710620
0.0001730160
0.0001646400
0.0001749210
0.0001716920
0.0001680510
0.0001666500
0.0001668480
0.0008749780
0.0001971210
0.0001764770
0.0001777650
0.0001785100
0.0001741240
0.0001734880
0.0001722020
0.0001709790
0.0001735740
0.0008959090
0.0002023310
0.0001924650
0.0001945830
0.0001890140
0.0001904990
0.0001898910
0.0001902420
0.0001930760
0.0001905140
0.0009577150
0.0002845650
0.0002347300
0.0002249230
0.0002099380
0.0002104760
0.0002236240
0.0002130310
0.0002227040
0.0002129230
0.0011048150
0.0004942230
0.0003923520
0.0003672590
0.0003446660
0.0003188350
0.0003128610
0.0002949720
0.0002966040
0.0002988420
0.0008787140
0.0001817580
0.0001692180
0.0001679730
0.0001638140
0.0001637070
0.0001606570
0.0001692440
0.0001625200
0.0001694600
0.0009549240
0.0002331070
0.0002302240
0.0002242050
0.0002172120
0.0002175130
0.0002153520
0.0002165490
0.0002205150
0.0002172380
0.0010424800
0.0003866650
0.0003510350
0.0002955000
0.0002886710
0.0002865490
0.0003214240
0.0003204480
0.0003148290
0.0003264030
0.0010956440
0.0004270370
0.0003114840
0.0002850140
0.0002715970
0.0002566090
0.0002438200
0.0002413590
0.0003055940
0.0003086030
0.0008897870
0.0001932440
0.0001806430
0.0001756140
0.0001660380
0.0001685350
0.0001680290
0.0001698260
0.0001710420
0.0001699760
0.0009026880
0.0001940820
0.0001762490
0.0001766460
0.0001706020
0.0001713020
0.0001715900
0.0001737570
0.0001721750
0.0001820240
0.0009448500
0.0002172500
0.0001959160
0.0001957070
0.0001818810
0.0001816840
0.0001795780
0.0001768750
0.0001756810
0.0001783400
