0.0023360060
0.0007490890
0.0006757250
0.0006896290
0.0006381220
0.0006225280
0.0006214780
0.0006464380
0.0006176830
0.0005970170
0.0026808320
0.0012240180
0.0011491410
0.0011618030
0.0010835890
0.0010629840
0.0009773800
0.0008209900
0.0007844750
0.0007478130
0.0022414010
0.0007169570
0.0006610710
0.0006729200
0.0006393120
0.0006275100
0.0006225560
0.0006428810
0.0006267700
0.0006028930
0.0022339570
0.0007341140
0.0006614950
0.0006634200
0.0006226790
0.0006114800
0.0006233920
0.0006248850
0.0006147480
0.0006071050
0.0041859320
0.0026082520
0.0028607630
0.0025592500
0.0024313570
0.0023318290
0.0020954000
0.0020542010
0.0022126250
0.0021734820
0.0037085580
0.0023656870
0.0021409830
0.0020908550
0.0021039400
0.0020780820
0.0020282230
0.0016542800
0.0016351100
0.0014382220
0.0033796700
0.0018870040
0.0020684300
0.0020638710
0.0018126650
0.0017925690
0.0017652260
0.0016905970
0.0014202310
0.0014210220
0.0025479000
0.0007612080
0.0006817730
0.0007054580
0.0006655230
0.0006479600
0.0006604920
0.0006558140
0.0006413880
0.0006345090
0.0026428890
0.0008282420
0.0007271800
0.0007576400
0.0007744740
0.0007142500
0.0007799450
0.0007428180
0.0007406250
0.0007145200
0.0025608120
0.0009270570
0.0008294250
0.0008388830
0.0008129070
0.0008144880
0.0008117590
0.0008188620
0.0008244890
0.0007916350
0.0027045940
0.0008489960
0.0007891920
0.0007973400
0.0008243250
0.0007951950
0.0008025480
0.0007376870
0.0007622360
0.0007336050
0.0025086440
0.0007652040
0.0007034000
0.0006949900
0.0006641950
0.0006536730
0.0006593360
0.0006512650
0.0006523880
0.0006476510
0.0036410660
0.0021494900
0.0020785450
0.0020549630
0.0020138310
0.0019957630
0.0019364290
0.0019313690
0.0018543010
0.0016991570
0.0026178950
0.0007818120
0.0007120050
0.0007210470
0.0006851740
0.0007069590
0.0006976710
0.0006843730
0.0006845360
0.0006891820
0.0034170820
0.0018787710
0.0020061550
0.0018715610
0.0018280510
0.0016009770
0.0015794050
0.0019241520
0.0018833050
0.0017425870
0.0026543660
0.0008180570
0.0007287300
0.0007303900
0.0006930670
0.0007133250
0.0007070440
0.0007179850
0.0007202830
0.0006920550
0.0029489170
0.0014464960
0.0012428360
0.0011342300
0.0010463180
0.0010194580
0.0010213490
0.0009710660
0.0009821670
0.0009365260
