0.0015483710
0.0006971800
0.0005709110
0.0005470160
0.0004748250
0.0004773480
0.0004278190
0.0004039020
0.0003982050
0.0004005680
0.0011241910
0.0002464360
0.0002374010
0.0002312040
0.0002366300
0.0002234060
0.0002358360
0.0002336750
0.0002270910
0.0002303760
0.0011288270
0.0002523550
0.0002501040
0.0002291990
0.0002342720
0.0002281720
0.0002335290
0.0002238160
0.0002310080
0.0002259620
0.0011824750
0.0002622390
0.0002761920
0.0002378730
0.0002419620
0.0002349540
0.0002175870
0.0002154880
0.0002222420
0.0002215490
0.0021839650
0.0016610850
0.0016104850
0.0015404270
0.0014863700
0.0014367180
0.0013187220
0.0012716540
0.0013319080
0.0012384710
0.0011221740
0.0002467450
0.0002305480
0.0002000680
0.0002038490
0.0002012760
0.0002054130
0.0002046160
0.0002045970
0.0002062910
0.0013873480
0.0006735600
0.0005799820
0.0005368180
0.0003989440
0.0004268790
0.0003960960
0.0003945450
0.0003693080
0.0003524430
0.0021032580
0.0013778100
0.0013151210
0.0012498440
0.0012134100
0.0011930080
0.0010903400
0.0009978930
0.0009797720
0.0010769000
0.0011690610
0.0002418090
0.0002479200
0.0002184570
0.0002284390
0.0002294840
0.0002246200
0.0002392500
0.0002354430
0.0002313260
0.0018718230
0.0009056710
0.0007867400
0.0007466440
0.0006810540
0.0006293270
0.0006599750
0.0006436670
0.0005986250
0.0005917950
0.0020599000
0.0013700120
0.0012439540
0.0011927240
0.0011658060
0.0011637980
0.0011474710
0.0011199190
0.0010778890
0.0010654370
0.0014718780
0.0002472320
0.0002510770
0.0002337170
0.0002391550
0.0002316070
0.0002535920
0.0002370680
0.0002452160
0.0002717440
0.0012413770
0.0002496020
0.0002453150
0.0002349230
0.0002415300
0.0002366250
0.0002351110
0.0002355890
0.0002357820
0.0002419360
0.0016861670
0.0008962590
0.0008101010
0.0007780100
0.0007370630
0.0007958650
0.0007583630
0.0007517720
0.0007299700
0.0007222330
0.0012996330
0.0002687240
0.0002763650
0.0002430030
0.0002548710
0.0002491130
0.0002345770
0.0002421690
0.0002476040
0.0002491180
0.0017256510
0.0009092440
0.0009237380
0.0009141810
0.0008503230
0.0008175160
0.0007633360
0.0007322750
0.0006498180
0.0006258340
0.0012794160
0.0002554740
0.0002471240
0.0002234410
0.0002348250
0.0002307950
0.0002438240
0.0002262710
0.0002330240
0.0002307230
0.0019267960
0.0008474200
0.0007873060
0.0007386750
0.0005590090
0.0005194290
0.0004957050
0.0004836980
0.0004363390
0.0005795420
0.0012976380
0.0003199360
0.0003067420
0.0002754970
0.0002702760
0.0002754340
0.0002628700
0.0002844580
0.0002593510
0.0002483770
0.0013009990
0.0002588130
0.0002545630
0.0002347860
0.0002442510
0.0002462510
0.0002441300
0.0002444190
0.0002378890
0.0002576560
