0.0004435470
0.0000924990
0.0000865290
0.0000868050
0.0000865540
0.0000938420
0.0000840470
0.0000838620
0.0000838900
0.0000843330
0.0004265800
0.0000911930
0.0000870090
0.0000884320
0.0000909100
0.0000837210
0.0000798320
0.0000750280
0.0000746070
0.0000766090
0.0004532980
0.0000963520
0.0000802050
0.0000791250
0.0000796430
0.0000792760
0.0000787830
0.0000790630
0.0000784890
0.0000793940
0.0004132520
0.0000937600
0.0000732290
0.0000723680
0.0000723350
0.0000725320
0.0000723830
0.0000718390
0.0000719830
0.0000720350
0.0004272860
0.0000856130
0.0000866120
0.0000802400
0.0000799240
0.0000872180
0.0000801060
0.0000798510
0.0000797470
0.0000798230
0.0004344340
0.0000891540
0.0000805680
0.0000793840
0.0000791210
0.0000800800
0.0000789760
0.0000787620
0.0000786010
0.0000787690
0.0005785740
0.0001946640
0.0001259390
0.0000983010
0.0000863380
0.0000852880
0.0000848960
0.0000852130
0.0000832550
0.0000837300
0.0004867240
0.0001062750
0.0000907690
0.0000839210
0.0000836110
0.0000841360
0.0000835630
0.0000828320
0.0000829990
0.0000831340
0.0005648370
0.0001650150
0.0001098490
0.0000937750
0.0000864740
0.0000865580
0.0000851160
0.0000833330
0.0000847540
0.0000852070
0.0006041770
0.0001149260
0.0001103570
0.0001096820
0.0001104590
0.0001107650
0.0001109890
0.0001101800
0.0001085250
0.0001098090
0.0005799460
0.0001883850
0.0001151380
0.0000928450
0.0000873860
0.0000841660
0.0000837730
0.0000832180
0.0000834850
0.0000884320
0.0004902150
0.0000853160
0.0000752510
0.0000743620
0.0000769790
0.0000742470
0.0000740780
0.0000738960
0.0000739640
0.0000736720
0.0004224010
0.0000790510
0.0000731250
0.0000730850
0.0000729400
0.0000727820
0.0000760790
0.0000727030
0.0000727950
0.0000726810
0.0004374120
0.0000904660
0.0000853900
0.0000855650
0.0000854060
0.0000859530
0.0000870320
0.0000848380
0.0000849560
0.0000849080
0.0005794060
0.0001662270
0.0001091990
0.0000944400
0.0000878090
0.0000879680
0.0000869720
0.0000871860
0.0000875240
0.0000878140
0.0005648720
0.0001340870
0.0001100360
0.0000995470
0.0000984800
0.0000972660
0.0000975570
0.0000972050
0.0000964170
0.0000978990
0.0005303940
0.0001272060
0.0000965890
0.0000853930
0.0000847020
0.0000849170
0.0000830450
0.0000838070
0.0000835870
0.0000831590
0.0004443460
0.0000923610
0.0000823820
0.0000822610
0.0000828700
0.0000826240
0.0000821410
0.0000828430
0.0000835620
0.0000822260
0.0004232980
0.0000777720
0.0000749570
0.0000752320
0.0000756220
0.0000763500
0.0000753220
0.0000751490
0.0000753180
0.0000752540
0.0006496720
0.0001317340
0.0001274320
0.0001269270
0.0001277290
0.0001274180
0.0001266000
0.0001259450
0.0001280430
0.0001257050
