0.0174408290
0.0066962870
0.0066887890
0.0067186310
0.0067067670
0.0069258210
0.0073188530
0.0068187010
0.0068034390
0.0082539900
0.0190755200
0.0071904110
0.0070681350
0.0088380780
0.0087758920
0.0116532110
0.0090507660
0.0089690630
0.0089075870
0.0106165310
0.0309267420
0.0237747410
0.0198177400
0.0233286370
0.0198763190
0.0232457120
0.0199692900
0.0231438140
0.0200890650
0.0229888750
0.0220468010
0.0086432120
0.0100606890
0.0164348560
0.0185905030
0.0157597430
0.0181588650
0.0247129610
0.0294231560
0.0243692420
0.0180786130
0.0068135520
0.0067105600
0.0067160170
0.0066628200
0.0066986860
0.0066384330
0.0066629160
0.0066741920
0.0066923960
0.0207372260
0.0074981570
0.0081031470
0.0121198420
0.0105998400
0.0098711990
0.0076739960
0.0073122170
0.0072340140
0.0072605100
0.0200902840
0.0072136000
0.0071257310
0.0071795040
0.0071270860
0.0087859910
0.0087517610
0.0088080630
0.0087617890
0.0087534760
0.0211936410
0.0070728000
0.0070426150
0.0070603060
0.0070165180
0.0070101890
0.0069533360
0.0068807460
0.0069139240
0.0069118160
0.0211340290
0.0111701240
0.0186578950
0.0180964640
0.0171199080
0.0166258820
0.0179500050
0.0210564380
0.0092231840
0.0073295280
0.0204747180
0.0071259460
0.0071208050
0.0069552820
0.0071760100
0.0108336140
0.0108560820
0.0110449010
0.0170566730
0.0169892630
0.0204290450
0.0069810800
0.0069846670
0.0070384690
0.0069741060
0.0069965790
0.0069258070
0.0069726420
0.0069927730
0.0068712140
0.0207661480
0.0069881950
0.0069541700
0.0069517340
0.0069471140
0.0069427770
0.0068867280
0.0069348620
0.0069420490
0.0070691950
0.0207343210
0.0070360230
0.0070302000
0.0069535590
0.0069896640
0.0070785450
0.0069202610
0.0070506420
0.0069315860
0.0069126970
0.0216820690
0.0089712350
0.0088277880
0.0096615380
0.0112911740
0.0125368320
0.0110265090
0.0172781570
0.0244025070
0.0279674820
0.0213933840
0.0078136580
0.0077629320
0.0074679210
0.0073538970
0.0077621670
0.0071564480
0.0072552970
0.0070305890
0.0069729220
0.0204006870
0.0070092870
0.0069775320
0.0069723900
0.0070283510
0.0069460470
0.0068733700
0.0069694150
0.0069550740
0.0068591630
0.0205397330
0.0071016980
0.0070665290
0.0070318950
0.0070278910
0.0070168880
0.0069414610
0.0069477200
0.0069543240
0.0069783190
0.0348045370
0.0182986160
0.0154575820
0.0114094170
0.0125779330
0.0106545180
0.0124150890
0.0105782370
0.0124254900
0.0105154780
0.0235861150
0.0075312230
0.0089248840
0.0088199650
0.0088371580
0.0092878690
0.0120491450
0.0120051900
0.0120030390
0.0119214910
0.0208119030
0.0073590190
0.0072320160
0.0073075530
0.0072687500
0.0073296310
0.0072251110
0.0080343300
0.0109851100
0.0076090300
