0.0000020290
0.0000012930
0.0000012700
0.0000013930
0.0000012440
0.0000011710
0.0000011890
0.0000010770
0.0000010130
0.0000011690
0.0000021050
0.0000012650
0.0000012460
0.0000016050
0.0000012420
0.0000011740
0.0000011740
0.0000011240
0.0000010310
0.0000011720
0.0000026980
0.0000023980
0.0000023830
0.0000015380
0.0000014180
0.0000013890
0.0000013250
0.0000012290
0.0000017470
0.0000016540
0.0000027570
0.0000024720
0.0000015250
0.0000015980
0.0000013830
0.0000014270
0.0000013170
0.0000012530
0.0000011620
0.0000013340
0.0000027190
0.0000024580
0.0000014960
0.0000015440
0.0000014650
0.0000013810
0.0000013360
0.0000012560
0.0000011960
0.0000013930
0.0000028050
0.0000024420
0.0000014820
0.0000015790
0.0000014680
0.0000013400
0.0000013340
0.0000012990
0.0000011970
0.0000013370
0.0000028150
0.0000014750
0.0000015280
0.0000015950
0.0000015500
0.0000013560
0.0000013330
0.0000012500
0.0000011920
0.0000013750
0.0000027140
0.0000025040
0.0000023950
0.0000025270
0.0000014690
0.0000014440
0.0000013960
0.0000012830
0.0000011350
0.0000013190
0.0000029170
0.0000016550
0.0000015220
0.0000015860
0.0000015070
0.0000014210
0.0000015120
0.0000013300
0.0000012210
0.0000014100
0.0000026800
0.0000016520
0.0000014670
0.0000016490
0.0000015240
0.0000014240
0.0000016390
0.0000013700
0.0000012310
0.0000014050
0.0000022250
0.0000016650
0.0000015510
0.0000016650
0.0000014910
0.0000015050
0.0000014270
0.0000013400
0.0000012280
0.0000014040
0.0000035410
0.0000023820
0.0000017400
0.0000019640
0.0000017710
0.0000016140
0.0000015230
0.0000014920
0.0000014440
0.0000016550
0.0000021270
0.0000016000
0.0000014770
0.0000016820
0.0000014610
0.0000014710
0.0000014180
0.0000013530
0.0000012420
0.0000014580
0.0000038730
0.0000016000
0.0000015700
0.0000016420
0.0000015500
0.0000014700
0.0000013820
0.0000012770
0.0000012290
0.0000014080
0.0000025510
0.0000016420
0.0000014920
0.0000016340
0.0000014230
0.0000014340
0.0000013720
0.0000012760
0.0000012190
0.0000013660
0.0000020320
0.0000014680
0.0000014190
0.0000015520
0.0000014190
0.0000013290
0.0000013880
0.0000012450
0.0000011820
0.0000012950
0.0000031290
0.0000026830
0.0000022100
0.0000018410
0.0000017320
0.0000016490
0.0000015990
0.0000014890
0.0000014350
0.0000015880
0.0000028160
0.0000024240
0.0000017690
0.0000016180
0.0000014710
0.0000014010
0.0000013440
0.0000012520
0.0000012040
0.0000013190
0.0000027840
0.0000015390
0.0000014130
0.0000015800
0.0000014110
0.0000013540
0.0000012820
0.0000012720
0.0000011770
0.0000012990
0.0000021740
0.0000014880
0.0000014660
0.0000015810
0.0000013450
0.0000013880
0.0000013680
0.0000012540
0.0000011540
0.0000012910
