0.0002327210
0.0000413060
0.0000392500
0.0000391470
0.0000391300
0.0000391940
0.0000389710
0.0000391250
0.0000390560
0.0000390020
0.0002024510
0.0000421600
0.0000454510
0.0000420140
0.0000399070
0.0000398770
0.0000397930
0.0000396840
0.0000397780
0.0000396400
0.0003390070
0.0000709490
0.0000534830
0.0000494260
0.0000487620
0.0000495640
0.0000483470
0.0000488980
0.0000485630
0.0000493300
0.0002102120
0.0000441090
0.0000430220
0.0000426100
0.0000424130
0.0000428120
0.0000426530
0.0000426520
0.0000425880
0.0000425430
0.0003366970
0.0000464550
0.0000745030
0.0000577530
0.0000435080
0.0000432210
0.0000433300
0.0000795910
0.0000560650
0.0000422480
0.0002095040
0.0000398640
0.0000395200
0.0000392910
0.0000390250
0.0000391170
0.0000395400
0.0000392860
0.0000392530
0.0000393890
0.0002042960
0.0000381110
0.0000376180
0.0000375520
0.0000374380
0.0000374340
0.0000373250
0.0000376000
0.0000372920
0.0000376140
0.0002011100
0.0000411410
0.0000401880
0.0000403320
0.0000400680
0.0000400940
0.0000400090
0.0000402320
0.0000399840
0.0000400760
0.0002222190
0.0000474560
0.0000451040
0.0000451280
0.0000450220
0.0000450530
0.0000450500
0.0000450100
0.0000449780
0.0000448940
0.0002245480
0.0000435340
0.0000431660
0.0000431890
0.0000435420
0.0000436340
0.0000435840
0.0000437140
0.0000435300
0.0000434640
0.0002320960
0.0000419470
0.0000381870
0.0000379090
0.0000378300
0.0000376410
0.0000375710
0.0000377550
0.0000375890
0.0000374610
0.0002838470
0.0000580290
0.0000504150
0.0000476170
0.0000476670
0.0000476280
0.0000475770
0.0000482420
0.0000480300
0.0000477550
0.0003440650
0.0000862650
0.0000675310
0.0000527170
0.0000496650
0.0000497210
0.0000498680
0.0000486840
0.0000489680
0.0000496170
0.0002490050
0.0000513730
0.0000492650
0.0000496160
0.0000553060
0.0000500090
0.0000506430
0.0000499460
0.0000500300
0.0000494280
0.0002621170
0.0000483070
0.0000395340
0.0000393670
0.0000388820
0.0000388730
0.0000383760
0.0000385920
0.0000383890
0.0000385150
0.0002760570
0.0000598220
0.0000515670
0.0000478630
0.0000477250
0.0000477990
0.0000480890
0.0000476020
0.0000481560
0.0000475700
0.0002134360
0.0000429910
0.0000396300
0.0000391650
0.0000404220
0.0000465190
0.0000391960
0.0000392690
0.0000396260
0.0000400030
0.0001976990
0.0000386740
0.0000374910
0.0000375350
0.0000372970
0.0000370220
0.0000372070
0.0000373300
0.0000374890
0.0000373200
0.0002163590
0.0000412800
0.0000381350
0.0000380960
0.0000378060
0.0000378450
0.0000375200
0.0000377190
0.0000373410
0.0000376110
0.0002734110
0.0000439330
0.0000485000
0.0000430100
0.0000424750
0.0000424360
0.0000425240
0.0000425280
0.0000426300
0.0000423630
