0.0000013750
0.0000007190
0.0000006520
0.0000008580
0.0000006240
0.0000005870
0.0000004920
0.0000005260
0.0000004070
0.0000005490
0.0000012190
0.0000008910
0.0000006290
0.0000007320
0.0000005800
0.0000005460
0.0000004420
0.0000004490
0.0000003680
0.0000005060
0.0000012230
0.0000009860
0.0000009000
0.0000007720
0.0000006380
0.0000005940
0.0000004430
0.0000004030
0.0000004030
0.0000005440
0.0000018560
0.0000006710
0.0000006030
0.0000007470
0.0000005790
0.0000005350
0.0000005550
0.0000005050
0.0000003630
0.0000004950
0.0000011490
0.0000008920
0.0000008340
0.0000010300
0.0000008510
0.0000008010
0.0000007120
0.0000004280
0.0000004280
0.0000005360
0.0000012360
0.0000007970
0.0000006340
0.0000007480
0.0000006210
0.0000005580
0.0000005030
0.0000008760
0.0000003790
0.0000005120
0.0000012110
0.0000010240
0.0000009110
0.0000010340
0.0000005710
0.0000006020
0.0000004810
0.0000004520
0.0000003740
0.0000005500
0.0000012300
0.0000007480
0.0000007740
0.0000008630
0.0000006760
0.0000006440
0.0000005280
0.0000004770
0.0000004300
0.0000006690
0.0000013540
0.0000009860
0.0000009570
0.0000011290
0.0000009220
0.0000009330
0.0000007850
0.0000007320
0.0000006920
0.0000008800
0.0000014390
0.0000010160
0.0000010020
0.0000011490
0.0000009830
0.0000009180
0.0000005330
0.0000004550
0.0000004350
0.0000006000
0.0000013590
0.0000009560
0.0000009860
0.0000011430
0.0000009820
0.0000009710
0.0000008180
0.0000007680
0.0000007490
0.0000009250
0.0000012390
0.0000007620
0.0000007010
0.0000008920
0.0000007410
0.0000010230
0.0000009800
0.0000005650
0.0000005100
0.0000006240
0.0000012790
0.0000010460
0.0000010080
0.0000011290
0.0000009540
0.0000006410
0.0000004540
0.0000005080
0.0000004790
0.0000005920
0.0000013890
0.0000008700
0.0000007180
0.0000008670
0.0000007370
0.0000007170
0.0000005020
0.0000005280
0.0000005030
0.0000006230
0.0000013630
0.0000010670
0.0000009890
0.0000011870
0.0000007510
0.0000006390
0.0000004940
0.0000004460
0.0000004160
0.0000005810
0.0000018270
0.0000007970
0.0000007680
0.0000008900
0.0000007500
0.0000006680
0.0000005800
0.0000005370
0.0000004810
0.0000006570
0.0000012310
0.0000008140
0.0000007470
0.0000008170
0.0000007500
0.0000007160
0.0000005540
0.0000005350
0.0000004740
0.0000006400
0.0000013180
0.0000011120
0.0000009840
0.0000008350
0.0000006710
0.0000006380
0.0000008700
0.0000004700
0.0000004140
0.0000005520
0.0000011030
0.0000008360
0.0000008580
0.0000006970
0.0000005700
0.0000005420
0.0000003920
0.0000004010
0.0000003730
0.0000004780
0.0000012210
0.0000006170
0.0000005620
0.0000007020
0.0000005410
0.0000005420
0.0000004650
0.0000004330
0.0000003370
0.0000005070
