0.0147848770
0.0105624400
0.0104988050
0.0105721160
0.0105656590
0.0104665600
0.0104507910
0.0104498680
0.0104917920
0.0104376290
0.0150691470
0.0105363050
0.0106934930
0.0106765650
0.0106359590
0.0104202050
0.0105845340
0.0104876850
0.0104217320
0.0104694230
0.0175627220
0.0095977740
0.0096880370
0.0095296590
0.0095369830
0.0094879460
0.0064269070
0.0060978830
0.0057348720
0.0057143710
0.0180031630
0.0099883060
0.0099650890
0.0104148970
0.0100180770
0.0100104680
0.0064757780
0.0062074060
0.0057261460
0.0056475290
0.0245015470
0.0190543190
0.0188218860
0.0195261770
0.0189868540
0.0196289430
0.0190766330
0.0199309260
0.0160012440
0.0077578910
0.0247219770
0.0160104580
0.0149418330
0.0145301170
0.0144600170
0.0143682800
0.0102733190
0.0095522460
0.0093293610
0.0088316160
0.0234592590
0.0166537660
0.0175711180
0.0183335280
0.0188766330
0.0172832460
0.0194369550
0.0201752090
0.0186873010
0.0170202370
0.0144185000
0.0057142760
0.0056340590
0.0056149250
0.0057565990
0.0056339590
0.0055939110
0.0055695480
0.0055933690
0.0055520680
0.0150239760
0.0057638970
0.0057570870
0.0057316940
0.0057348280
0.0057334580
0.0056941280
0.0056795960
0.0056844670
0.0056917990
0.0196935490
0.0061769120
0.0061642140
0.0061386860
0.0061297850
0.0061239970
0.0061045950
0.0060973180
0.0060791850
0.0060930450
0.0154895800
0.0058097200
0.0057633770
0.0057850890
0.0058470240
0.0057776440
0.0057165080
0.0057699220
0.0057193060
0.0056949420
0.0158308270
0.0058564110
0.0058574020
0.0057864830
0.0058342560
0.0058088620
0.0057755170
0.0057682810
0.0057358220
0.0057318420
0.0148118150
0.0056457020
0.0056507020
0.0056094840
0.0056147800
0.0056115010
0.0056473900
0.0055947780
0.0055855410
0.0055757040
0.0164690620
0.0059282190
0.0058976570
0.0059196160
0.0058700110
0.0058667910
0.0058280130
0.0058354320
0.0058308830
0.0058497950
0.0189237880
0.0077565640
0.0070724140
0.0081438460
0.0096985210
0.0096878540
0.0112528020
0.0100823210
0.0099189100
0.0111003190
0.0146887960
0.0057470050
0.0056845910
0.0056640190
0.0076021830
0.0075946290
0.0075741550
0.0098985100
0.0098580060
0.0096869720
0.0183181470
0.0059786820
0.0059641490
0.0059106670
0.0058952630
0.0059415690
0.0058912910
0.0161392070
0.0075143230
0.0075402190
0.0163203950
0.0076163700
0.0075466520
0.0075672290
0.0100777970
0.0101112090
0.0115543540
0.0137119670
0.0153034250
0.0151686110
0.0150886890
0.0057408800
0.0057225410
0.0057576650
0.0057103600
0.0061020370
0.0075929510
0.0075752680
0.0076172650
0.0105286050
0.0164819620
0.0060755930
0.0075547800
0.0076115930
0.0076262150
0.0081439250
0.0098549580
0.0098778830
0.0098881100
0.0099134070
