0.0000655010
0.0000102150
0.0000103790
0.0000101400
0.0000102230
0.0000099120
0.0000094820
0.0000098850
0.0000098020
0.0000098280
0.0000698820
0.0000095850
0.0000102200
0.0000095650
0.0000100400
0.0000097700
0.0000095790
0.0000098380
0.0000096170
0.0000099380
0.0001025600
0.0000102470
0.0000094340
0.0000097380
0.0000102060
0.0000097710
0.0000094620
0.0000097620
0.0000098610
0.0000094880
0.0000909280
0.0000097960
0.0000094500
0.0000093170
0.0000098010
0.0000092780
0.0000091380
0.0000092570
0.0000091200
0.0000099420
0.0000714610
0.0000095900
0.0000093350
0.0000091500
0.0000093630
0.0000093060
0.0000096000
0.0000090290
0.0000090040
0.0000093200
0.0000678950
0.0000103280
0.0000105820
0.0000103350
0.0000105130
0.0000103880
0.0000100200
0.0000102560
0.0000101270
0.0000103560
0.0000643540
0.0000101290
0.0000111850
0.0000101840
0.0000104680
0.0000104410
0.0000097010
0.0000106800
0.0000102190
0.0000104820
0.0000733080
0.0000105350
0.0000103890
0.0000101520
0.0000103150
0.0000104390
0.0000099330
0.0000101780
0.0000102160
0.0000102420
0.0001037870
0.0000144560
0.0000124730
0.0000122440
0.0000124050
0.0000133330
0.0000133850
0.0000139300
0.0000135250
0.0000132790
0.0000734760
0.0000106860
0.0000108840
0.0000103660
0.0000109040
0.0000107680
0.0000102790
0.0000107750
0.0000106600
0.0000108440
0.0000723120
0.0000108310
0.0000110540
0.0000105800
0.0000107540
0.0000107170
0.0000107110
0.0000106420
0.0000106840
0.0000106400
0.0000929230
0.0000111340
0.0000120420
0.0000107760
0.0000111800
0.0000111630
0.0000111820
0.0000109220
0.0000109560
0.0000114210
0.0000707350
0.0000102110
0.0000103860
0.0000101960
0.0000103980
0.0000103140
0.0000097900
0.0000100370
0.0000100460
0.0000107300
0.0000709520
0.0000108160
0.0000104450
0.0000104570
0.0000102980
0.0000103600
0.0000101280
0.0000102710
0.0000102960
0.0000105440
0.0001117590
0.0000126600
0.0000128140
0.0000115950
0.0000126380
0.0000117760
0.0000115870
0.0000119310
0.0000115210
0.0000128510
0.0000893060
0.0000124620
0.0000114470
0.0000108610
0.0000116030
0.0000111580
0.0000104560
0.0000110120
0.0000108130
0.0000110440
0.0000720690
0.0000105730
0.0000108240
0.0000104770
0.0000106820
0.0000106720
0.0000101080
0.0000106030
0.0000106650
0.0000107210
0.0000740080
0.0000106410
0.0000108080
0.0000105660
0.0000105620
0.0000105960
0.0000101380
0.0000105810
0.0000104550
0.0000107480
0.0000744890
0.0000110330
0.0000114500
0.0000109370
0.0000113900
0.0000112420
0.0000105520
0.0000110550
0.0000109610
0.0000114060
0.0000587860
0.0000088300
0.0000088060
0.0000086010
0.0000089220
0.0000088470
0.0000083650
0.0000086770
0.0000088080
0.0000090120
