0.0037600940
0.0024319970
0.0024014480
0.0023999920
0.0024487420
0.0024274400
0.0023694280
0.0023169870
0.0023494590
0.0023218400
0.0044700110
0.0021433260
0.0021393780
0.0021388000
0.0021239970
0.0021166170
0.0020956380
0.0021304010
0.0021286150
0.0015136040
0.0046557410
0.0024793180
0.0015486100
0.0015814350
0.0014879740
0.0014538320
0.0013751190
0.0014011340
0.0013394300
0.0013503440
0.0046250900
0.0019155150
0.0018630060
0.0022889100
0.0022933730
0.0019947130
0.0018290420
0.0022780130
0.0022724690
0.0022283780
0.0038958270
0.0015185880
0.0014092970
0.0013718620
0.0014327670
0.0013208790
0.0014599140
0.0013566110
0.0013510100
0.0013369220
0.0041690080
0.0015616130
0.0014764050
0.0013873750
0.0014183460
0.0014203350
0.0013542670
0.0013447920
0.0013425520
0.0012637050
0.0037248300
0.0013568870
0.0012289290
0.0012013970
0.0012279370
0.0012132180
0.0011811390
0.0011850560
0.0011682930
0.0011855440
0.0037541950
0.0013603110
0.0012333870
0.0012059370
0.0012279030
0.0012195450
0.0012000050
0.0012044890
0.0011811460
0.0011807640
0.0040838620
0.0018833210
0.0020143810
0.0024285500
0.0021882910
0.0022636960
0.0022605200
0.0021309150
0.0023932780
0.0019942150
0.0036061400
0.0014279390
0.0012260350
0.0012176520
0.0012185270
0.0012921550
0.0011976290
0.0012057870
0.0011840410
0.0012043320
0.0049882700
0.0024567940
0.0024214240
0.0024011200
0.0023671880
0.0023677110
0.0020480930
0.0018549140
0.0018432240
0.0018287260
0.0036006950
0.0013479430
0.0012088490
0.0011751780
0.0012106030
0.0011770040
0.0011977550
0.0012171520
0.0011421240
0.0011548400
0.0036566310
0.0013886850
0.0012556910
0.0012155250
0.0012273130
0.0012082480
0.0011917650
0.0012016650
0.0011753100
0.0011848040
0.0038119550
0.0013716290
0.0012524910
0.0012046950
0.0013304660
0.0012341390
0.0012739370
0.0012207080
0.0012028790
0.0011949590
0.0040167030
0.0014290890
0.0013324100
0.0012844670
0.0013207030
0.0012917650
0.0012971090
0.0012801430
0.0012935550
0.0012594090
0.0040144560
0.0014435700
0.0013316370
0.0012784480
0.0013037960
0.0012839580
0.0012691930
0.0012771780
0.0012665180
0.0012672250
0.0039673750
0.0014175130
0.0013094680
0.0012673830
0.0013013350
0.0013157860
0.0012755770
0.0012868120
0.0012685240
0.0012766900
0.0047316520
0.0014242660
0.0013297540
0.0013000160
0.0013328100
0.0013258560
0.0013256870
0.0012929460
0.0013057420
0.0012920090
0.0035249530
0.0013821360
0.0012600830
0.0012202990
0.0012406250
0.0012335960
0.0012187070
0.0012301230
0.0012163000
0.0012123290
0.0036223470
0.0013680060
0.0012298180
0.0011977290
0.0012152590
0.0012135020
0.0011830430
0.0012188020
0.0011983810
0.0011875270
