0.0000317520
0.0000061270
0.0000060880
0.0000057480
0.0000055050
0.0000062190
0.0000054170
0.0000053820
0.0000059380
0.0000055700
0.0000290970
0.0000059220
0.0000057920
0.0000053670
0.0000053440
0.0000058290
0.0000050100
0.0000051970
0.0000054670
0.0000052320
0.0000300490
0.0000059600
0.0000058690
0.0000053750
0.0000053690
0.0000057770
0.0000050090
0.0000052280
0.0000056270
0.0000064680
0.0000303730
0.0000059070
0.0000058230
0.0000053850
0.0000054200
0.0000059170
0.0000050620
0.0000052250
0.0000055080
0.0000052460
0.0000301140
0.0000058240
0.0000059100
0.0000054130
0.0000053970
0.0000058200
0.0000051340
0.0000052620
0.0000055800
0.0000052570
0.0000412260
0.0000061710
0.0000058620
0.0000053620
0.0000054390
0.0000058170
0.0000052020
0.0000053010
0.0000056300
0.0000052640
0.0000317310
0.0000058620
0.0000058020
0.0000053300
0.0000053870
0.0000057540
0.0000049860
0.0000051520
0.0000054730
0.0000051460
0.0000436570
0.0000078000
0.0000078350
0.0000073950
0.0000072270
0.0000078180
0.0000068730
0.0000069580
0.0000075760
0.0000071130
0.0000323710
0.0000066950
0.0000066930
0.0000061330
0.0000060830
0.0000067080
0.0000057630
0.0000059230
0.0000062990
0.0000060210
0.0000347390
0.0000069130
0.0000065870
0.0000063020
0.0000060920
0.0000065340
0.0000058740
0.0000058650
0.0000062930
0.0000060130
0.0000613340
0.0000081060
0.0000074040
0.0000072900
0.0000069320
0.0000080280
0.0000072860
0.0000067150
0.0000075550
0.0000068400
0.0000393090
0.0000069510
0.0000070440
0.0000065110
0.0000063090
0.0000069180
0.0000059240
0.0000065050
0.0000066670
0.0000061460
0.0000471920
0.0000073090
0.0000069930
0.0000064260
0.0000066320
0.0000069660
0.0000061060
0.0000062070
0.0000066420
0.0000062660
0.0000428310
0.0000069550
0.0000075880
0.0000064590
0.0000063200
0.0000068460
0.0000060260
0.0000059990
0.0000064120
0.0000061470
0.0000320330
0.0000068500
0.0000066970
0.0000061280
0.0000061690
0.0000066650
0.0000058430
0.0000058830
0.0000063170
0.0000059600
0.0000410910
0.0000069960
0.0000072550
0.0000065080
0.0000067650
0.0000071810
0.0000061470
0.0000065280
0.0000067820
0.0000065650
0.0000317400
0.0000070480
0.0000067520
0.0000063950
0.0000061770
0.0000068630
0.0000059970
0.0000058820
0.0000064910
0.0000061720
0.0000419880
0.0000076990
0.0000072560
0.0000065430
0.0000063550
0.0000069560
0.0000066150
0.0000065590
0.0000072320
0.0000067250
0.0000363270
0.0000074890
0.0000068460
0.0000063780
0.0000062920
0.0000068740
0.0000059210
0.0000061220
0.0000065460
0.0000061490
0.0000300100
0.0000055020
0.0000054170
0.0000050030
0.0000049830
0.0000053800
0.0000046400
0.0000048270
0.0000051400
0.0000047830
