0.0305243150
0.0170415880
0.0189360150
0.0188302200
0.0187539720
0.0187127170
0.0187847480
0.0189546600
0.0188614660
0.0187811210
0.0430199620
0.0203246970
0.0203121110
0.0202777540
0.0203183360
0.0202980010
0.0203369260
0.0203427230
0.0127004350
0.0127600590
0.0320182200
0.0209453490
0.0208490290
0.0206859040
0.0205908080
0.0204736410
0.0204477000
0.0203562030
0.0203105850
0.0201631020
0.0283677080
0.0115628250
0.0115464790
0.0115338840
0.0114864500
0.0115494480
0.0115362050
0.0114238420
0.0113967040
0.0114597180
0.0308693250
0.0182382350
0.0191571320
0.0165740580
0.0126637750
0.0123859370
0.0119456080
0.0119144550
0.0117730370
0.0117208060
0.0337347330
0.0121699290
0.0120318120
0.0122014820
0.0120199440
0.0119937440
0.0119921730
0.0120190340
0.0115069300
0.0115318870
0.0285911150
0.0115306430
0.0114997290
0.0114243160
0.0114766580
0.0114980160
0.0114194280
0.0114115120
0.0113899370
0.0114427490
0.0296637670
0.0117394380
0.0116495670
0.0116587900
0.0117150860
0.0116785460
0.0115821850
0.0115984920
0.0116620280
0.0119342360
0.0330497250
0.0121817170
0.0121009520
0.0121043740
0.0120653320
0.0122126340
0.0120989230
0.0121590370
0.0120178010
0.0120243250
0.0319605850
0.0122102490
0.0122391090
0.0122020270
0.0121501690
0.0122103010
0.0121537210
0.0121213290
0.0121064420
0.0121564520
0.0441919150
0.0289709910
0.0295622180
0.0287785530
0.0178381310
0.0144211490
0.0139282220
0.0122948950
0.0120163220
0.0120851470
0.0285801460
0.0115507560
0.0114011580
0.0113509180
0.0113546230
0.0113582400
0.0113675340
0.0113536700
0.0146441940
0.0150117130
0.0318354200
0.0153406490
0.0152449510
0.0151907290
0.0179745740
0.0188000180
0.0187514460
0.0187391580
0.0187022490
0.0187505550
0.0325046850
0.0153343520
0.0152937910
0.0152655300
0.0198976990
0.0198977350
0.0199558710
0.0199050140
0.0198909090
0.0199149970
0.0319913270
0.0146497480
0.0152743220
0.0152763610
0.0161890580
0.0200617570
0.0199507070
0.0200976500
0.0198253300
0.0197183410
0.0297498330
0.0116056050
0.0150150240
0.0152226130
0.0152037760
0.0181428100
0.0187965720
0.0187176350
0.0186635080
0.0186593260
0.0297394570
0.0142377010
0.0151197960
0.0150176500
0.0162798940
0.0195787370
0.0195305630
0.0194474450
0.0194960410
0.0194215310
0.0309107130
0.0119777240
0.0137337340
0.0154564720
0.0155363440
0.0173701500
0.0240111070
0.0210774180
0.0220223800
0.0209085280
0.0300519190
0.0153154040
0.0152326670
0.0171622210
0.0187856920
0.0187433730
0.0187630230
0.0188127370
0.0187642600
0.0187988760
0.0367773710
0.0158474450
0.0170403220
0.0207194970
0.0262623450
0.0203993830
0.0200499680
0.0200915030
0.0208692290
0.0201594440
