0.0000587080
0.0000588480
0.0000583820
0.0000581630
0.0000586690
0.0000587490
0.0000583490
0.0000834570
0.0000583600
0.0000582370
0.0000584900
0.0000585140
0.0000582980
0.0000858680
0.0000582700
0.0000585890
0.0000583500
0.0000582300
0.0000853380
0.0000583000
0.0000585430
0.0000586990
0.0000585870
0.0000586210
0.0000587410
0.0000584870
0.0000584800
0.0000582910
0.0000583010
0.0000583210
0.0000586500
0.0000603480
0.0000551170
0.0000581020
0.0001125430
0.0000582610
0.0000557250
0.0000583260
0.0000583550
0.0000580640
0.0000582450
0.0000550740
0.0000582770
0.0000586100
0.0000578530
0.0000550380
0.0000579360
0.0000583990
0.0000579190
0.0000578950
0.0000578730
0.0000579940
0.0000552890
0.0000580780
