0.0000584230
0.0000584400
0.0000580420
0.0000585220
0.0000584610
0.0000584650
0.0000587850
0.0000589890
0.0000593490
0.0000573890
0.0000588620
0.0000586680
0.0000585570
0.0000585740
0.0000581870
0.0000581780
0.0000580610
0.0000580280
0.0000260010
0.0000583960
0.0000581930
0.0000581970
0.0000580660
0.0000581470
0.0000581920
0.0000580650
0.0000582260
0.0000582200
0.0000583230
0.0000581990
0.0000581780
0.0000583430
0.0000582160
0.0000584430
0.0000581270
0.0000585440
0.0000582800
0.0000584660
0.0000584510
0.0000582570
0.0000582450
0.0000584120
0.0000581910
0.0000581900
0.0000583730
0.0000583080
0.0000578890
0.0000325660
0.0000579160
0.0000583610
0.0000580480
0.0000583050
0.0000580930
0.0000579530
