0.0000586210
0.0004590010
0.0004487400
0.0004439330
0.0004534080
0.0004536210
0.0004417260
0.0004602930
0.0004544390
0.0004537200
0.0004766420
0.0004518240
0.0004438200
0.0004538480
0.0004538500
0.0004353510
0.0004634110
0.0004420860
0.0004533710
0.0004542860
0.0004536200
0.0004358430
0.0004649040
0.0004344740
0.0004254440
0.0004298320
0.0004502810
0.0004504140
0.0004534320
0.0004507460
0.0004503830
0.0004538200
0.0004604590
0.0004361920
0.0004242910
0.0004320710
0.0004506860
0.0004501030
0.0004547940
0.0004536620
0.0004276890
0.0004550670
0.0004548250
0.0004587910
0.0004267690
0.0004642300
0.0004612890
0.0004509470
0.0004545050
0.0004512990
0.0000584510
0.0000552110
0.0004738420
0.0000583170
