0.0000580760
0.0000582200
0.0000582160
0.0000581510
0.0000581690
0.0000584420
0.0000129510
0.0000579500
0.0000580900
0.0000583250
0.0000580750
0.0000582260
0.0000580120
0.0000580100
0.0000579900
0.0000585180
0.0000581550
0.0000581200
0.0000579470
0.0000580410
0.0000579650
0.0000581000
0.0000596900
0.0000582320
0.0000582800
0.0000583050
0.0000581630
0.0000582630
0.0000584610
0.0000583590
0.0000582220
0.0000582910
0.0000582950
0.0000582520
0.0000582440
0.0000583170
0.0000582600
0.0000584000
0.0000582350
0.0000581780
0.0000583110
0.0000582570
0.0000582920
0.0000580420
0.0000582940
