0.0000581670
0.0000585090
0.0000585460
0.0000582390
0.0000582470
0.0000583290
0.0000583930
0.0000582250
0.0000582850
0.0000586810
0.0000581160
0.0000581750
0.0000582850
0.0000580640
0.0000278720
0.0000585970
0.0000582530
0.0000584600
0.0000733610
0.0000589320
0.0000579770
0.0000580670
0.0000584050
0.0000580220
0.0000581210
0.0000584100
0.0000580690
0.0000584360
0.0000581460
0.0000580420
0.0000582970
0.0004027590
0.0000584400
0.0000550870
0.0000580800
0.0000580890
0.0000581290
0.0000585150
0.0000581500
0.0000551430
0.0000581070
0.0000585110
0.0000583590
0.0000583110
0.0000586400
0.0000583120
0.0000582870
0.0000584900
0.0000582390
0.0000583210
0.0000581600
0.0000580040
0.0000580910
0.0000579300
