0.0000024280
0.0000018620
0.0000016650
0.0000016970
0.0000015870
0.0000014520
0.0000014800
0.0000015250
0.0000014620
0.0000015130
0.0000032700
0.0000026790
0.0000018110
0.0000017340
0.0000017380
0.0000015300
0.0000015360
0.0000016300
0.0000015010
0.0000015530
0.0000031780
0.0000028360
0.0000017030
0.0000017300
0.0000016360
0.0000015250
0.0000015110
0.0000015460
0.0000014890
0.0000015210
0.0000032090
0.0000019980
0.0000018690
0.0000017590
0.0000017870
0.0000016790
0.0000015960
0.0000017440
0.0000016010
0.0000015450
0.0000031850
0.0000027900
0.0000026050
0.0000017770
0.0000016290
0.0000015020
0.0000015210
0.0000015910
0.0000014900
0.0000015580
0.0000028010
0.0000020660
0.0000021750
0.0000019930
0.0000017040
0.0000015450
0.0000015460
0.0000016370
0.0000015590
0.0000015520
0.0000037130
0.0000029900
0.0000021350
0.0000021240
0.0000020540
0.0000019530
0.0000019300
0.0000019130
0.0000018100
0.0000018640
0.0000034660
0.0000022870
0.0000019980
0.0000020630
0.0000019580
0.0000018140
0.0000018380
0.0000018590
0.0000017890
0.0000018950
0.0000032470
0.0000022140
0.0000017220
0.0000016720
0.0000016630
0.0000015740
0.0000014920
0.0000015160
0.0000014190
0.0000015070
0.0000025760
0.0000021350
0.0000018130
0.0000018330
0.0000017210
0.0000015650
0.0000015560
0.0000016060
0.0000015390
0.0000015520
0.0000039720
0.0000027090
0.0000017470
0.0000018050
0.0000016850
0.0000016070
0.0000016190
0.0000016690
0.0000015260
0.0000015820
0.0000029380
0.0000024580
0.0000021470
0.0000019870
0.0000019930
0.0000018980
0.0000018800
0.0000019660
0.0000017960
0.0000017410
0.0000028150
0.0000021910
0.0000018790
0.0000019310
0.0000018740
0.0000017300
0.0000016890
0.0000017290
0.0000016220
0.0000017100
0.0000035440
0.0000021810
0.0000020090
0.0000018220
0.0000018650
0.0000016900
0.0000016680
0.0000017600
0.0000015500
0.0000017050
0.0000040500
0.0000024520
0.0000020760
0.0000020080
0.0000020870
0.0000019060
0.0000017890
0.0000018410
0.0000017480
0.0000018460
0.0000031510
0.0000026410
0.0000016480
0.0000016940
0.0000015680
0.0000014690
0.0000015000
0.0000015220
0.0000013790
0.0000015000
0.0000031630
0.0000027220
0.0000017210
0.0000016710
0.0000016490
0.0000015090
0.0000014820
0.0000015500
0.0000014380
0.0000014760
0.0000034040
0.0000028840
0.0000017910
0.0000018290
0.0000017150
0.0000015930
0.0000016390
0.0000016580
0.0000015600
0.0000016260
0.0000030840
0.0000027240
0.0000025730
0.0000017140
0.0000016390
0.0000014710
0.0000015170
0.0000015350
0.0000014430
0.0000015110
0.0000027770
0.0000021400
0.0000017930
0.0000017830
0.0000017950
0.0000016020
0.0000015300
0.0000016310
0.0000014810
0.0000016020
