0.0000013950
0.0000008160
0.0000007730
0.0000008970
0.0000008230
0.0000007820
0.0000006890
0.0000006380
0.0000005610
0.0000007370
0.0000015980
0.0000013380
0.0000012490
0.0000013690
0.0000009070
0.0000007720
0.0000005950
0.0000005830
0.0000005420
0.0000007340
0.0000016290
0.0000013040
0.0000012550
0.0000013660
0.0000007800
0.0000007450
0.0000009170
0.0000006070
0.0000005430
0.0000007450
0.0000014190
0.0000008270
0.0000007650
0.0000009600
0.0000008260
0.0000008160
0.0000006480
0.0000006250
0.0000006280
0.0000007650
0.0000015540
0.0000007900
0.0000007800
0.0000010020
0.0000008220
0.0000007310
0.0000005710
0.0000005760
0.0000005570
0.0000007610
0.0000016000
0.0000013070
0.0000012940
0.0000014150
0.0000012500
0.0000011900
0.0000006010
0.0000005800
0.0000005420
0.0000007200
0.0000014720
0.0000010180
0.0000009520
0.0000011000
0.0000009850
0.0000009950
0.0000007270
0.0000012300
0.0000007170
0.0000009330
0.0000017680
0.0000014440
0.0000013770
0.0000015790
0.0000008990
0.0000009570
0.0000006660
0.0000006590
0.0000006690
0.0000008420
0.0000016610
0.0000010900
0.0000009770
0.0000011290
0.0000009840
0.0000009560
0.0000007010
0.0000011820
0.0000006550
0.0000009180
0.0000017040
0.0000010060
0.0000009410
0.0000011170
0.0000009850
0.0000009970
0.0000007790
0.0000008340
0.0000007300
0.0000008820
0.0000015900
0.0000009780
0.0000009360
0.0000010890
0.0000009280
0.0000009220
0.0000007550
0.0000007170
0.0000006630
0.0000008660
0.0000018250
0.0000013220
0.0000009470
0.0000010980
0.0000010110
0.0000009440
0.0000008050
0.0000007690
0.0000007000
0.0000008920
0.0000019170
0.0000009120
0.0000008520
0.0000010480
0.0000009290
0.0000009000
0.0000007210
0.0000006760
0.0000006250
0.0000008500
0.0000017390
0.0000010360
0.0000009360
0.0000011100
0.0000010260
0.0000009790
0.0000007950
0.0000009090
0.0000007290
0.0000009050
0.0000016860
0.0000010080
0.0000008920
0.0000011160
0.0000010340
0.0000009850
0.0000007630
0.0000007330
0.0000007250
0.0000009030
0.0000014890
0.0000009370
0.0000009380
0.0000011090
0.0000009950
0.0000009600
0.0000007900
0.0000006800
0.0000006900
0.0000009360
0.0000016990
0.0000010460
0.0000009310
0.0000010830
0.0000010000
0.0000009870
0.0000008230
0.0000007600
0.0000007340
0.0000009180
0.0000015380
0.0000010250
0.0000009030
0.0000010080
0.0000009140
0.0000009070
0.0000007420
0.0000006810
0.0000006400
0.0000008950
0.0000017910
0.0000014680
0.0000014610
0.0000016330
0.0000009230
0.0000009190
0.0000006960
0.0000007210
0.0000006410
0.0000008540
0.0000028220
0.0000010710
0.0000009750
0.0000012770
0.0000009620
0.0000009580
0.0000008720
0.0000007960
0.0000007210
0.0000009050
