0.0000381170
0.0000058810
0.0000058780
0.0000054560
0.0000054770
0.0000059930
0.0000050490
0.0000052620
0.0000055540
0.0000052220
0.0000341580
0.0000063800
0.0000062870
0.0000055240
0.0000054200
0.0000059080
0.0000053840
0.0000052490
0.0000056070
0.0000052420
0.0000320410
0.0000060650
0.0000059630
0.0000054380
0.0000054710
0.0000063410
0.0000052470
0.0000054010
0.0000056510
0.0000052360
0.0000320980
0.0000058160
0.0000058670
0.0000053220
0.0000053460
0.0000058910
0.0000050000
0.0000051700
0.0000055290
0.0000052710
0.0000326070
0.0000058700
0.0000062380
0.0000059160
0.0000054220
0.0000058140
0.0000055480
0.0000051680
0.0000057370
0.0000052800
0.0000542930
0.0000076440
0.0000058910
0.0000054870
0.0000054280
0.0000058160
0.0000055210
0.0000052640
0.0000055090
0.0000054270
0.0000344650
0.0000059330
0.0000058260
0.0000054120
0.0000054010
0.0000058450
0.0000050220
0.0000052230
0.0000055070
0.0000051860
0.0000331740
0.0000065910
0.0000065170
0.0000061530
0.0000061600
0.0000065260
0.0000058410
0.0000059410
0.0000062260
0.0000059480
0.0000342620
0.0000067380
0.0000067300
0.0000061160
0.0000061350
0.0000066640
0.0000058480
0.0000059400
0.0000063150
0.0000059390
0.0000498210
0.0000071790
0.0000072930
0.0000064220
0.0000069210
0.0000072150
0.0000060810
0.0000066280
0.0000070540
0.0000066090
0.0000353260
0.0000071300
0.0000067460
0.0000065910
0.0000061180
0.0000069390
0.0000063360
0.0000059720
0.0000066230
0.0000063590
0.0000494890
0.0000076830
0.0000068380
0.0000062570
0.0000062820
0.0000068300
0.0000059380
0.0000060680
0.0000064950
0.0000061240
0.0000425240
0.0000070590
0.0000067910
0.0000065060
0.0000065170
0.0000068840
0.0000061750
0.0000063250
0.0000064710
0.0000062300
0.0000423320
0.0000077990
0.0000073420
0.0000064980
0.0000068560
0.0000072180
0.0000063700
0.0000068870
0.0000071250
0.0000070630
0.0000324000
0.0000066640
0.0000066380
0.0000061580
0.0000061200
0.0000065780
0.0000057310
0.0000058560
0.0000062770
0.0000060060
0.0000357380
0.0000068460
0.0000068300
0.0000061160
0.0000062550
0.0000067810
0.0000057440
0.0000060940
0.0000064220
0.0000061220
0.0000358740
0.0000071680
0.0000069610
0.0000065830
0.0000064370
0.0000069020
0.0000058310
0.0000060910
0.0000064870
0.0000061220
0.0000394020
0.0000077190
0.0000071920
0.0000067120
0.0000067190
0.0000071960
0.0000064990
0.0000063060
0.0000069530
0.0000065340
0.0000488440
0.0000075520
0.0000070670
0.0000066230
0.0000066510
0.0000071770
0.0000062700
0.0000065050
0.0000066550
0.0000064620
0.0000289230
0.0000055160
0.0000054790
0.0000050200
0.0000050520
0.0000055020
0.0000047230
0.0000048060
0.0000051790
0.0000048590
