0.0011433120
0.0002382640
0.0002334740
0.0002104470
0.0002134890
0.0002086560
0.0002057130
0.0002079520
0.0002042180
0.0002074010
0.0011203940
0.0002373980
0.0002204890
0.0001999930
0.0002054790
0.0002014330
0.0001992570
0.0002004360
0.0002029550
0.0002027650
0.0010778960
0.0002177580
0.0002156110
0.0001984710
0.0002082440
0.0002014070
0.0002054740
0.0002037300
0.0002006700
0.0002032080
0.0011260540
0.0002243840
0.0002245770
0.0001995060
0.0002037270
0.0001992300
0.0002016880
0.0001992050
0.0002006490
0.0002024100
0.0011618080
0.0002444560
0.0002391460
0.0002136480
0.0002247210
0.0002313900
0.0002277250
0.0002269920
0.0002234140
0.0002219680
0.0019069220
0.0011733950
0.0012254750
0.0011600760
0.0011345740
0.0010716490
0.0010112370
0.0009970440
0.0009691400
0.0009393810
0.0021229040
0.0014220840
0.0013010980
0.0011468430
0.0011078750
0.0010663460
0.0009781180
0.0009476260
0.0008901580
0.0008126040
0.0012265250
0.0002525730
0.0002474020
0.0002224920
0.0002390670
0.0002346230
0.0002499370
0.0002399430
0.0002380410
0.0002416960
0.0011677620
0.0002424180
0.0002411910
0.0002192280
0.0002261410
0.0002363210
0.0002279990
0.0002381820
0.0002306030
0.0002289330
0.0015115270
0.0006945800
0.0005959240
0.0005510950
0.0004171410
0.0004520990
0.0004296380
0.0004229630
0.0003891420
0.0003718780
0.0015636930
0.0007388850
0.0006097170
0.0004825950
0.0005039750
0.0004661320
0.0004408300
0.0004266380
0.0004126470
0.0003895770
0.0012297500
0.0002508720
0.0002538970
0.0002572350
0.0002496060
0.0002444580
0.0002471010
0.0002494920
0.0002530010
0.0002504030
0.0015901470
0.0006892500
0.0005481420
0.0005287830
0.0004678810
0.0004481830
0.0004116240
0.0004243860
0.0004061160
0.0003966720
0.0013115200
0.0004323690
0.0003569360
0.0003190910
0.0002994290
0.0002982470
0.0002898730
0.0002889000
0.0002907460
0.0002918400
0.0012791570
0.0005347670
0.0004273890
0.0004519030
0.0004492860
0.0005014830
0.0004877080
0.0004759450
0.0004680730
0.0004673000
0.0012514240
0.0002543150
0.0002502550
0.0002388920
0.0002406690
0.0002471880
0.0002531600
0.0002458690
0.0002626080
0.0002506910
0.0012813320
0.0002927550
0.0002995930
0.0002641040
0.0002788030
0.0002728780
0.0002639550
0.0002518940
0.0002522630
0.0002749170
0.0012509730
0.0002603250
0.0002585500
0.0002486430
0.0002497780
0.0002478950
0.0002566690
0.0002615950
0.0002517440
0.0002450260
0.0012462990
0.0002498460
0.0002466850
0.0002703720
0.0002662720
0.0002616600
0.0002590210
0.0002663500
0.0002377170
0.0002443220
0.0012410640
0.0002449510
0.0002409070
0.0002279450
0.0002390080
0.0002307720
0.0002320990
0.0002320700
0.0002322620
0.0002332230
