0.0000043830
0.0000036340
0.0000031890
0.0000033400
0.0000032490
0.0000029900
0.0000029590
0.0000029610
0.0000028940
0.0000030270
0.0000046710
0.0000041400
0.0000025520
0.0000025080
0.0000021840
0.0000020830
0.0000020260
0.0000021100
0.0000020230
0.0000020710
0.0000044780
0.0000024990
0.0000023330
0.0000023630
0.0000022840
0.0000020820
0.0000021860
0.0000021020
0.0000020050
0.0000020890
0.0000034090
0.0000027130
0.0000024360
0.0000024310
0.0000023340
0.0000021690
0.0000023720
0.0000030410
0.0000024040
0.0000021550
0.0000045620
0.0000026200
0.0000025180
0.0000024980
0.0000023030
0.0000021550
0.0000021150
0.0000021740
0.0000021220
0.0000022190
0.0000037690
0.0000027750
0.0000024890
0.0000025340
0.0000022940
0.0000021780
0.0000023050
0.0000022330
0.0000022010
0.0000026330
0.0000044430
0.0000039770
0.0000023300
0.0000022660
0.0000022610
0.0000020410
0.0000020100
0.0000020860
0.0000019800
0.0000020710
0.0000039550
0.0000034880
0.0000024030
0.0000023500
0.0000022340
0.0000020790
0.0000020690
0.0000021510
0.0000020770
0.0000020770
0.0000044200
0.0000025900
0.0000024320
0.0000023620
0.0000027110
0.0000021370
0.0000021090
0.0000021230
0.0000019820
0.0000020320
0.0000046040
0.0000025330
0.0000023530
0.0000023790
0.0000022490
0.0000020970
0.0000020940
0.0000021410
0.0000020790
0.0000021140
0.0000043410
0.0000033900
0.0000030290
0.0000031210
0.0000029110
0.0000027130
0.0000027500
0.0000029110
0.0000026450
0.0000027220
0.0000029300
0.0000023200
0.0000020960
0.0000021670
0.0000019840
0.0000018630
0.0000018490
0.0000019670
0.0000018290
0.0000019010
0.0000036770
0.0000027500
0.0000026540
0.0000025420
0.0000022930
0.0000021050
0.0000020940
0.0000021850
0.0000020040
0.0000020690
0.0000044500
0.0000040240
0.0000037960
0.0000037450
0.0000037170
0.0000035890
0.0000019970
0.0000020830
0.0000019560
0.0000020110
0.0000045740
0.0000040690
0.0000025730
0.0000023050
0.0000022900
0.0000020250
0.0000020750
0.0000021330
0.0000019970
0.0000020490
0.0000044030
0.0000039480
0.0000022640
0.0000022960
0.0000021640
0.0000019780
0.0000019970
0.0000020500
0.0000019190
0.0000020170
0.0000053940
0.0000034670
0.0000034110
0.0000032370
0.0000033340
0.0000029680
0.0000029330
0.0000029980
0.0000028630
0.0000030130
0.0000047160
0.0000041880
0.0000034620
0.0000024380
0.0000022430
0.0000021020
0.0000021830
0.0000021930
0.0000020530
0.0000021730
0.0000048490
0.0000041820
0.0000039240
0.0000038590
0.0000038290
0.0000020760
0.0000021860
0.0000021020
0.0000020510
0.0000021420
0.0000033380
0.0000026800
0.0000027600
0.0000024650
0.0000024010
0.0000021800
0.0000021520
0.0000021940
0.0000020990
0.0000021570
