0.0000377180
0.0000063190
0.0000057020
0.0000055620
0.0000059480
0.0000053530
0.0000054150
0.0000054250
0.0000053510
0.0000051980
0.0000374610
0.0000070060
0.0000058520
0.0000060560
0.0000064980
0.0000058570
0.0000063860
0.0000059020
0.0000062420
0.0000061970
0.0000295660
0.0000068520
0.0000060290
0.0000062010
0.0000064970
0.0000059130
0.0000059480
0.0000058160
0.0000056740
0.0000056160
0.0000292120
0.0000074950
0.0000068830
0.0000069050
0.0000070200
0.0000066170
0.0000066170
0.0000066540
0.0000065350
0.0000064850
0.0000265640
0.0000064960
0.0000055140
0.0000056070
0.0000060750
0.0000054640
0.0000056170
0.0000056430
0.0000055300
0.0000052930
0.0000364790
0.0000067470
0.0000055640
0.0000060560
0.0000065090
0.0000062090
0.0000056590
0.0000063220
0.0000055190
0.0000055810
0.0000266900
0.0000065670
0.0000055560
0.0000055980
0.0000065920
0.0000061740
0.0000057450
0.0000056940
0.0000058450
0.0000053490
0.0000297390
0.0000074150
0.0000063510
0.0000062900
0.0000067410
0.0000061770
0.0000062160
0.0000061180
0.0000060220
0.0000058360
0.0000398200
0.0000070470
0.0000060860
0.0000061310
0.0000118060
0.0000060860
0.0000061390
0.0000060410
0.0000060090
0.0000058700
0.0000253520
0.0000061400
0.0000052900
0.0000052990
0.0000058300
0.0000053830
0.0000053840
0.0000053080
0.0000052250
0.0000051220
0.0000258460
0.0000065920
0.0000056150
0.0000056730
0.0000062820
0.0000056790
0.0000056940
0.0000057080
0.0000055710
0.0000054030
0.0000295150
0.0000068910
0.0000059250
0.0000065760
0.0000065410
0.0000059400
0.0000059540
0.0000059000
0.0000058860
0.0000056300
0.0000264200
0.0000065870
0.0000055900
0.0000058610
0.0000062410
0.0000056660
0.0000056980
0.0000057230
0.0000055580
0.0000054990
0.0000249970
0.0000058940
0.0000050290
0.0000051340
0.0000055980
0.0000051170
0.0000050510
0.0000050760
0.0000050290
0.0000048830
0.0000227060
0.0000058160
0.0000049710
0.0000050870
0.0000055610
0.0000050770
0.0000050580
0.0000051000
0.0000050570
0.0000048570
0.0000259540
0.0000062310
0.0000052810
0.0000053930
0.0000059390
0.0000053690
0.0000053560
0.0000054260
0.0000053240
0.0000051620
0.0000261810
0.0000067600
0.0000057390
0.0000058470
0.0000064000
0.0000057470
0.0000058160
0.0000057180
0.0000057680
0.0000055340
0.0000279960
0.0000067350
0.0000058230
0.0000058360
0.0000063960
0.0000057410
0.0000058360
0.0000057300
0.0000057050
0.0000054790
0.0000270170
0.0000064640
0.0000055590
0.0000056620
0.0000061820
0.0000056310
0.0000056760
0.0000056630
0.0000055210
0.0000054320
0.0000260490
0.0000062170
0.0000054180
0.0000053820
0.0000058820
0.0000054430
0.0000053890
0.0000053980
0.0000052500
0.0000050890
