0.0415335340
0.0215830960
0.0226636400
0.0313893170
0.0313931280
0.0341205840
0.0355735390
0.0543036640
0.0499303530
0.0531751690
0.0360062010
0.0181481190
0.0225851440
0.0227223980
0.0227909590
0.0226475500
0.0164786620
0.0139936730
0.0138067630
0.0144050340
0.0441876480
0.0131574520
0.0131377790
0.0201378440
0.0141138040
0.0134310070
0.0135501930
0.0132870350
0.0132739280
0.0142906640
0.0412330120
0.0145766400
0.0145931830
0.0145192430
0.0156938590
0.0155121950
0.0157208500
0.0157593420
0.0152666730
0.0139234870
0.0378988420
0.0140050770
0.0175256230
0.0181282790
0.0231277080
0.0231759990
0.0230313740
0.0231188410
0.0166576270
0.0149674520
0.0401629020
0.0177693120
0.0183624910
0.0279353610
0.0364193420
0.0430652970
0.0434091700
0.0379987790
0.0334619760
0.0207599810
0.0415279430
0.0147246070
0.0147860590
0.0146881520
0.0147059420
0.0146564210
0.0146412770
0.0146840220
0.0148387640
0.0146270570
0.0531413220
0.0157019220
0.0149465080
0.0148745560
0.0147180470
0.0148567230
0.0148426790
0.0177065610
0.0180035920
0.0179432530
0.0403790170
0.0146113900
0.0145881840
0.0146620360
0.0147108630
0.0151282160
0.0228210910
0.0159383810
0.0152605390
0.0152380260
0.0411396660
0.0146085180
0.0145776480
0.0202962060
0.0148486880
0.0148497990
0.0146975690
0.0147597680
0.0147223480
0.0146213810
0.0498381160
0.0322267350
0.0323980360
0.0386263360
0.0423655850
0.0423975190
0.0324158130
0.0325081530
0.0325324280
0.0230726340
0.0522925470
0.0153589090
0.0149652380
0.0150606280
0.0144124070
0.0143204870
0.0142087880
0.0143004500
0.0176490800
0.0175220470
0.0400890180
0.0141399550
0.0141186090
0.0142943690
0.0142311810
0.0142055150
0.0140861250
0.0141873650
0.0141621760
0.0140574660
0.0400761940
0.0154434280
0.0223599370
0.0152155300
0.0146501960
0.0146436050
0.0144658070
0.0143237220
0.0142549170
0.0149084940
0.0721164720
0.0337932650
0.0238311630
0.0293624310
0.0164490910
0.0146947120
0.0155343730
0.0226620520
0.0150603340
0.0146952770
0.0485703770
0.0152907760
0.0149403590
0.0169160590
0.0231112830
0.0210387640
0.0208461750
0.0153720460
0.0149042920
0.0148546910
0.0409424640
0.0144616170
0.0146394750
0.0146740110
0.0146628700
0.0146497340
0.0145681900
0.0144759780
0.0146665020
0.0144730210
0.0464521370
0.0223156710
0.0149205870
0.0149901880
0.0149271420
0.0144731360
0.0142862060
0.0143210510
0.0142522700
0.0142310210
0.0381324820
0.0139910270
0.0137020760
0.0138370700
0.0138129060
0.0138511030
0.0138794100
0.0139294510
0.0136771470
0.0136271980
0.0377259590
0.0143985360
0.0146696240
0.0141755340
0.0140553210
0.0140046420
0.0139513920
0.0139219400
0.0140377010
0.0139354820
