0.0206415940
0.0064645920
0.0063985100
0.0065088830
0.0065470950
0.0064636250
0.0065558970
0.0064414710
0.0064632950
0.0065556770
0.0181981800
0.0068507460
0.0067811300
0.0067678580
0.0072351900
0.0085956060
0.0111392930
0.0112506910
0.0111945400
0.0111413050
0.0179383450
0.0067317570
0.0067620000
0.0067566930
0.0066995230
0.0066763730
0.0066748460
0.0067068050
0.0066368450
0.0066187220
0.0180649280
0.0069235180
0.0068949130
0.0068951350
0.0068603060
0.0068507900
0.0067861500
0.0068476130
0.0068446510
0.0067897050
0.0180284260
0.0068074610
0.0067816120
0.0068204730
0.0067472140
0.0067657860
0.0066821980
0.0067421280
0.0067634320
0.0066761180
0.0315270780
0.0304759960
0.0239830220
0.0308251480
0.0254246730
0.0356694650
0.0227304810
0.0221222340
0.0188291990
0.0240359570
0.0285138690
0.0122452490
0.0078405370
0.0075842090
0.0073496750
0.0087238660
0.0087460340
0.0088706520
0.0102289600
0.0109971870
0.0348096190
0.0244510700
0.0280923540
0.0260127040
0.0221521900
0.0164631650
0.0180980570
0.0115304120
0.0126440230
0.0108193600
0.0246261070
0.0077485430
0.0073615420
0.0112999120
0.0080887570
0.0075515280
0.0071981180
0.0077261440
0.0150736860
0.0190529930
0.0208229830
0.0078951590
0.0077862410
0.0073131110
0.0071323210
0.0071520730
0.0070477610
0.0071335790
0.0070989120
0.0090599200
0.0206372310
0.0070656860
0.0070295000
0.0069907610
0.0069967280
0.0070093340
0.0069169070
0.0069868880
0.0069527910
0.0074615410
0.0249235540
0.0123847390
0.0123239130
0.0168216220
0.0135418580
0.0133686860
0.0126048600
0.0125874500
0.0084222630
0.0076743260
0.0315927020
0.0215689200
0.0217399090
0.0268526330
0.0205254210
0.0190805990
0.0230878470
0.0225394290
0.0231822310
0.0128793910
0.0200856850
0.0069362730
0.0068989540
0.0069299750
0.0069398550
0.0069313300
0.0069116560
0.0069370820
0.0069332700
0.0068748060
0.0250881190
0.0107419820
0.0125878500
0.0107441080
0.0125701150
0.0107588210
0.0125607760
0.0105266520
0.0081373330
0.0078758640
0.0222445590
0.0122613670
0.0107014270
0.0123390470
0.0108336990
0.0123057730
0.0108902960
0.0121220280
0.0110113490
0.0119761950
0.0211990590
0.0071846220
0.0071243250
0.0070752650
0.0070857600
0.0070757550
0.0070164210
0.0071284900
0.0070972550
0.0070236940
0.0203556940
0.0071821930
0.0083296130
0.0075016270
0.0073912990
0.0071744040
0.0070945850
0.0070980870
0.0071512100
0.0081167010
0.0212754870
0.0088335240
0.0134729740
0.0149276360
0.0121780070
0.0118378620
0.0116678640
0.0079732760
0.0074322220
0.0072486840
0.0236206500
0.0104863840
0.0124028900
0.0104794330
0.0077611620
0.0077223550
0.0074012410
0.0070147590
0.0070675640
0.0070097960
