0.0039612820
0.0028716750
0.0028395310
0.0028015440
0.0026344550
0.0026196140
0.0025615780
0.0022827490
0.0025178270
0.0024760590
0.0027720540
0.0013956100
0.0011621600
0.0011447700
0.0010625000
0.0010572110
0.0012194880
0.0012179460
0.0011961120
0.0011940160
0.0022264210
0.0006885910
0.0006286780
0.0006279860
0.0005954390
0.0005847080
0.0005932170
0.0005823350
0.0005748570
0.0005639590
0.0028833900
0.0015344630
0.0015032420
0.0015364250
0.0016834980
0.0016807690
0.0016399280
0.0017867710
0.0019208390
0.0019200070
0.0022294170
0.0007424110
0.0006632790
0.0006786260
0.0006362460
0.0006307840
0.0006285010
0.0006201240
0.0006058550
0.0006000510
0.0021970840
0.0007347800
0.0006588210
0.0006674410
0.0006354170
0.0006148100
0.0006238860
0.0006239720
0.0006113380
0.0005980670
0.0023149030
0.0007481000
0.0006639550
0.0006626750
0.0006191230
0.0006276330
0.0006149650
0.0006262840
0.0006086950
0.0005911010
0.0036909700
0.0017743000
0.0016250500
0.0015098240
0.0012468800
0.0012506610
0.0013811000
0.0014301120
0.0012916200
0.0011439130
0.0025428850
0.0007429210
0.0006706750
0.0006820540
0.0006486730
0.0006433620
0.0006798010
0.0007664200
0.0007535770
0.0007524250
0.0027473260
0.0012016420
0.0011027690
0.0011416480
0.0011209130
0.0012421950
0.0012167250
0.0012065350
0.0012010510
0.0011828030
0.0025780290
0.0008174810
0.0007480270
0.0007376370
0.0007068810
0.0007125130
0.0006975470
0.0007106160
0.0006788450
0.0006779650
0.0026864000
0.0008050270
0.0007339210
0.0007243990
0.0006975220
0.0006886420
0.0006825800
0.0006981140
0.0007107780
0.0006845320
0.0026299380
0.0008734140
0.0007637870
0.0008318240
0.0007602800
0.0007469150
0.0007461190
0.0007485370
0.0007295470
0.0006933240
0.0027446800
0.0012359140
0.0011418240
0.0012312400
0.0012746300
0.0012436390
0.0012465590
0.0012336760
0.0012240240
0.0012049610
0.0031249230
0.0015189370
0.0012731940
0.0011852910
0.0012682100
0.0013033310
0.0012786400
0.0010574900
0.0010306950
0.0012375100
0.0036730470
0.0016989430
0.0016586770
0.0016714370
0.0020079690
0.0020114400
0.0019666040
0.0019552640
0.0019465440
0.0016232750
0.0022362370
0.0006456180
0.0006351750
0.0006206820
0.0005850520
0.0006551750
0.0005949360
0.0005818680
0.0005740680
0.0005774130
