0.0001036020
0.0000216450
0.0000217340
0.0000218300
0.0000213260
0.0000214910
0.0000218180
0.0000215540
0.0000216460
0.0000218620
0.0000956020
0.0000184810
0.0000184300
0.0000183900
0.0000179300
0.0000181380
0.0000182220
0.0000181370
0.0000303780
0.0000187080
0.0001312140
0.0000227480
0.0000214140
0.0000217330
0.0000207000
0.0000207780
0.0000211190
0.0000210010
0.0000207760
0.0000209970
0.0001469930
0.0000227640
0.0000211830
0.0000210180
0.0000208260
0.0000204730
0.0000204850
0.0000205120
0.0000206100
0.0000208890
0.0001319250
0.0000251870
0.0000228750
0.0000213270
0.0000214560
0.0000208050
0.0000212770
0.0000227340
0.0000214990
0.0000214140
0.0001267720
0.0000228580
0.0000224350
0.0000227230
0.0000223410
0.0000223560
0.0000222930
0.0000224720
0.0000223530
0.0000223790
0.0001241120
0.0000214950
0.0000200210
0.0000204830
0.0000206220
0.0000200770
0.0000205610
0.0000207750
0.0000202660
0.0000203930
0.0000989670
0.0000199160
0.0000195660
0.0000196410
0.0000192110
0.0000193560
0.0000193980
0.0000194140
0.0000192660
0.0000194010
0.0001386530
0.0000257990
0.0000235080
0.0000234800
0.0000226260
0.0000231710
0.0000231730
0.0000231340
0.0000229140
0.0000224880
0.0001608900
0.0000227020
0.0000208800
0.0000206760
0.0000205150
0.0000206730
0.0000208870
0.0000205750
0.0000206340
0.0000206320
0.0001125300
0.0000206280
0.0000206280
0.0000202400
0.0000200640
0.0000201120
0.0000200780
0.0000202100
0.0000201840
0.0000201080
0.0001056360
0.0000207960
0.0000203710
0.0000204500
0.0000201200
0.0000202260
0.0000201380
0.0000202490
0.0000202110
0.0000202810
0.0001326100
0.0000229360
0.0000192680
0.0000191430
0.0000242380
0.0000197950
0.0000192260
0.0000189580
0.0000193000
0.0000193210
0.0001200770
0.0000223000
0.0000215170
0.0000212430
0.0000208860
0.0000209330
0.0000210290
0.0000213520
0.0000211970
0.0000206960
0.0001803610
0.0000326590
0.0000317330
0.0000316500
0.0000302290
0.0000311010
0.0000303750
0.0000308220
0.0000316700
0.0000294310
0.0001438050
0.0000253480
0.0000213350
0.0000216760
0.0000210280
0.0000210160
0.0000208980
0.0000209760
0.0000208630
0.0000215510
0.0000956540
0.0000211470
0.0000206010
0.0000208940
0.0000200600
0.0000204170
0.0000205620
0.0000202290
0.0000207300
0.0000205830
0.0001056940
0.0000206860
0.0000192890
0.0000195130
0.0000190040
0.0000189370
0.0000190880
0.0000188790
0.0000187920
0.0000190990
0.0001024690
0.0000200100
0.0000193180
0.0000191660
0.0000187960
0.0000189400
0.0000190780
0.0000190750
0.0000189170
0.0000190690
0.0001484240
0.0000254360
0.0000242840
0.0000236960
0.0000228180
0.0000236060
0.0000246810
0.0000234370
0.0000237190
0.0000243360
