0.0000649220
0.0000151980
0.0000149970
0.0000152680
0.0000142630
0.0000147100
0.0000145180
0.0000141010
0.0000142870
0.0000143340
0.0000663850
0.0000126530
0.0000123180
0.0000118450
0.0000108950
0.0000117430
0.0000115230
0.0000113500
0.0000115800
0.0000113410
0.0000722610
0.0000129750
0.0000129200
0.0000124020
0.0000116650
0.0000118460
0.0000120270
0.0000116730
0.0000117040
0.0000122720
0.0000577600
0.0000119400
0.0000122360
0.0000119260
0.0000113430
0.0000117820
0.0000118890
0.0000116720
0.0000116820
0.0000116610
0.0000520440
0.0000117170
0.0000117120
0.0000115750
0.0000111050
0.0000115440
0.0000113900
0.0000112660
0.0000113030
0.0000113460
0.0000654100
0.0000119680
0.0000124460
0.0000120760
0.0000113100
0.0000118290
0.0000117900
0.0000116130
0.0000116870
0.0000116780
0.0000626440
0.0000123720
0.0000116700
0.0000119410
0.0000107560
0.0000111930
0.0000112010
0.0000110290
0.0000109470
0.0000110980
0.0000569530
0.0000125480
0.0000122020
0.0000122290
0.0000114700
0.0000118790
0.0000119430
0.0000117740
0.0000118120
0.0000119250
0.0000538190
0.0000123780
0.0000124600
0.0000125710
0.0000118070
0.0000122850
0.0000122380
0.0000121600
0.0000120410
0.0000123440
0.0000586910
0.0000125060
0.0000125530
0.0000123520
0.0000117590
0.0000123790
0.0000122000
0.0000119400
0.0000119130
0.0000121950
0.0000542210
0.0000120180
0.0000122090
0.0000121160
0.0000114840
0.0000118680
0.0000119310
0.0000116990
0.0000117750
0.0000119170
0.0000529720
0.0000120460
0.0000113230
0.0000112520
0.0000107120
0.0000110390
0.0000109580
0.0000107860
0.0000106910
0.0000108620
0.0000558190
0.0000121050
0.0000125530
0.0000121420
0.0000111920
0.0000128890
0.0000122970
0.0000116340
0.0000119730
0.0000116620
0.0000668370
0.0000125790
0.0000123100
0.0000122630
0.0000113690
0.0000119380
0.0000117450
0.0000120320
0.0000121170
0.0000117470
0.0000913970
0.0000173990
0.0000172830
0.0000171870
0.0000165610
0.0000165170
0.0000159120
0.0000161580
0.0000160190
0.0000162740
0.0000463240
0.0000104790
0.0000106960
0.0000105980
0.0000101050
0.0000104060
0.0000103880
0.0000103190
0.0000101640
0.0000103720
0.0000505900
0.0000110030
0.0000111420
0.0000112080
0.0000108490
0.0000108190
0.0000108320
0.0000108630
0.0000108870
0.0000108600
0.0000520900
0.0000116530
0.0000112810
0.0000112960
0.0000106050
0.0000109510
0.0000110900
0.0000107360
0.0000111050
0.0000109420
0.0000556740
0.0000119730
0.0000120980
0.0000119360
0.0000113620
0.0000115490
0.0000115790
0.0000114640
0.0000114180
0.0000115770
0.0000678880
0.0000129330
0.0000121480
0.0000125250
0.0000115870
0.0000118450
0.0000117650
0.0000115810
0.0000114750
0.0000120850
