0.0075889880
0.0028400730
0.0027623800
0.0027094080
0.0027498600
0.0036555270
0.0036032920
0.0035709930
0.0040705690
0.0044119520
0.0088262420
0.0028839100
0.0027860120
0.0027661700
0.0028141170
0.0027420140
0.0027433770
0.0027362690
0.0027259230
0.0027337050
0.0075419500
0.0027917250
0.0027117730
0.0026936460
0.0027214580
0.0026854030
0.0026564150
0.0026879540
0.0028355850
0.0031292580
0.0111066990
0.0048033650
0.0043360560
0.0048963470
0.0044747860
0.0050098260
0.0051235240
0.0050403140
0.0058081660
0.0048270580
0.0075695550
0.0027849270
0.0027009520
0.0029316020
0.0035967400
0.0036043850
0.0036162840
0.0046470260
0.0045301610
0.0045347900
0.0079506510
0.0037342750
0.0039713360
0.0048175590
0.0048532860
0.0048287310
0.0048411050
0.0048591980
0.0054652560
0.0055435650
0.0116766850
0.0038321930
0.0051969800
0.0051342820
0.0051041250
0.0050607650
0.0049841980
0.0049799770
0.0059767510
0.0068614570
0.0085605670
0.0037508620
0.0038114120
0.0052014740
0.0051425430
0.0051188730
0.0050994650
0.0050953440
0.0050769620
0.0050691110
0.0086266250
0.0037295820
0.0046406020
0.0045767900
0.0045477270
0.0045947460
0.0045724680
0.0045456170
0.0045325120
0.0045607180
0.0095860150
0.0045421800
0.0045459560
0.0045894020
0.0032521410
0.0031296200
0.0030850210
0.0028536560
0.0028356190
0.0027668230
0.0097116630
0.0048595060
0.0049577840
0.0048941100
0.0032329260
0.0031435330
0.0030279160
0.0028703870
0.0028124570
0.0027966250
0.0086755320
0.0051841390
0.0050871570
0.0050858170
0.0050518040
0.0050298840
0.0041124200
0.0041473300
0.0041081600
0.0045662000
0.0075946050
0.0027990500
0.0027085550
0.0026834800
0.0027076180
0.0027893040
0.0026960670
0.0026798500
0.0026580490
0.0026479270
0.0077429990
0.0027897010
0.0026959760
0.0026875980
0.0027621950
0.0027502010
0.0026836620
0.0026696470
0.0026585900
0.0026831980
0.0083594480
0.0036962670
0.0036664460
0.0042255390
0.0052842540
0.0042764020
0.0052370620
0.0041806060
0.0052217810
0.0043121460
0.0072023210
0.0028018980
0.0027134740
0.0026967950
0.0027037150
0.0027293470
0.0026670220
0.0026800610
0.0026752100
0.0026814130
0.0074129510
0.0027780890
0.0026880790
0.0026581750
0.0027658020
0.0027067060
0.0026550370
0.0026769230
0.0026862520
0.0026387010
0.0070829650
0.0028110430
0.0027677450
0.0026780570
0.0026974880
0.0026607440
0.0026273660
0.0026419080
0.0026161220
0.0026248790
0.0074658220
0.0027945880
0.0027058290
0.0026957870
0.0027314770
0.0027266070
0.0026602250
0.0027014140
0.0026719400
0.0026684100
0.0075473330
0.0027932020
0.0027742880
0.0031538460
0.0030056260
0.0028349400
0.0027984910
0.0030935920
0.0029747100
0.0027900500
