0.0000021580
0.0000016440
0.0000014730
0.0000014520
0.0000013430
0.0000012150
0.0000011540
0.0000012320
0.0000011220
0.0000011940
0.0000023060
0.0000017870
0.0000015560
0.0000015430
0.0000014940
0.0000012710
0.0000013630
0.0000013550
0.0000012570
0.0000013570
0.0000024300
0.0000018360
0.0000015200
0.0000014800
0.0000013720
0.0000012210
0.0000013160
0.0000013240
0.0000012400
0.0000013070
0.0000024670
0.0000019200
0.0000017530
0.0000017150
0.0000016400
0.0000012710
0.0000012950
0.0000013490
0.0000012800
0.0000013220
0.0000025150
0.0000018020
0.0000016330
0.0000016020
0.0000016510
0.0000013610
0.0000013410
0.0000014920
0.0000012790
0.0000013720
0.0000023100
0.0000025470
0.0000017680
0.0000016480
0.0000016080
0.0000013820
0.0000013350
0.0000015050
0.0000014230
0.0000015240
0.0000027480
0.0000021810
0.0000019080
0.0000016640
0.0000016320
0.0000014900
0.0000014950
0.0000015230
0.0000013670
0.0000014560
0.0000025900
0.0000021630
0.0000018650
0.0000017400
0.0000015750
0.0000014170
0.0000014350
0.0000015310
0.0000013780
0.0000015320
0.0000021910
0.0000015640
0.0000014130
0.0000014100
0.0000013650
0.0000011530
0.0000013370
0.0000012460
0.0000011350
0.0000012180
0.0000023300
0.0000017000
0.0000015410
0.0000016150
0.0000014160
0.0000012170
0.0000012620
0.0000012690
0.0000011690
0.0000012470
0.0000026390
0.0000016710
0.0000014780
0.0000014530
0.0000014300
0.0000012780
0.0000013220
0.0000013460
0.0000011930
0.0000012730
0.0000032310
0.0000023120
0.0000021090
0.0000020970
0.0000021030
0.0000018590
0.0000017740
0.0000019550
0.0000017460
0.0000019150
0.0000024830
0.0000020440
0.0000017680
0.0000015290
0.0000015700
0.0000013330
0.0000014190
0.0000014890
0.0000013260
0.0000013770
0.0000025940
0.0000018840
0.0000016670
0.0000016800
0.0000015340
0.0000013430
0.0000014320
0.0000014740
0.0000013660
0.0000014420
0.0000025320
0.0000021740
0.0000019380
0.0000016570
0.0000016390
0.0000015020
0.0000015050
0.0000015240
0.0000013690
0.0000013930
0.0000023000
0.0000019460
0.0000016130
0.0000015870
0.0000014000
0.0000012280
0.0000012490
0.0000013250
0.0000011730
0.0000012470
0.0000028400
0.0000018910
0.0000015540
0.0000014280
0.0000013400
0.0000012190
0.0000011950
0.0000012350
0.0000012020
0.0000012120
0.0000028310
0.0000021000
0.0000018690
0.0000018910
0.0000019210
0.0000018400
0.0000024920
0.0000013720
0.0000012440
0.0000013520
0.0000022260
0.0000016940
0.0000014510
0.0000014050
0.0000014410
0.0000011910
0.0000012170
0.0000012900
0.0000011170
0.0000012340
0.0000023250
0.0000016820
0.0000013960
0.0000014190
0.0000013330
0.0000011990
0.0000011970
0.0000012660
0.0000011530
0.0000012450
