0.0002215070
0.0000381410
0.0000364050
0.0000363130
0.0000364560
0.0000362590
0.0000360540
0.0000365140
0.0000363110
0.0000362270
0.0003508230
0.0001483320
0.0001482950
0.0001482610
0.0001482990
0.0001160250
0.0001682280
0.0001559270
0.0001513560
0.0001513160
0.0002401390
0.0000507680
0.0000421660
0.0000417340
0.0000416420
0.0000411080
0.0000413600
0.0000414490
0.0000413130
0.0000410850
0.0003345140
0.0000659440
0.0000435310
0.0000411650
0.0000403730
0.0000402840
0.0000402300
0.0000404580
0.0000405020
0.0000408680
0.0002161960
0.0000459520
0.0000445390
0.0000443900
0.0000441870
0.0000442450
0.0000442780
0.0000446360
0.0000446230
0.0000442790
0.0002360380
0.0000451680
0.0000409360
0.0000404820
0.0000403080
0.0000407470
0.0000405040
0.0000405130
0.0000404550
0.0000415110
0.0002140280
0.0000457340
0.0000441030
0.0000439550
0.0000437020
0.0000440580
0.0000440920
0.0000440680
0.0000438340
0.0000441600
0.0002049220
0.0000453940
0.0000445200
0.0000438030
0.0000436840
0.0000437430
0.0000444790
0.0000441350
0.0000440780
0.0000438580
0.0002095180
0.0000419870
0.0000413510
0.0000409680
0.0000409320
0.0000408360
0.0000438480
0.0000414060
0.0000411760
0.0000409450
0.0001976400
0.0000370880
0.0000363460
0.0000362960
0.0000361770
0.0000359310
0.0000359040
0.0000359300
0.0000359880
0.0000557760
0.0003163880
0.0000637910
0.0000620900
0.0000616110
0.0000613670
0.0000608140
0.0000609680
0.0000607890
0.0000605780
0.0000605600
0.0002172610
0.0000408580
0.0000398850
0.0000398140
0.0000397590
0.0000396140
0.0000392990
0.0000396710
0.0000392850
0.0000396640
0.0002459320
0.0000477200
0.0000393480
0.0000373100
0.0000368130
0.0000369140
0.0000368020
0.0000365320
0.0000364170
0.0000366880
0.0002386150
0.0000419150
0.0000380230
0.0000377150
0.0000375370
0.0000375800
0.0000370920
0.0000381480
0.0000395590
0.0000373520
0.0002196910
0.0000428200
0.0000418360
0.0000418460
0.0000414830
0.0000411300
0.0000413420
0.0000414810
0.0000411950
0.0000416430
0.0002087380
0.0000392570
0.0000372300
0.0000369880
0.0000370790
0.0000367450
0.0000367180
0.0000371190
0.0000367510
0.0000369240
0.0002185730
0.0000446010
0.0000430790
0.0000431080
0.0000428080
0.0000427940
0.0000428130
0.0000430510
0.0000427520
0.0000428510
0.0003036550
0.0000657480
0.0000471560
0.0000432560
0.0000437570
0.0000427080
0.0000426310
0.0000441480
0.0000429260
0.0000437150
0.0003146410
0.0000605700
0.0000460920
0.0000434710
0.0000435170
0.0000429340
0.0000432090
0.0000428600
0.0000435190
0.0000433160
0.0001982800
0.0000407880
0.0000405530
0.0000405020
0.0000403870
0.0000423490
0.0000410820
0.0000406810
0.0000404800
0.0000405280
