0.0000606310
0.0000138580
0.0000074850
0.0000109100
0.0000079960
0.0000091870
0.0000074530
0.0000124380
0.0000080220
0.0000075200
0.0000146860
0.0000024420
0.0000026110
0.0000024360
0.0000026410
0.0000021920
0.0000024740
0.0000026370
0.0000022220
0.0000023720
0.0000152650
0.0000025750
0.0000027590
0.0000024080
0.0000025280
0.0000021240
0.0000028240
0.0000027150
0.0000022640
0.0000022790
0.0000182560
0.0000030910
0.0000031640
0.0000028980
0.0000029810
0.0000026080
0.0000030610
0.0000031840
0.0000027190
0.0000026270
0.0000180580
0.0000027950
0.0000029780
0.0000028770
0.0000028780
0.0000025850
0.0000028550
0.0000030290
0.0000025120
0.0000026370
0.0000179640
0.0000029310
0.0000030850
0.0000029850
0.0000030580
0.0000026450
0.0000031740
0.0000029670
0.0000024570
0.0000026270
0.0000239310
0.0000030000
0.0000029870
0.0000029380
0.0000029930
0.0000026010
0.0000030430
0.0000033100
0.0000027050
0.0000026810
0.0000169780
0.0000027140
0.0000029070
0.0000027640
0.0000028460
0.0000025080
0.0000027180
0.0000028740
0.0000024100
0.0000025530
0.0000213310
0.0000029130
0.0000030590
0.0000028790
0.0000031560
0.0000026280
0.0000028220
0.0000034010
0.0000025820
0.0000027050
0.0000183100
0.0000027670
0.0000029990
0.0000029070
0.0000030300
0.0000025920
0.0000029340
0.0000031110
0.0000025360
0.0000027350
0.0000185820
0.0000031540
0.0000030260
0.0000029430
0.0000029930
0.0000025680
0.0000028580
0.0000030800
0.0000025340
0.0000026900
0.0000195670
0.0000030040
0.0000030360
0.0000030350
0.0000030160
0.0000025650
0.0000028400
0.0000030660
0.0000025940
0.0000027370
0.0000180070
0.0000028040
0.0000028390
0.0000028190
0.0000028590
0.0000025590
0.0000027490
0.0000029360
0.0000024260
0.0000025650
0.0000162770
0.0000026980
0.0000028870
0.0000027900
0.0000028870
0.0000024320
0.0000027350
0.0000029030
0.0000024110
0.0000025860
0.0000199490
0.0000032660
0.0000030960
0.0000029290
0.0000030900
0.0000025230
0.0000028760
0.0000031310
0.0000025660
0.0000026960
0.0000161120
0.0000027030
0.0000029170
0.0000028520
0.0000029610
0.0000025200
0.0000027640
0.0000029370
0.0000024680
0.0000025700
0.0000167950
0.0000027400
0.0000028940
0.0000027430
0.0000028420
0.0000024540
0.0000027560
0.0000029040
0.0000023970
0.0000025700
0.0000165340
0.0000026950
0.0000029440
0.0000028100
0.0000028680
0.0000024660
0.0000027490
0.0000029140
0.0000023960
0.0000025300
0.0000209670
0.0000026840
0.0000027150
0.0000029190
0.0000027420
0.0000024200
0.0000027640
0.0000027730
0.0000023170
0.0000026060
0.0000147100
0.0000021800
0.0000023410
0.0000024360
0.0000025200
0.0000020390
0.0000024250
0.0000025010
0.0000019360
0.0000022520
