0.0052080350
0.0023574290
0.0023245610
0.0023295800
0.0028028750
0.0027938500
0.0028657130
0.0027918850
0.0027303170
0.0028029600
0.0083373410
0.0065584750
0.0062193720
0.0062696880
0.0062071050
0.0067815410
0.0075758870
0.0079110820
0.0077938230
0.0076485700
0.0063877260
0.0020872620
0.0020412580
0.0020492240
0.0020481750
0.0020438170
0.0020398600
0.0020369680
0.0021782480
0.0022273290
0.0050408800
0.0022184430
0.0020192960
0.0025269380
0.0025590240
0.0019986070
0.0017640480
0.0017155640
0.0016330140
0.0015662300
0.0046200590
0.0016519080
0.0015489280
0.0015633030
0.0015137510
0.0014993380
0.0015182470
0.0015009290
0.0015015350
0.0014546820
0.0045777800
0.0017219320
0.0015986300
0.0015787410
0.0015342520
0.0015250280
0.0015340110
0.0015544570
0.0015060790
0.0015138490
0.0094503840
0.0076209500
0.0074655630
0.0076752220
0.0069492500
0.0059362330
0.0056115320
0.0061197100
0.0063401880
0.0063464830
0.0060924170
0.0042532040
0.0040360710
0.0033004290
0.0026614220
0.0026399990
0.0025564110
0.0027312940
0.0028627150
0.0029076980
0.0062457040
0.0025412790
0.0024529790
0.0029499780
0.0029031530
0.0024939740
0.0023665470
0.0028220770
0.0028305180
0.0025775010
0.0048040360
0.0016314210
0.0015473830
0.0016057290
0.0014980390
0.0015091770
0.0015480750
0.0016062200
0.0015295550
0.0014841500
0.0071916050
0.0039779990
0.0039384780
0.0035387500
0.0038949920
0.0039600740
0.0043288060
0.0039537240
0.0042748150
0.0039410170
0.0051431670
0.0017790980
0.0017355940
0.0017045950
0.0016641570
0.0016868500
0.0016424080
0.0016503190
0.0016449690
0.0016291610
0.0079929000
0.0051220550
0.0044239120
0.0049122920
0.0052675910
0.0057147870
0.0051547960
0.0052384500
0.0053441490
0.0051338000
0.0054519770
0.0018687590
0.0017945190
0.0017254400
0.0016245150
0.0016337980
0.0016413280
0.0015897240
0.0016011450
0.0015644480
0.0056614320
0.0019479210
0.0023080840
0.0020795400
0.0019642770
0.0018765740
0.0018257680
0.0017722180
0.0017519190
0.0016821750
0.0053388930
0.0018015990
0.0016900670
0.0017201950
0.0016533990
0.0016495410
0.0016410930
0.0016416620
0.0016768360
0.0016072520
0.0050802730
0.0017607760
0.0016852140
0.0017144160
0.0016398790
0.0016333580
0.0016539100
0.0016190510
0.0016212290
0.0016179390
0.0074212720
0.0052292700
0.0056808620
0.0057518160
0.0056274100
0.0048538350
0.0046469580
0.0042440710
0.0044652780
0.0049844450
0.0055799750
0.0018998070
0.0019145920
0.0018350390
0.0017784580
0.0016950740
0.0016657570
0.0016378630
0.0016480050
0.0015806190
0.0045065080
0.0015918470
0.0015044780
0.0015115010
0.0014666190
0.0014626850
0.0014588070
0.0014600130
0.0014391280
0.0014303750
