0.0000022200
0.0000017840
0.0000014770
0.0000014990
0.0000014750
0.0000013290
0.0000013480
0.0000013960
0.0000012940
0.0000013290
0.0000029890
0.0000019840
0.0000017240
0.0000016050
0.0000016100
0.0000014360
0.0000014410
0.0000014750
0.0000013950
0.0000014400
0.0000024430
0.0000019340
0.0000016910
0.0000015870
0.0000016310
0.0000014240
0.0000014310
0.0000015160
0.0000014300
0.0000014400
0.0000024470
0.0000018700
0.0000016910
0.0000017150
0.0000015000
0.0000013300
0.0000014160
0.0000015130
0.0000013080
0.0000013720
0.0000024550
0.0000018810
0.0000021460
0.0000015810
0.0000015400
0.0000014140
0.0000014480
0.0000015220
0.0000013170
0.0000014200
0.0000031270
0.0000019930
0.0000016090
0.0000015760
0.0000015180
0.0000013860
0.0000013380
0.0000015010
0.0000012820
0.0000013870
0.0000024010
0.0000020180
0.0000019870
0.0000016150
0.0000016700
0.0000014700
0.0000014750
0.0000015590
0.0000014330
0.0000014580
0.0000024870
0.0000020160
0.0000017730
0.0000016680
0.0000016130
0.0000014930
0.0000014850
0.0000015200
0.0000013800
0.0000014800
0.0000029480
0.0000024310
0.0000017350
0.0000016730
0.0000016560
0.0000014760
0.0000014360
0.0000015210
0.0000013840
0.0000015060
0.0000027270
0.0000022210
0.0000020690
0.0000019760
0.0000019050
0.0000013190
0.0000012890
0.0000013800
0.0000012120
0.0000013450
0.0000033730
0.0000029310
0.0000026800
0.0000026460
0.0000019510
0.0000024840
0.0000021270
0.0000021980
0.0000019920
0.0000021940
0.0000036290
0.0000030440
0.0000028220
0.0000023240
0.0000021600
0.0000019370
0.0000019830
0.0000020800
0.0000019190
0.0000020940
0.0000038640
0.0000028100
0.0000024430
0.0000023140
0.0000022220
0.0000020260
0.0000020690
0.0000020660
0.0000019820
0.0000020280
0.0000037160
0.0000031340
0.0000028210
0.0000028040
0.0000022380
0.0000019240
0.0000020280
0.0000020730
0.0000019310
0.0000020200
0.0000022900
0.0000019580
0.0000017610
0.0000016600
0.0000015760
0.0000013720
0.0000013710
0.0000013770
0.0000012420
0.0000013330
0.0000026370
0.0000019040
0.0000016030
0.0000014890
0.0000015050
0.0000013580
0.0000013410
0.0000013700
0.0000012360
0.0000013160
0.0000027010
0.0000019180
0.0000018350
0.0000017070
0.0000016370
0.0000014210
0.0000013750
0.0000014450
0.0000012850
0.0000013710
0.0000026710
0.0000022060
0.0000015680
0.0000015480
0.0000014570
0.0000013230
0.0000013850
0.0000014680
0.0000012990
0.0000013560
0.0000028730
0.0000018250
0.0000020670
0.0000015180
0.0000015420
0.0000013340
0.0000013690
0.0000014780
0.0000012980
0.0000014100
0.0000024550
0.0000018470
0.0000016500
0.0000016040
0.0000016220
0.0000014240
0.0000016100
0.0000014940
0.0000014000
0.0000015280
