0.0000638040
0.0000091890
0.0000094820
0.0000090510
0.0000092500
0.0000092280
0.0000087640
0.0000089420
0.0000090010
0.0000091270
0.0000667650
0.0000090650
0.0000095410
0.0000090890
0.0000095150
0.0000094190
0.0000088340
0.0000095720
0.0000089300
0.0000093310
0.0000752140
0.0000092740
0.0000091770
0.0000092210
0.0000092120
0.0000091430
0.0000086870
0.0000090700
0.0000091150
0.0000092040
0.0000671290
0.0000105760
0.0000099800
0.0000094490
0.0000099220
0.0000103260
0.0000093340
0.0000098600
0.0000101080
0.0000103880
0.0000891890
0.0000108190
0.0000113190
0.0000103500
0.0000112380
0.0000116270
0.0000095060
0.0000112220
0.0000102160
0.0000103730
0.0000829010
0.0000113140
0.0000109660
0.0000115860
0.0000109400
0.0000109330
0.0000102810
0.0000108550
0.0000107180
0.0000109690
0.0000738060
0.0000108450
0.0000106640
0.0000103380
0.0000107390
0.0000108280
0.0000101290
0.0000105040
0.0000105170
0.0000106830
0.0001005350
0.0000129800
0.0000120750
0.0000116980
0.0000117040
0.0000118090
0.0000117860
0.0000116560
0.0000117430
0.0000123730
0.0000650050
0.0000110550
0.0000112980
0.0000106000
0.0000110600
0.0000114350
0.0000102330
0.0000108820
0.0000110080
0.0000109630
0.0000836950
0.0000112080
0.0000113810
0.0000113340
0.0000113970
0.0000114910
0.0000107160
0.0000112900
0.0000133760
0.0000117480
0.0000886020
0.0000126450
0.0000116280
0.0000114740
0.0000115400
0.0000114930
0.0000108570
0.0000110930
0.0000109270
0.0000112860
0.0000733850
0.0000106350
0.0000107030
0.0000105370
0.0000106090
0.0000105380
0.0000102030
0.0000103940
0.0000105090
0.0000107240
0.0000799230
0.0000142060
0.0000137450
0.0000124370
0.0000135900
0.0000137050
0.0000123510
0.0000137550
0.0000133040
0.0000134260
0.0000769190
0.0000117490
0.0000120640
0.0000111850
0.0000119260
0.0000115550
0.0000107710
0.0000116880
0.0000115790
0.0000118840
0.0000744690
0.0000108080
0.0000112210
0.0000106110
0.0000108560
0.0000107910
0.0000102140
0.0000106810
0.0000106250
0.0000108960
0.0000768710
0.0000116150
0.0000115410
0.0000178250
0.0000116600
0.0000118580
0.0000105960
0.0000114710
0.0000112110
0.0000114830
0.0001072570
0.0000133300
0.0000147140
0.0000127890
0.0000131150
0.0000132850
0.0000126550
0.0000131580
0.0000132080
0.0000133470
0.0000819710
0.0000122930
0.0000123600
0.0000116160
0.0000122410
0.0000125370
0.0000113120
0.0000119510
0.0000117010
0.0000118000
0.0000831580
0.0000115860
0.0000118200
0.0000110400
0.0000115490
0.0000116290
0.0000109680
0.0000114350
0.0000113980
0.0000113990
0.0000636580
0.0000098150
0.0000095000
0.0000090460
0.0000094900
0.0000093630
0.0000088400
0.0000091600
0.0000093480
0.0000093260
