0.0000019620
0.0000013270
0.0000013240
0.0000013740
0.0000012940
0.0000011920
0.0000011710
0.0000010880
0.0000011440
0.0000012110
0.0000024260
0.0000021780
0.0000020300
0.0000021120
0.0000012200
0.0000011830
0.0000011820
0.0000010880
0.0000010310
0.0000011500
0.0000025700
0.0000016380
0.0000016270
0.0000016710
0.0000016090
0.0000014610
0.0000014460
0.0000013790
0.0000012650
0.0000014290
0.0000023440
0.0000017140
0.0000015050
0.0000016400
0.0000014730
0.0000014430
0.0000014090
0.0000012850
0.0000012130
0.0000014020
0.0000025050
0.0000016270
0.0000015840
0.0000016590
0.0000014900
0.0000014320
0.0000014420
0.0000013700
0.0000012760
0.0000013910
0.0000028410
0.0000024570
0.0000014580
0.0000016530
0.0000014920
0.0000014190
0.0000013550
0.0000013540
0.0000012220
0.0000013920
0.0000027810
0.0000024230
0.0000023970
0.0000025800
0.0000014670
0.0000014440
0.0000013480
0.0000017940
0.0000011620
0.0000014130
0.0000028090
0.0000024960
0.0000023560
0.0000015630
0.0000014630
0.0000013790
0.0000013120
0.0000012780
0.0000011550
0.0000013230
0.0000022130
0.0000016420
0.0000015690
0.0000015760
0.0000015370
0.0000014370
0.0000013910
0.0000013260
0.0000012450
0.0000013740
0.0000022640
0.0000016290
0.0000015950
0.0000016560
0.0000015290
0.0000015180
0.0000014580
0.0000013330
0.0000012280
0.0000014100
0.0000032930
0.0000023160
0.0000014360
0.0000015330
0.0000013700
0.0000013500
0.0000013410
0.0000012560
0.0000011720
0.0000013340
0.0000020980
0.0000014760
0.0000014780
0.0000015650
0.0000013880
0.0000013930
0.0000013300
0.0000012610
0.0000011780
0.0000013540
0.0000027950
0.0000023990
0.0000014380
0.0000015590
0.0000013590
0.0000013330
0.0000013940
0.0000012620
0.0000011730
0.0000013120
0.0000028400
0.0000023870
0.0000023580
0.0000025260
0.0000023430
0.0000014040
0.0000012920
0.0000012250
0.0000011420
0.0000013300
0.0000027230
0.0000024690
0.0000023300
0.0000015480
0.0000013860
0.0000014210
0.0000013380
0.0000012600
0.0000011930
0.0000013150
0.0000025010
0.0000018040
0.0000016060
0.0000016990
0.0000015120
0.0000014510
0.0000014790
0.0000014970
0.0000013370
0.0000014710
0.0000028170
0.0000023350
0.0000022050
0.0000015740
0.0000014060
0.0000014070
0.0000012820
0.0000012410
0.0000011470
0.0000013400
0.0000027360
0.0000024180
0.0000023750
0.0000020360
0.0000014550
0.0000013820
0.0000013510
0.0000012840
0.0000012420
0.0000014100
0.0000027470
0.0000024210
0.0000024030
0.0000015820
0.0000014190
0.0000013700
0.0000013210
0.0000012240
0.0000011530
0.0000013060
0.0000080780
0.0000016000
0.0000015200
0.0000016720
0.0000015350
0.0000014310
0.0000014530
0.0000013770
0.0000012240
0.0000016690
