0.0611486160
0.0390850940
0.0388622360
0.0389787090
0.0389435020
0.0389545470
0.0389968950
0.0409257770
0.0388012490
0.0388363840
0.0767995210
0.0354140650
0.0305212470
0.0305832080
0.0305370930
0.0305112960
0.0430029240
0.0429035940
0.0429023430
0.0429867540
0.0579847350
0.0276124290
0.0518398870
0.0707214340
0.0765578010
0.0428659390
0.0403407760
0.0458492950
0.0403381810
0.0408521660
0.1003641450
0.0718201690
0.0796101820
0.0795729460
0.0794432170
0.0738618240
0.0461091150
0.0425283470
0.0426638000
0.0426124490
0.0669408420
0.0304981500
0.0429931420
0.0431102390
0.0430908410
0.0428289870
0.0425945330
0.0424005970
0.0421559860
0.0419800680
0.0648413600
0.0322151800
0.0398263400
0.0397694180
0.0398536310
0.0398283750
0.0398887960
0.0399697770
0.0400175560
0.0401194740
0.0619150640
0.0304413250
0.0365105470
0.0378809070
0.0378419040
0.0377865830
0.0380822360
0.0379115730
0.0377845990
0.0377252670
0.0630689320
0.0318472790
0.0396715430
0.0395419200
0.0394981100
0.0491907200
0.0494960470
0.0563220880
0.0562280330
0.0561751640
0.0611563080
0.0399062280
0.0395382720
0.0392989610
0.0391561620
0.0389598340
0.0388554170
0.0387248150
0.0383544600
0.0382325220
0.0629023450
0.0399750940
0.0398997030
0.0398764910
0.0398039520
0.0397434600
0.0396885090
0.0396257600
0.0395317210
0.0396548030
0.0715818220
0.0419218730
0.0409343030
0.0413431530
0.0408887630
0.0410032720
0.0409143520
0.0409249730
0.0410010450
0.0413302880
0.0672598020
0.0363196190
0.0381384500
0.0380344080
0.0380141430
0.0380573710
0.0381270250
0.0379960560
0.0380212430
0.0382447500
0.0670192700
0.0410523320
0.0421888640
0.0412782690
0.0411934810
0.0414054070
0.0413705090
0.0491619720
0.0535947060
0.0584452150
0.0567524570
0.0233893020
0.0252050530
0.0234424650
0.0233510540
0.0233516580
0.0232688460
0.0232399700
0.0232719200
0.0287521620
0.0571233780
0.0233848020
0.0233308400
0.0232438100
0.0232323760
0.0234422500
0.0232285950
0.0231897050
0.0232820780
0.0234463290
0.0642976160
0.0290286990
0.0243165600
0.0302265510
0.0244599570
0.0242045890
0.0241109220
0.0240713730
0.0240590670
0.0240117170
0.0571286330
0.0235096220
0.0234625240
0.0233633720
0.0233915810
0.0234135150
0.0233756850
0.0233805530
0.0232919310
0.0233602490
0.0582522610
0.0236098500
0.0235286890
0.0234985110
0.0234760690
0.0235568890
0.0235105650
0.0234142510
0.0234310750
0.0235494230
0.0607469890
0.0239491870
0.0237965420
0.0238324120
0.0238244710
0.0238775880
0.0237652650
0.0237466930
0.0237578180
0.0238409420
0.0577208590
0.0234579860
0.0233555500
0.0232629560
0.0231968930
0.0232216720
0.0232112610
0.0231762430
0.0231845320
0.0231847320
