0.0003727500
0.0000477370
0.0000454500
0.0000454950
0.0000450940
0.0000469770
0.0000444850
0.0000451970
0.0000449590
0.0000451280
0.0003447050
0.0000628270
0.0000522290
0.0000454460
0.0000449630
0.0000452560
0.0000447820
0.0000451760
0.0000455910
0.0000458330
0.0002943600
0.0000543010
0.0000445640
0.0000437220
0.0000432140
0.0000429910
0.0000431920
0.0000432900
0.0000434100
0.0000432150
0.0004517280
0.0001614010
0.0000832400
0.0000701170
0.0000531280
0.0000536050
0.0000519860
0.0000531690
0.0000542380
0.0000530090
0.0004900960
0.0002205520
0.0001114460
0.0000731180
0.0000511550
0.0000533410
0.0000547710
0.0000534690
0.0006140910
0.0000636490
0.0002700370
0.0000439380
0.0000442950
0.0000440630
0.0000439750
0.0000441980
0.0000438810
0.0000438870
0.0000439880
0.0000441520
0.0003014220
0.0000501070
0.0000484680
0.0000488680
0.0000479310
0.0000485100
0.0000483490
0.0000484080
0.0000480400
0.0000485530
0.0003887690
0.0000728320
0.0000580740
0.0000540850
0.0000596310
0.0000548680
0.0000542300
0.0000547230
0.0000546510
0.0000540490
0.0004132890
0.0001318960
0.0000782780
0.0000554180
0.0000518020
0.0000518930
0.0000514870
0.0000511750
0.0000516040
0.0000528090
0.0003282450
0.0000594440
0.0000580330
0.0000528150
0.0000510940
0.0000513990
0.0000513770
0.0000512810
0.0000508370
0.0000515040
0.0003500740
0.0000612300
0.0000523790
0.0000526530
0.0000524590
0.0000520480
0.0000516540
0.0000513500
0.0000517540
0.0000539590
0.0003484820
0.0000735930
0.0000572050
0.0000523000
0.0000521780
0.0000534570
0.0000532520
0.0000525310
0.0000528670
0.0000530530
0.0003850000
0.0001006620
0.0000767540
0.0000601600
0.0000612250
0.0000530560
0.0000529690
0.0000525630
0.0000518030
0.0000523120
0.0003119290
0.0000566030
0.0000516970
0.0000506240
0.0000506470
0.0000506600
0.0000559580
0.0000503770
0.0000511030
0.0000520590
0.0005526770
0.0000551800
0.0000547600
0.0000550770
0.0000554120
0.0000544080
0.0000542670
0.0000546140
0.0000547780
0.0000546090
0.0002827680
0.0000538490
0.0000521860
0.0000518330
0.0000528300
0.0000517750
0.0000516590
0.0000514070
0.0000519860
0.0000517250
0.0004121310
0.0001016170
0.0000742920
0.0000652060
0.0000626260
0.0000628000
0.0000623160
0.0000621680
0.0000625480
0.0000645040
0.0003045780
0.0000546360
0.0000534150
0.0000535750
0.0000535640
0.0000534440
0.0000530540
0.0000533900
0.0000535380
0.0000534140
0.0002928890
0.0000500440
0.0000495610
0.0000493460
0.0000505730
0.0000508900
0.0000506900
0.0000505080
0.0000507380
0.0000506190
0.0002509770
0.0000452530
0.0000443640
0.0000450440
0.0000617230
0.0000464900
0.0000460570
0.0000462720
0.0000461650
0.0000463420
