0.0036202040
0.0014063300
0.0012295280
0.0012101580
0.0012082670
0.0011915270
0.0011616880
0.0012030750
0.0011740560
0.0011691370
0.0050385300
0.0015225830
0.0014507000
0.0014436660
0.0014328580
0.0014226900
0.0014057940
0.0014153880
0.0014162900
0.0014399760
0.0036145640
0.0013479450
0.0012117630
0.0011803210
0.0012187280
0.0011853240
0.0011986110
0.0011698240
0.0011690010
0.0011544040
0.0041943640
0.0016129810
0.0014829890
0.0013914130
0.0014540090
0.0013576440
0.0013729480
0.0013740090
0.0013810230
0.0013392880
0.0037586570
0.0013459120
0.0012619760
0.0012224060
0.0012638050
0.0012172550
0.0012153010
0.0012076580
0.0012295550
0.0011942100
0.0039064600
0.0017925430
0.0019626890
0.0019194040
0.0019142060
0.0019011430
0.0023598450
0.0023431120
0.0023313680
0.0022938440
0.0036251520
0.0013454510
0.0012376320
0.0011983240
0.0012223850
0.0011884700
0.0011874780
0.0012055910
0.0011930610
0.0011664980
0.0036984000
0.0014980500
0.0015914190
0.0016020190
0.0018687540
0.0020406810
0.0019468740
0.0019577980
0.0020233830
0.0020610380
0.0047219560
0.0030610660
0.0030909530
0.0036367780
0.0035828460
0.0035052870
0.0034541420
0.0034566340
0.0034377060
0.0032018670
0.0041801320
0.0021541200
0.0019169150
0.0022507380
0.0021328700
0.0020701380
0.0022065160
0.0023602340
0.0023553520
0.0021765950
0.0054611590
0.0015646420
0.0014688730
0.0014573280
0.0015283390
0.0017000580
0.0017193050
0.0017121170
0.0017016730
0.0020468520
0.0039095680
0.0014511820
0.0015722030
0.0016242030
0.0016880450
0.0016341450
0.0022680010
0.0021625690
0.0021557810
0.0021086490
0.0041297480
0.0018148800
0.0018032940
0.0020543700
0.0020360810
0.0020417720
0.0020240210
0.0020596260
0.0020929150
0.0021693020
0.0036047960
0.0014239760
0.0012340670
0.0012409190
0.0012361770
0.0012095620
0.0011690440
0.0011736480
0.0011558470
0.0011582070
0.0061114210
0.0041488620
0.0041344740
0.0041420180
0.0044288530
0.0043875400
0.0044221090
0.0043514800
0.0047117680
0.0043910610
0.0037329110
0.0014175340
0.0012517830
0.0012323160
0.0012503520
0.0012334120
0.0012147050
0.0012304300
0.0011912640
0.0012151530
0.0035117180
0.0013731580
0.0012415210
0.0011956890
0.0012081450
0.0012206770
0.0011820140
0.0011946730
0.0011770050
0.0011809900
0.0036212170
0.0013554070
0.0012300670
0.0011859240
0.0012060180
0.0011851990
0.0011854730
0.0011923390
0.0011781640
0.0011766930
0.0036999280
0.0013819170
0.0012557870
0.0012734030
0.0012983380
0.0012488160
0.0012092920
0.0012128700
0.0011824470
0.0011880450
0.0037030910
0.0013593580
0.0012298550
0.0011835870
0.0012301660
0.0011921760
0.0011927820
0.0011745000
0.0011834770
0.0011818900
