0.0090400400
0.0034418060
0.0033097030
0.0032857150
0.0032376410
0.0032721960
0.0032484250
0.0032015790
0.0035164320
0.0034597590
0.0088497680
0.0032961360
0.0032531090
0.0032610070
0.0032819850
0.0032787160
0.0032549350
0.0032620920
0.0032659550
0.0032836770
0.0090593490
0.0033333570
0.0033048680
0.0033458080
0.0033240620
0.0033057340
0.0032441590
0.0033207380
0.0032592330
0.0032314860
0.0088584790
0.0032406950
0.0032162590
0.0032526640
0.0032045750
0.0031947380
0.0031498910
0.0031737840
0.0031418150
0.0031422910
0.0147528660
0.0058201540
0.0052324070
0.0042469630
0.0041061000
0.0041042750
0.0039454410
0.0038226900
0.0036194130
0.0035473050
0.0089392540
0.0033220910
0.0032852910
0.0033132040
0.0032645920
0.0032635630
0.0032110250
0.0032771750
0.0040465790
0.0040578990
0.0118062430
0.0052467860
0.0050319850
0.0037399720
0.0036729610
0.0036245200
0.0035727710
0.0035971540
0.0034988040
0.0034129760
0.0093353310
0.0035256210
0.0041578480
0.0051706290
0.0055686660
0.0055950740
0.0055011690
0.0054296730
0.0037506390
0.0035543090
0.0109421120
0.0050168590
0.0052137250
0.0058258170
0.0058093370
0.0050743200
0.0049713080
0.0057936250
0.0057639090
0.0050908880
0.0101643950
0.0034372560
0.0034073900
0.0034195570
0.0033785390
0.0032261620
0.0032944000
0.0031887810
0.0031846240
0.0032854200
0.0102259130
0.0034446370
0.0034279280
0.0034368100
0.0033989040
0.0033968910
0.0033710940
0.0033732530
0.0034009450
0.0033243010
0.0101468680
0.0034007880
0.0033761100
0.0033780350
0.0033688720
0.0034325710
0.0033580770
0.0033507080
0.0033242570
0.0032987980
0.0101870910
0.0042636530
0.0042901900
0.0042627990
0.0042275790
0.0042405690
0.0042744720
0.0059076620
0.0065986890
0.0062562060
0.0163231600
0.0119945830
0.0095724910
0.0101076380
0.0090566550
0.0079706390
0.0053923830
0.0041918900
0.0041591910
0.0040012620
0.0111227550
0.0054607790
0.0062260970
0.0052480360
0.0060648170
0.0052534400
0.0082274730
0.0055722810
0.0062288640
0.0052068040
0.0147954000
0.0065705670
0.0055387850
0.0062090560
0.0053993550
0.0061623540
0.0061841910
0.0064742060
0.0056127600
0.0064672250
0.0110726420
0.0037024490
0.0036610720
0.0035631900
0.0036958640
0.0036815440
0.0035488610
0.0034384970
0.0034606530
0.0033948070
0.0104462250
0.0053087180
0.0053118340
0.0053131210
0.0062195000
0.0064797080
0.0071259610
0.0071362380
0.0069372720
0.0074192930
0.0090191220
0.0034586740
0.0031896580
0.0032041070
0.0031877380
0.0032398830
0.0031395660
0.0031836830
0.0031354880
0.0031205850
0.0090663750
0.0031784600
0.0031790270
0.0031888990
0.0031336180
0.0031383580
0.0031014660
0.0031125920
0.0031238740
0.0030574060
