0.0000165870
0.0000034660
0.0000034540
0.0000031980
0.0000032730
0.0000030380
0.0000030430
0.0000031740
0.0000029580
0.0000030370
0.0000119520
0.0000034070
0.0000032290
0.0000031500
0.0000031650
0.0000030910
0.0000030120
0.0000030800
0.0000029670
0.0000030030
0.0000146910
0.0000045790
0.0000034550
0.0000033070
0.0000031940
0.0000031690
0.0000029980
0.0000031840
0.0000033270
0.0000030550
0.0000158790
0.0000038940
0.0000035890
0.0000033230
0.0000032990
0.0000031450
0.0000031380
0.0000032580
0.0000031090
0.0000032030
0.0000137480
0.0000033690
0.0000031650
0.0000031550
0.0000030950
0.0000030090
0.0000029610
0.0000031200
0.0000029530
0.0000030240
0.0000164460
0.0000037280
0.0000038820
0.0000038680
0.0000034160
0.0000032190
0.0000030660
0.0000033140
0.0000029840
0.0000034570
0.0000146900
0.0000036220
0.0000037130
0.0000033330
0.0000034430
0.0000031880
0.0000032160
0.0000033840
0.0000031530
0.0000032020
0.0000157340
0.0000039100
0.0000033890
0.0000031570
0.0000033110
0.0000030870
0.0000030640
0.0000031740
0.0000029770
0.0000030760
0.0000142590
0.0000033960
0.0000031220
0.0000029540
0.0000030330
0.0000029320
0.0000027950
0.0000029520
0.0000027860
0.0000028470
0.0000204840
0.0000055870
0.0000052540
0.0000051360
0.0000051420
0.0000048340
0.0000047590
0.0000049350
0.0000046570
0.0000048620
0.0000181710
0.0000054950
0.0000052830
0.0000049490
0.0000050610
0.0000048140
0.0000047400
0.0000049160
0.0000046470
0.0000047270
0.0000159310
0.0000052930
0.0000050260
0.0000049000
0.0000048550
0.0000047220
0.0000045600
0.0000047110
0.0000045140
0.0000046950
0.0000144900
0.0000037740
0.0000034530
0.0000033890
0.0000034790
0.0000033240
0.0000032780
0.0000034150
0.0000032020
0.0000033090
0.0000125290
0.0000035830
0.0000035050
0.0000033910
0.0000033700
0.0000032250
0.0000031820
0.0000033620
0.0000031240
0.0000032130
0.0000153450
0.0000040180
0.0000035350
0.0000040920
0.0000037530
0.0000034500
0.0000032740
0.0000034990
0.0000036780
0.0000033390
0.0000204730
0.0000046850
0.0000045480
0.0000039540
0.0000039600
0.0000037380
0.0000036710
0.0000038060
0.0000035860
0.0000037850
0.0000169990
0.0000042960
0.0000035080
0.0000032580
0.0000033120
0.0000031720
0.0000031340
0.0000033680
0.0000030700
0.0000032810
0.0000119560
0.0000032860
0.0000031350
0.0000029840
0.0000030210
0.0000028500
0.0000028130
0.0000029080
0.0000027690
0.0000028410
0.0000122840
0.0000030970
0.0000029020
0.0000027830
0.0000029030
0.0000027780
0.0000026840
0.0000028600
0.0000027440
0.0000027400
0.0000140830
0.0000035700
0.0000032670
0.0000032210
0.0000031610
0.0000031200
0.0000030610
0.0000031790
0.0000030250
0.0000030110
