0.0008620230
0.0002066280
0.0001870180
0.0001902750
0.0001923710
0.0001860480
0.0001867600
0.0001819780
0.0001807290
0.0001780050
0.0008666750
0.0002174420
0.0002022610
0.0001927410
0.0001788100
0.0001859540
0.0001839360
0.0001801890
0.0001772120
0.0001941890
0.0008898930
0.0001976700
0.0001865100
0.0001871900
0.0001925570
0.0001872310
0.0001850920
0.0001789510
0.0001872510
0.0001883030
0.0013409300
0.0007826310
0.0006901280
0.0006139530
0.0006111240
0.0005663370
0.0004965090
0.0004581210
0.0004537170
0.0004521660
0.0009374910
0.0002247010
0.0001985090
0.0001975100
0.0001828760
0.0001828610
0.0001916180
0.0001854280
0.0001831690
0.0001889740
0.0008789870
0.0001906300
0.0001750160
0.0001798510
0.0001792110
0.0001755900
0.0001740600
0.0001732570
0.0001750780
0.0001734200
0.0008753000
0.0002033820
0.0001805470
0.0001796000
0.0001788630
0.0001768220
0.0001767600
0.0001791210
0.0001789310
0.0001777060
0.0008888970
0.0001903190
0.0001714430
0.0001786930
0.0001646210
0.0001650400
0.0001636530
0.0001637040
0.0001632180
0.0001642840
0.0010817500
0.0005406470
0.0004210880
0.0004033730
0.0004412300
0.0004540510
0.0005018380
0.0005013380
0.0005047710
0.0005109560
0.0013229010
0.0002657710
0.0002498080
0.0002493220
0.0002409440
0.0002424780
0.0002604940
0.0002561720
0.0002490840
0.0002575650
0.0009314420
0.0002056000
0.0001918160
0.0001925030
0.0001865780
0.0001901050
0.0001878440
0.0001866700
0.0001864930
0.0001940620
0.0009359040
0.0001987140
0.0001874110
0.0001864420
0.0001769870
0.0001943830
0.0002061670
0.0002139970
0.0002232100
0.0002505180
0.0009200110
0.0002299830
0.0002071890
0.0001978960
0.0001986170
0.0001944730
0.0001972180
0.0002188710
0.0001886330
0.0001871670
0.0012553400
0.0006876380
0.0005819830
0.0005033130
0.0004309120
0.0004110290
0.0004148460
0.0003988460
0.0003916410
0.0003853030
0.0008731490
0.0001836620
0.0001712620
0.0001653770
0.0001653590
0.0001638470
0.0001625370
0.0001601980
0.0001590740
0.0001734510
0.0008785140
0.0001984020
0.0001897360
0.0001874130
0.0001838130
0.0001861280
0.0001839500
0.0001830540
0.0001931190
0.0001871350
0.0011820910
0.0007204610
0.0006323150
0.0005909150
0.0005061200
0.0004496610
0.0004233400
0.0004221670
0.0004302670
0.0004244980
0.0009008070
0.0002060250
0.0001890160
0.0001901610
0.0001861610
0.0001875830
0.0001853450
0.0001868250
0.0001865610
0.0001845830
0.0008786740
0.0001854610
0.0001745610
0.0001633960
0.0001631410
0.0001626980
0.0001627890
0.0001590100
0.0001590120
0.0001587710
0.0009120670
0.0001990920
0.0001801170
0.0001762600
0.0001696630
0.0001700320
0.0001787600
0.0001672490
0.0001721700
0.0001706600
