0.0004441700
0.0000862320
0.0000778930
0.0000784440
0.0000775250
0.0000802470
0.0000793610
0.0000792360
0.0000798550
0.0000791190
0.0007195030
0.0003123900
0.0001710920
0.0001251980
0.0001006960
0.0000958370
0.0000916850
0.0000916050
0.0000893150
0.0000893870
0.0004340210
0.0000936410
0.0000878680
0.0000874540
0.0000880080
0.0000889960
0.0000877820
0.0000873910
0.0000872780
0.0000873310
0.0008461640
0.0003759920
0.0002421530
0.0001651840
0.0001296130
0.0001139880
0.0001092320
0.0001106570
0.0001321380
0.0001193670
0.0004152490
0.0000785500
0.0000748720
0.0000739600
0.0000740410
0.0000748820
0.0000737370
0.0000777640
0.0000738310
0.0000735110
0.0007133640
0.0001342080
0.0001253460
0.0001218470
0.0001240520
0.0001277620
0.0001251670
0.0001260550
0.0001278890
0.0001271260
0.0006407380
0.0001188270
0.0001118140
0.0001120910
0.0001102190
0.0001115500
0.0001112190
0.0001114810
0.0001111850
0.0001109450
0.0006391050
0.0001269900
0.0001208370
0.0001214180
0.0001208930
0.0001210840
0.0001228450
0.0001210150
0.0001204920
0.0001206410
0.0006408340
0.0001184360
0.0001125540
0.0001116780
0.0001116050
0.0001116650
0.0001120350
0.0001120870
0.0001113900
0.0001113130
0.0004526330
0.0000843550
0.0000797650
0.0000797230
0.0000793640
0.0000789640
0.0000791800
0.0000792020
0.0000792280
0.0000790610
0.0004448660
0.0000885800
0.0000822200
0.0000814850
0.0000818810
0.0000824120
0.0000816490
0.0000816230
0.0000813540
0.0000813270
0.0007268780
0.0003255070
0.0001837880
0.0001402660
0.0001084170
0.0001039440
0.0001021040
0.0001006890
0.0001022230
0.0001020590
0.0006244030
0.0002617110
0.0001645450
0.0001185870
0.0000945290
0.0000889210
0.0000860840
0.0000916090
0.0000874890
0.0000894900
0.0004258190
0.0000903240
0.0000840100
0.0000841090
0.0000835000
0.0000837430
0.0000833800
0.0000831100
0.0000832680
0.0000839200
0.0004209550
0.0000818120
0.0000781950
0.0000750800
0.0000747280
0.0000748030
0.0000746720
0.0000745820
0.0000746270
0.0000746820
0.0004232480
0.0000840960
0.0000759440
0.0000755670
0.0000748030
0.0000756900
0.0000751050
0.0000763330
0.0000763900
0.0000759030
0.0004365210
0.0000940740
0.0000900380
0.0000898190
0.0000902320
0.0000913460
0.0000902720
0.0000902170
0.0000900730
0.0000900190
0.0004302370
0.0000866860
0.0000809940
0.0000804020
0.0000804730
0.0000808970
0.0000803890
0.0000810220
0.0000808990
0.0000808090
0.0004379830
0.0000870250
0.0000820060
0.0000821380
0.0000818790
0.0000829320
0.0000819590
0.0000814080
0.0000814420
0.0000815520
0.0004269590
0.0000804260
0.0000758090
0.0000757130
0.0000754750
0.0000759620
0.0000754990
0.0000753120
0.0000749190
0.0000755750
