0.0306031200
0.0212223570
0.0211894480
0.0211165460
0.0208533120
0.0208802020
0.0208186080
0.0207201490
0.0207215980
0.0206429490
0.0301463810
0.0210860450
0.0210795070
0.0209578150
0.0208848660
0.0208416700
0.0206461780
0.0206273290
0.0206106290
0.0205651640
0.0307283660
0.0205352000
0.0204586890
0.0204756890
0.0204180920
0.0204517640
0.0204334010
0.0204214410
0.0204456750
0.0204799990
0.0316254670
0.0186694350
0.0186498420
0.0186037090
0.0208082460
0.0311571250
0.0373295170
0.0375225940
0.0376623930
0.0376664410
0.0286104260
0.0116103730
0.0115644070
0.0132935100
0.0150806400
0.0150387610
0.0159613960
0.0198397220
0.0197541740
0.0197801550
0.0284889400
0.0114733420
0.0113957600
0.0150120650
0.0150583160
0.0149944820
0.0187298190
0.0185853130
0.0185730540
0.0185642230
0.0348851430
0.0257848200
0.0319338670
0.0317601670
0.0354199530
0.0383056020
0.0401405690
0.0380403460
0.0401132200
0.0379736130
0.0301448420
0.0151853370
0.0151549570
0.0169107100
0.0186555550
0.0186144580
0.0186987060
0.0185813180
0.0185918150
0.0186248500
0.0311629130
0.0155368290
0.0177557750
0.0157409400
0.0198401840
0.0199272120
0.0198292640
0.0199543670
0.0206426810
0.0326252400
0.0288736920
0.0152530470
0.0152201800
0.0152688230
0.0191629350
0.0191262770
0.0190665160
0.0191596300
0.0194532090
0.0192856050
0.0297427050
0.0152057450
0.0151913120
0.0169500620
0.0188724020
0.0188449030
0.0207271900
0.0279559470
0.0198163920
0.0194548580
0.0352759310
0.0154701170
0.0199250290
0.0198357850
0.0200273980
0.0200415330
0.0200590040
0.0202504960
0.0202910900
0.0203714640
0.0338976400
0.0158182160
0.0209355530
0.0207601720
0.0206507550
0.0207059960
0.0205491010
0.0204718590
0.0204570970
0.0204478910
0.0432459940
0.0242385330
0.0201223330
0.0194702370
0.0192336080
0.0190853900
0.0192723580
0.0192206280
0.0190554900
0.0190722990
0.0312052790
0.0195101770
0.0270811960
0.0259068350
0.0197906010
0.0196474450
0.0195997000
0.0202362230
0.0196884600
0.0195388800
0.0298404880
0.0116280830
0.0115630500
0.0115883250
0.0114794680
0.0115546020
0.0114852040
0.0114643280
0.0114872010
0.0114748350
0.0334430870
0.0122217140
0.0140320310
0.0133480520
0.0123045930
0.0122661820
0.0129355980
0.0183051490
0.0130240420
0.0129729970
0.0277357360
0.0115329920
0.0115238800
0.0114736410
0.0114776810
0.0114913900
0.0114488830
0.0115742270
0.0116636080
0.0114975610
0.0302930120
0.0118824520
0.0118015870
0.0118190810
0.0118086440
0.0118175190
0.0117481040
0.0117484610
0.0117156160
0.0117826570
0.0303331910
0.0118035420
0.0117298090
0.0117635260
0.0117218180
0.0117425910
0.0116663930
0.0116585490
0.0116695030
0.0116673540
