0.0018115570
0.0005289890
0.0004882500
0.0004644180
0.0004703040
0.0004809970
0.0004589170
0.0004621140
0.0004581260
0.0005615820
0.0029555860
0.0015102220
0.0014127630
0.0013830240
0.0012956670
0.0011206580
0.0011520450
0.0011188530
0.0010827300
0.0010633070
0.0018149580
0.0005389700
0.0004956980
0.0004723210
0.0004855070
0.0004844560
0.0004666950
0.0004664380
0.0004688590
0.0004754230
0.0018086870
0.0005339380
0.0004895270
0.0004717500
0.0004932110
0.0004772290
0.0005150430
0.0004657320
0.0005267610
0.0005298440
0.0026673510
0.0015173510
0.0014391580
0.0014099560
0.0012051600
0.0011585580
0.0012098310
0.0011757030
0.0011229870
0.0011160020
0.0021551400
0.0005522150
0.0005210480
0.0005159390
0.0005058210
0.0005103750
0.0004998980
0.0005058050
0.0005644850
0.0005052240
0.0017901600
0.0005624060
0.0005207540
0.0005185730
0.0004992030
0.0005005550
0.0004842150
0.0005701890
0.0005898850
0.0006239160
0.0021192180
0.0009458510
0.0008444450
0.0009938780
0.0010975030
0.0010098010
0.0011850180
0.0011825660
0.0012302370
0.0012610820
0.0019250200
0.0005489450
0.0005248450
0.0005978520
0.0006438590
0.0006170210
0.0006110760
0.0006942640
0.0008709630
0.0009283380
0.0019134920
0.0005749360
0.0006606780
0.0005351500
0.0006098430
0.0005683220
0.0005592790
0.0006142920
0.0005599020
0.0005560390
0.0027976060
0.0015781770
0.0015110830
0.0014633880
0.0014412050
0.0013926000
0.0013969490
0.0013771010
0.0013725070
0.0013817880
0.0034329970
0.0020794550
0.0020684660
0.0020444670
0.0019574800
0.0019419580
0.0019205340
0.0019264710
0.0018754120
0.0018751760
0.0019839330
0.0008302600
0.0006872600
0.0006389320
0.0006540070
0.0006281520
0.0006096630
0.0006143560
0.0005955950
0.0006029570
0.0018251920
0.0005446890
0.0005012290
0.0004737510
0.0004865420
0.0004788490
0.0004761400
0.0004752260
0.0004679930
0.0004624560
0.0017831470
0.0005235290
0.0004940670
0.0004827790
0.0004791110
0.0004771420
0.0004891690
0.0004722160
0.0004733470
0.0004690970
0.0018476360
0.0005587350
0.0005303120
0.0004885560
0.0005019440
0.0004846330
0.0004848030
0.0004955080
0.0004872140
0.0004875660
0.0017816410
0.0005340400
0.0004829530
0.0004564530
0.0004711210
0.0004719660
0.0004548150
0.0004578340
0.0004481340
0.0005436430
0.0018024150
0.0005359930
0.0005053650
0.0004774820
0.0004808100
0.0004660640
0.0004608940
0.0004775000
0.0004561390
0.0004672810
0.0018070940
0.0005583000
0.0005160570
0.0004907680
0.0005007720
0.0004941160
0.0004874890
0.0004965280
0.0005729150
0.0005924380
0.0017934480
0.0005358430
0.0004968410
0.0004650070
0.0004910960
0.0004837250
0.0004707190
0.0004834010
0.0004661570
0.0004754090
