0.0000013540
0.0000007000
0.0000005240
0.0000007380
0.0000005080
0.0000004930
0.0000005380
0.0000004980
0.0000003200
0.0000004860
0.0000010110
0.0000006940
0.0000005220
0.0000006360
0.0000004960
0.0000004870
0.0000004640
0.0000004870
0.0000003770
0.0000004590
0.0000015690
0.0000006120
0.0000005830
0.0000006810
0.0000005320
0.0000005410
0.0000003860
0.0000003760
0.0000003680
0.0000004610
0.0000009670
0.0000005960
0.0000005250
0.0000012060
0.0000004880
0.0000004870
0.0000004230
0.0000004270
0.0000003170
0.0000004250
0.0000009940
0.0000007720
0.0000006730
0.0000007330
0.0000005400
0.0000005010
0.0000003680
0.0000003900
0.0000003000
0.0000004300
0.0000014260
0.0000005930
0.0000005020
0.0000006930
0.0000005060
0.0000004750
0.0000004160
0.0000003640
0.0000003160
0.0000004680
0.0000010150
0.0000006790
0.0000006830
0.0000008010
0.0000006310
0.0000006270
0.0000005100
0.0000004650
0.0000004370
0.0000005860
0.0000009810
0.0000006890
0.0000006930
0.0000006920
0.0000005430
0.0000005100
0.0000003900
0.0000003300
0.0000003410
0.0000004700
0.0000013450
0.0000011130
0.0000007510
0.0000007300
0.0000006900
0.0000006100
0.0000006420
0.0000007370
0.0000004730
0.0000005250
0.0000010570
0.0000006400
0.0000005460
0.0000006860
0.0000005680
0.0000004800
0.0000004160
0.0000004930
0.0000003120
0.0000004260
0.0000009080
0.0000005920
0.0000005710
0.0000006960
0.0000005620
0.0000005430
0.0000004680
0.0000004270
0.0000003250
0.0000004890
0.0000014120
0.0000006680
0.0000006630
0.0000007850
0.0000004940
0.0000004690
0.0000003840
0.0000003910
0.0000002930
0.0000004350
0.0000010570
0.0000006590
0.0000006470
0.0000008110
0.0000005270
0.0000005620
0.0000004350
0.0000007720
0.0000003420
0.0000004430
0.0000018830
0.0000005480
0.0000005830
0.0000007300
0.0000005650
0.0000005320
0.0000004010
0.0000003740
0.0000003120
0.0000005010
0.0000013420
0.0000007570
0.0000006670
0.0000010640
0.0000006570
0.0000006000
0.0000004460
0.0000004900
0.0000004450
0.0000005910
0.0000012390
0.0000007830
0.0000007140
0.0000009040
0.0000005710
0.0000006010
0.0000004550
0.0000004040
0.0000003610
0.0000005150
0.0000016420
0.0000006640
0.0000006720
0.0000007950
0.0000006560
0.0000006440
0.0000004570
0.0000004740
0.0000005250
0.0000005700
0.0000010770
0.0000008370
0.0000007590
0.0000009640
0.0000007450
0.0000007110
0.0000005730
0.0000004130
0.0000003840
0.0000005120
0.0000012740
0.0000007630
0.0000007190
0.0000008290
0.0000006510
0.0000006460
0.0000005140
0.0000004630
0.0000004230
0.0000006140
0.0000009610
0.0000012530
0.0000005860
0.0000008240
0.0000005150
0.0000005230
0.0000003980
0.0000003680
0.0000003140
0.0000004550
