0.0000009230
0.0000005530
0.0000004790
0.0000006610
0.0000004250
0.0000004260
0.0000003610
0.0000003370
0.0000002390
0.0000003930
0.0000008530
0.0000005870
0.0000005290
0.0000006170
0.0000004770
0.0000004380
0.0000003970
0.0000003200
0.0000002680
0.0000003890
0.0000010710
0.0000004890
0.0000005100
0.0000008240
0.0000004590
0.0000004340
0.0000003520
0.0000003210
0.0000002920
0.0000004050
0.0000008990
0.0000005990
0.0000005470
0.0000007160
0.0000005430
0.0000004340
0.0000003240
0.0000008220
0.0000002640
0.0000004060
0.0000008390
0.0000005380
0.0000005070
0.0000007270
0.0000004940
0.0000004860
0.0000003550
0.0000003460
0.0000002720
0.0000004240
0.0000009210
0.0000006520
0.0000004780
0.0000005960
0.0000004450
0.0000004290
0.0000003630
0.0000003930
0.0000002460
0.0000003700
0.0000014880
0.0000009830
0.0000005040
0.0000007160
0.0000004880
0.0000004470
0.0000006710
0.0000004980
0.0000002870
0.0000004060
0.0000008630
0.0000005950
0.0000004820
0.0000006350
0.0000004550
0.0000004570
0.0000003580
0.0000003370
0.0000002400
0.0000004080
0.0000008970
0.0000005570
0.0000005910
0.0000006840
0.0000005300
0.0000004700
0.0000003580
0.0000003470
0.0000002440
0.0000003860
0.0000010650
0.0000006070
0.0000006160
0.0000009240
0.0000005640
0.0000005490
0.0000004450
0.0000003940
0.0000003650
0.0000004930
0.0000012890
0.0000006290
0.0000005890
0.0000008340
0.0000005560
0.0000005410
0.0000004840
0.0000003830
0.0000003250
0.0000004850
0.0000010530
0.0000006620
0.0000006720
0.0000008070
0.0000006360
0.0000006010
0.0000004760
0.0000003620
0.0000002850
0.0000004960
0.0000010530
0.0000006000
0.0000005750
0.0000007610
0.0000005510
0.0000005180
0.0000004240
0.0000005310
0.0000003290
0.0000004460
0.0000010030
0.0000006170
0.0000005800
0.0000007580
0.0000005660
0.0000005150
0.0000004170
0.0000003840
0.0000003140
0.0000004600
0.0000010420
0.0000010690
0.0000006040
0.0000007650
0.0000005980
0.0000005450
0.0000004500
0.0000004220
0.0000003040
0.0000005210
0.0000010000
0.0000006360
0.0000006230
0.0000007980
0.0000006170
0.0000005690
0.0000004600
0.0000004310
0.0000002960
0.0000004600
0.0000009890
0.0000006220
0.0000006350
0.0000007770
0.0000006350
0.0000006210
0.0000004570
0.0000003990
0.0000003830
0.0000004670
0.0000010540
0.0000005950
0.0000006020
0.0000007700
0.0000005750
0.0000005080
0.0000004000
0.0000003030
0.0000003130
0.0000004580
0.0000010270
0.0000006020
0.0000006190
0.0000007750
0.0000006140
0.0000005910
0.0000004790
0.0000004230
0.0000003660
0.0000005320
0.0000009920
0.0000005240
0.0000005010
0.0000006850
0.0000004870
0.0000004790
0.0000003570
0.0000003340
0.0000002680
0.0000004630
