0.0000014370
0.0000009230
0.0000009140
0.0000009730
0.0000008640
0.0000007920
0.0000007030
0.0000007250
0.0000006640
0.0000008100
0.0000020540
0.0000007310
0.0000006310
0.0000007340
0.0000006400
0.0000006060
0.0000004510
0.0000004520
0.0000003690
0.0000005220
0.0000011990
0.0000008590
0.0000008780
0.0000009870
0.0000008440
0.0000008090
0.0000006550
0.0000004210
0.0000003670
0.0000005050
0.0000012390
0.0000009260
0.0000009070
0.0000007590
0.0000005790
0.0000006160
0.0000007230
0.0000004530
0.0000003630
0.0000005300
0.0000012700
0.0000008800
0.0000008580
0.0000010100
0.0000008600
0.0000008760
0.0000007750
0.0000006890
0.0000004020
0.0000005600
0.0000012030
0.0000006920
0.0000006050
0.0000007150
0.0000005870
0.0000005660
0.0000004810
0.0000004390
0.0000003950
0.0000005090
0.0000018000
0.0000007350
0.0000006350
0.0000007780
0.0000006230
0.0000005790
0.0000005010
0.0000004270
0.0000003500
0.0000005190
0.0000012010
0.0000007800
0.0000007270
0.0000008660
0.0000007230
0.0000007430
0.0000005390
0.0000005140
0.0000004480
0.0000006550
0.0000014450
0.0000007300
0.0000007110
0.0000008550
0.0000007210
0.0000006980
0.0000005070
0.0000004760
0.0000004670
0.0000006380
0.0000016760
0.0000011060
0.0000007870
0.0000008790
0.0000007450
0.0000007230
0.0000007310
0.0000004770
0.0000004680
0.0000006320
0.0000012520
0.0000008020
0.0000007900
0.0000009460
0.0000007460
0.0000007470
0.0000005750
0.0000005240
0.0000005140
0.0000006760
0.0000015190
0.0000008410
0.0000007640
0.0000010250
0.0000007540
0.0000007010
0.0000005490
0.0000005180
0.0000004440
0.0000006250
0.0000015550
0.0000009010
0.0000007340
0.0000009780
0.0000007220
0.0000006730
0.0000007500
0.0000005170
0.0000004370
0.0000006150
0.0000013760
0.0000010230
0.0000010260
0.0000011240
0.0000010150
0.0000009710
0.0000008250
0.0000007820
0.0000007330
0.0000008830
0.0000012200
0.0000007910
0.0000007740
0.0000009500
0.0000007290
0.0000007470
0.0000005180
0.0000007850
0.0000004760
0.0000006900
0.0000013750
0.0000007510
0.0000007520
0.0000007960
0.0000006640
0.0000006720
0.0000005170
0.0000005390
0.0000004540
0.0000005940
0.0000013680
0.0000010940
0.0000007030
0.0000008700
0.0000006940
0.0000006550
0.0000005450
0.0000004840
0.0000004000
0.0000006050
0.0000012080
0.0000007310
0.0000007070
0.0000008450
0.0000006930
0.0000006110
0.0000005360
0.0000005190
0.0000004580
0.0000005960
0.0000016570
0.0000006660
0.0000007230
0.0000008970
0.0000006440
0.0000006030
0.0000005430
0.0000010990
0.0000004010
0.0000005800
0.0000011450
0.0000008290
0.0000008200
0.0000009020
0.0000005600
0.0000005550
0.0000004070
0.0000004130
0.0000003780
0.0000005020
