0.0228968180
0.0114932310
0.0115046310
0.0115709310
0.0103028050
0.0103151450
0.0101248840
0.0100215270
0.0101158600
0.0099413720
0.0209929810
0.0095062150
0.0094210250
0.0093970210
0.0093618520
0.0093831940
0.0094354160
0.0093473140
0.0091446310
0.0063315510
0.0143440150
0.0056246680
0.0066243340
0.0074756260
0.0075266590
0.0079101310
0.0099596090
0.0122364920
0.0162883590
0.0168878730
0.0147316470
0.0056506300
0.0056287560
0.0056130330
0.0056118720
0.0056305250
0.0055743870
0.0055671480
0.0055728740
0.0055463790
0.0148687810
0.0075843900
0.0075255440
0.0075154250
0.0091247930
0.0092656210
0.0097514090
0.0095153450
0.0094731760
0.0094325270
0.0144402860
0.0056922350
0.0056507860
0.0056777300
0.0070862950
0.0075357820
0.0074875240
0.0082857330
0.0093763710
0.0093466380
0.0155202490
0.0059059660
0.0075819360
0.0096692580
0.0125639410
0.0158559100
0.0119108940
0.0111388640
0.0109861880
0.0109670910
0.0153040100
0.0066824900
0.0077571960
0.0076476030
0.0078666590
0.0105058780
0.0104804080
0.0105290990
0.0104169830
0.0103911140
0.0154036400
0.0076701240
0.0076073090
0.0104837380
0.0150395370
0.0147211050
0.0106682780
0.0103340190
0.0108421940
0.0102861490
0.0154885120
0.0089904530
0.0094258770
0.0094825320
0.0094157530
0.0097968180
0.0095177140
0.0095806150
0.0094126810
0.0094623460
0.0168170110
0.0076223460
0.0075754770
0.0099489760
0.0098431580
0.0098676680
0.0098478440
0.0098141940
0.0099049250
0.0099682100
0.0169484570
0.0086393870
0.0093590850
0.0092608910
0.0092280970
0.0092936150
0.0092232880
0.0092259000
0.0092263940
0.0092234400
0.0168586350
0.0058656650
0.0058411390
0.0058154320
0.0058824460
0.0059070380
0.0059032460
0.0058405560
0.0058371170
0.0057890280
0.0152633710
0.0058083750
0.0057775980
0.0057424270
0.0057629070
0.0057486330
0.0057270970
0.0057106360
0.0056923800
0.0057085130
0.0153058480
0.0058057240
0.0057569890
0.0057212280
0.0057125070
0.0057103670
0.0056889320
0.0056737210
0.0056556710
0.0056573770
0.0166910970
0.0060150850
0.0059722850
0.0076687290
0.0081465860
0.0100974110
0.0099410020
0.0100178040
0.0100273630
0.0067762950
0.0142486790
0.0056217560
0.0055891750
0.0056336800
0.0055970370
0.0056708410
0.0055900730
0.0055651340
0.0055816660
0.0055660210
0.0146809900
0.0057141890
0.0056853360
0.0056593600
0.0056525890
0.0056569620
0.0056646090
0.0056615870
0.0056142730
0.0056486020
0.0223632720
0.0153128490
0.0131736240
0.0131753910
0.0116858560
0.0115278520
0.0095381180
0.0084230380
0.0064705220
0.0064276350
0.0157417140
0.0095213940
0.0096153530
0.0096922230
0.0098530620
0.0087474930
0.0081004870
0.0076617020
0.0075422750
0.0090586000
