0.0014722870
0.0007183680
0.0006187900
0.0004429200
0.0003637110
0.0003350900
0.0002835490
0.0002528240
0.0002246500
0.0002037610
0.0010629400
0.0002293500
0.0001492360
0.0001132430
0.0001037180
0.0001009140
0.0000965820
0.0000960110
0.0000966510
0.0000983100
0.0006824630
0.0002760420
0.0001716050
0.0001308900
0.0001147130
0.0001207880
0.0001085300
0.0001090420
0.0001096670
0.0001110640
0.0011049270
0.0007805470
0.0006863920
0.0005588750
0.0004916460
0.0004311840
0.0003338220
0.0003333130
0.0002836970
0.0002324010
0.0007432860
0.0002079390
0.0001344110
0.0001142080
0.0001072590
0.0001044280
0.0001002270
0.0001011860
0.0001015290
0.0001013880
0.0009648380
0.0002614920
0.0001750180
0.0001515860
0.0001392140
0.0001325770
0.0001289950
0.0001283830
0.0001313700
0.0001284940
0.0008208860
0.0003100160
0.0001993040
0.0001409560
0.0001131200
0.0001091310
0.0001077630
0.0001064700
0.0001196810
0.0001119480
0.0009231990
0.0004449850
0.0003145850
0.0002241300
0.0001968600
0.0001652020
0.0001644810
0.0001349310
0.0001356640
0.0001325340
0.0007987240
0.0003587390
0.0002381290
0.0001699090
0.0001326680
0.0001313090
0.0001181490
0.0001151940
0.0001201780
0.0001185100
0.0009225920
0.0004675750
0.0003513590
0.0002700820
0.0002168110
0.0001874580
0.0001463440
0.0001394190
0.0001314340
0.0001269900
0.0008391530
0.0003558400
0.0002295640
0.0001673780
0.0001453020
0.0001429600
0.0001343490
0.0001388930
0.0001362900
0.0001360970
0.0007155130
0.0002359400
0.0001752090
0.0003692990
0.0001297590
0.0001272020
0.0001160750
0.0001180270
0.0001232530
0.0001227990
0.0006077070
0.0001124680
0.0001090510
0.0001098020
0.0001109570
0.0001082490
0.0001096340
0.0001088860
0.0001092950
0.0001104030
0.0006080690
0.0001175850
0.0001132740
0.0001118490
0.0001121860
0.0001112540
0.0001121270
0.0001099770
0.0001226350
0.0002748250
0.0005623360
0.0000894910
0.0000930250
0.0000869950
0.0001014500
0.0000908190
0.0000964170
0.0000953760
0.0000946390
0.0000947380
0.0005648470
0.0000986700
0.0000968510
0.0000967000
0.0000973620
0.0000961540
0.0000968080
0.0000966130
0.0000966510
0.0000972410
0.0005554880
0.0001037070
0.0000980200
0.0000969450
0.0000974000
0.0000989050
0.0000962560
0.0000960950
0.0000966820
0.0000963880
0.0008119130
0.0003555770
0.0002599730
0.0001984340
0.0001690960
0.0001578540
0.0001184770
0.0001218760
0.0001165260
0.0001168650
0.0007470170
0.0002509100
0.0001649670
0.0001371080
0.0001089330
0.0001113080
0.0001079980
0.0001041080
0.0001060100
0.0001027750
0.0005407980
0.0000973260
0.0000932710
0.0000929480
0.0000939320
0.0000924850
0.0000927760
0.0000918490
0.0000917350
0.0000929080
