0.0001307630
0.0000205380
0.0000208440
0.0000204700
0.0000207450
0.0000206390
0.0000200910
0.0000203270
0.0000204780
0.0000205400
0.0001330910
0.0000206320
0.0000206340
0.0000203180
0.0000203150
0.0000203150
0.0000203730
0.0000206410
0.0000204670
0.0000204870
0.0001321150
0.0000205400
0.0000199130
0.0000204010
0.0000199550
0.0000202380
0.0000201960
0.0000198820
0.0000200350
0.0000201120
0.0002055680
0.0000305930
0.0000250910
0.0000254700
0.0000263140
0.0000254610
0.0000246500
0.0000247280
0.0000250860
0.0000246250
0.0001280170
0.0000238100
0.0000237420
0.0000233140
0.0000236380
0.0000233430
0.0000236150
0.0000236700
0.0000235980
0.0000235640
0.0002550600
0.0000750920
0.0000374250
0.0000251420
0.0000245000
0.0000249840
0.0000233960
0.0000268100
0.0000264730
0.0000259430
0.0001726220
0.0000308740
0.0000242660
0.0000242470
0.0000234500
0.0000235110
0.0000232260
0.0000231130
0.0000227700
0.0000236010
0.0001811930
0.0000287320
0.0000257230
0.0000257300
0.0000252370
0.0000252380
0.0000248390
0.0000258690
0.0000265700
0.0000259860
0.0001619260
0.0000275230
0.0000286890
0.0000269520
0.0000277910
0.0000276530
0.0000261000
0.0000283010
0.0000275970
0.0000278150
0.0001635530
0.0000269460
0.0000280350
0.0000268100
0.0000276290
0.0000271450
0.0000278010
0.0000265730
0.0000272130
0.0000285640
0.0001646820
0.0000257070
0.0000244200
0.0000249450
0.0000243510
0.0000243440
0.0000241020
0.0000241890
0.0000240780
0.0000245290
0.0001440360
0.0000229110
0.0000228950
0.0000230250
0.0000229460
0.0000230990
0.0000229680
0.0000226070
0.0000228060
0.0000231920
0.0001822120
0.0000292470
0.0000253080
0.0000253730
0.0000254150
0.0000253930
0.0000249860
0.0000254410
0.0000249700
0.0000251500
0.0001442430
0.0000262850
0.0000267500
0.0000267830
0.0000274040
0.0000268000
0.0000261900
0.0000269810
0.0000266970
0.0000270480
0.0001892140
0.0000327830
0.0000307760
0.0000303980
0.0000296140
0.0000300240
0.0000290200
0.0000296330
0.0000298470
0.0000300240
0.0001688030
0.0000281140
0.0000258410
0.0000258740
0.0000255770
0.0000258320
0.0000251930
0.0000255760
0.0000255520
0.0000255960
0.0001702100
0.0000306350
0.0000293640
0.0000295920
0.0000289240
0.0000287040
0.0000292420
0.0000297690
0.0000294310
0.0000301180
0.0001421280
0.0000237480
0.0000238030
0.0000236050
0.0000239390
0.0000238040
0.0000234130
0.0000235180
0.0000235520
0.0000236050
0.0001348160
0.0000206660
0.0000209090
0.0000210100
0.0000212730
0.0000209630
0.0000209350
0.0000209360
0.0000209270
0.0000211510
0.0001263040
0.0000192870
0.0000197180
0.0000193160
0.0000196810
0.0000196370
0.0000192740
0.0000195830
0.0000193970
0.0000195290
