0.0000004060
0.0000001860
0.0000001490
0.0000001230
0.0000001170
0.0000001120
0.0000001120
0.0000001320
0.0000001070
0.0000001390
0.0000004680
0.0000003230
0.0000002820
0.0000002770
0.0000002800
0.0000002830
0.0000002780
0.0000002910
0.0000002720
0.0000002770
0.0000005010
0.0000003330
0.0000002950
0.0000002850
0.0000002820
0.0000002810
0.0000002810
0.0000002930
0.0000002830
0.0000002820
0.0000005000
0.0000003070
0.0000002920
0.0000002870
0.0000002930
0.0000002830
0.0000002830
0.0000002850
0.0000002850
0.0000002850
0.0000004450
0.0000003260
0.0000002800
0.0000002800
0.0000002760
0.0000002800
0.0000002760
0.0000002720
0.0000002780
0.0000002830
0.0000005300
0.0000003300
0.0000002930
0.0000002950
0.0000002940
0.0000002830
0.0000002890
0.0000002930
0.0000002810
0.0000002870
0.0000005340
0.0000003340
0.0000001240
0.0000001530
0.0000001130
0.0000001560
0.0000001520
0.0000001240
0.0000001010
0.0000001250
0.0000005110
0.0000003230
0.0000002920
0.0000002840
0.0000002870
0.0000002920
0.0000002820
0.0000002850
0.0000002780
0.0000002830
0.0000005860
0.0000003440
0.0000002860
0.0000003120
0.0000002820
0.0000002830
0.0000002790
0.0000002840
0.0000002820
0.0000002840
0.0000004540
0.0000003340
0.0000002930
0.0000002770
0.0000002770
0.0000002780
0.0000002800
0.0000002970
0.0000002750
0.0000002790
0.0000005220
0.0000003420
0.0000001070
0.0000001660
0.0000001330
0.0000001250
0.0000001390
0.0000001230
0.0000001110
0.0000001220
0.0000004710
0.0000003310
0.0000002880
0.0000002890
0.0000002980
0.0000002870
0.0000002870
0.0000002960
0.0000002850
0.0000002900
0.0000005060
0.0000003350
0.0000002830
0.0000002730
0.0000002770
0.0000002940
0.0000002710
0.0000002810
0.0000002790
0.0000001250
0.0000005900
0.0000003580
0.0000001470
0.0000001230
0.0000001190
0.0000001220
0.0000001280
0.0000001410
0.0000001040
0.0000001240
0.0000005180
0.0000001950
0.0000001320
0.0000001560
0.0000001130
0.0000001270
0.0000001610
0.0000001380
0.0000001200
0.0000001130
0.0000004720
0.0000003210
0.0000002880
0.0000002800
0.0000002800
0.0000002780
0.0000002770
0.0000002820
0.0000002880
0.0000002830
0.0000005200
0.0000003100
0.0000003020
0.0000003050
0.0000002850
0.0000002860
0.0000002830
0.0000002790
0.0000002760
0.0000002860
0.0000005120
0.0000003230
0.0000003020
0.0000002810
0.0000002770
0.0000002770
0.0000002770
0.0000002770
0.0000002760
0.0000002780
0.0000006000
0.0000003650
0.0000003150
0.0000002910
0.0000002900
0.0000002860
0.0000002830
0.0000002830
0.0000002830
0.0000002970
0.0000005360
0.0000003130
0.0000001190
0.0000001180
0.0000001170
0.0000001130
0.0000001140
0.0000001220
0.0000001290
0.0000001250
