0.0000820030
0.0000353760
0.0000236670
0.0000237900
0.0000236950
0.0000237830
0.0000235740
0.0000247800
0.0000236540
0.0000238010
0.0000753960
0.0000257930
0.0000243690
0.0000240600
0.0000240620
0.0000241470
0.0000239250
0.0000250700
0.0000241860
0.0000238410
0.0000771510
0.0000280970
0.0000266480
0.0000265460
0.0000265440
0.0000265390
0.0000266850
0.0000274430
0.0000266720
0.0000264670
0.0000781540
0.0000251270
0.0000245670
0.0000241900
0.0000240140
0.0000242640
0.0000243620
0.0000254990
0.0000242220
0.0000241780
0.0000745630
0.0000250150
0.0000242920
0.0000244650
0.0000242430
0.0000242120
0.0000244480
0.0000251260
0.0000244800
0.0000245510
0.0000759030
0.0000254950
0.0000240770
0.0000239290
0.0000241620
0.0000239540
0.0000265410
0.0000400530
0.0000326470
0.0000241360
0.0000788680
0.0000272670
0.0000305730
0.0000268200
0.0000320690
0.0000250030
0.0000373170
0.0000276800
0.0000252400
0.0000250900
0.0000774310
0.0000255160
0.0000241090
0.0000240960
0.0000239740
0.0000240620
0.0000239930
0.0000252000
0.0000239570
0.0000239430
0.0000989420
0.0000257490
0.0000241810
0.0000242200
0.0000242310
0.0000242920
0.0000241330
0.0000250140
0.0000243060
0.0000242640
0.0000800480
0.0000261610
0.0000239110
0.0000239240
0.0000237500
0.0000235850
0.0000237390
0.0000260850
0.0000238260
0.0000239770
0.0000751700
0.0000255170
0.0000244040
0.0000243430
0.0000241590
0.0000242570
0.0000242110
0.0000259760
0.0000244120
0.0000245000
0.0000764210
0.0000251990
0.0000242190
0.0000243430
0.0000243070
0.0000243220
0.0000242150
0.0000252120
0.0000241650
0.0000242450
0.0000969090
0.0000295720
0.0000293160
0.0000297230
0.0000293380
0.0000294620
0.0000292190
0.0000303780
0.0000292460
0.0000294000
0.0001011670
0.0000309110
0.0000298970
0.0000293210
0.0000294830
0.0000294560
0.0000296050
0.0000303230
0.0000294270
0.0000296430
0.0000731240
0.0000253650
0.0000240790
0.0000239110
0.0000236980
0.0000239770
0.0000237960
0.0000243850
0.0000239780
0.0000238080
0.0000718320
0.0000249070
0.0000241850
0.0000245450
0.0000240930
0.0000241860
0.0000240850
0.0000244220
0.0000242520
0.0000242260
0.0000785470
0.0000264400
0.0000241550
0.0000242400
0.0000242790
0.0000243300
0.0000242090
0.0000254210
0.0000241760
0.0000243640
0.0000769350
0.0000252290
0.0000237630
0.0000236370
0.0000235090
0.0000237770
0.0000238470
0.0000247230
0.0000885560
0.0000258300
0.0000737030
0.0000254040
0.0000240670
0.0000241120
0.0000241760
0.0000242010
0.0000242410
0.0000258540
0.0000243000
0.0000241210
0.0000792720
0.0000259150
0.0000246870
0.0000245850
0.0000244060
0.0000243790
0.0000243590
0.0000259290
0.0000245300
0.0000244610
