0.0001915480
0.0000625970
0.0000605230
0.0000581070
0.0000582670
0.0000580720
0.0000582990
0.0000615810
0.0000584160
0.0000582150
0.0001548990
0.0000551320
0.0000494270
0.0000482790
0.0000480570
0.0000485120
0.0000484330
0.0000536970
0.0000483480
0.0000480890
0.0001712610
0.0000570080
0.0000510660
0.0000500720
0.0000495210
0.0000498450
0.0000501010
0.0000565380
0.0000496780
0.0000498060
0.0001569410
0.0000526830
0.0000493010
0.0000482740
0.0000482380
0.0000484610
0.0000480170
0.0000530900
0.0000480180
0.0000478590
0.0001500100
0.0000537510
0.0000497100
0.0000484020
0.0000478500
0.0000481210
0.0000480920
0.0000520820
0.0000486030
0.0000482080
0.0001620930
0.0000551350
0.0000501810
0.0000486490
0.0000485580
0.0000484980
0.0000486980
0.0000534540
0.0000487020
0.0000486260
0.0001586710
0.0000551160
0.0000487800
0.0000487370
0.0000486760
0.0000487060
0.0000487320
0.0000553930
0.0000485740
0.0000486130
0.0001631940
0.0000555880
0.0000494620
0.0000477830
0.0000480840
0.0000501790
0.0000574040
0.0000556110
0.0000490200
0.0000486070
0.0001577780
0.0000566780
0.0000492180
0.0000479560
0.0000483100
0.0000484150
0.0000484350
0.0000534920
0.0000480610
0.0000479840
0.0001643170
0.0000557060
0.0000506310
0.0000487290
0.0000487470
0.0000488440
0.0000487770
0.0000556930
0.0000485330
0.0000484640
0.0001622740
0.0000563470
0.0000484950
0.0000475620
0.0000478310
0.0000477190
0.0000476380
0.0000548690
0.0000484570
0.0000476220
0.0002002850
0.0000650800
0.0000600640
0.0000595830
0.0000591240
0.0000594290
0.0000593450
0.0000700150
0.0000595530
0.0000596790
0.0001663380
0.0000550390
0.0000497780
0.0000480200
0.0000479880
0.0000479700
0.0000481280
0.0000549110
0.0000487380
0.0000481730
0.0001634800
0.0000572860
0.0000498520
0.0000485400
0.0000482540
0.0000482820
0.0000484710
0.0000553370
0.0000484840
0.0000484020
0.0001633640
0.0000547220
0.0000492350
0.0000479100
0.0000478480
0.0000478270
0.0000479880
0.0000547120
0.0000483310
0.0000480900
0.0001477490
0.0000536610
0.0000491290
0.0000482210
0.0000567520
0.0000552920
0.0000482310
0.0000510130
0.0000483890
0.0000479750
0.0001793600
0.0000539470
0.0000495870
0.0000488270
0.0000488540
0.0000492530
0.0000490790
0.0000519000
0.0000491730
0.0000488130
0.0001642910
0.0000814840
0.0000492780
0.0000482670
0.0000480620
0.0000483650
0.0000480950
0.0000541670
0.0000479650
0.0000479140
0.0001661510
0.0000546920
0.0000495170
0.0000485270
0.0000488490
0.0000486050
0.0000485680
0.0000551040
0.0000486020
0.0000485180
0.0001552580
0.0000537050
0.0000485060
0.0000480600
0.0000482460
0.0000480800
0.0000562230
0.0000632200
0.0000480340
0.0000480520
