0.0000011150
0.0000007380
0.0000007030
0.0000007990
0.0000006380
0.0000005670
0.0000005020
0.0000004640
0.0000004300
0.0000005350
0.0000011500
0.0000010310
0.0000009110
0.0000010680
0.0000008780
0.0000008480
0.0000007290
0.0000006930
0.0000006780
0.0000005290
0.0000011770
0.0000008720
0.0000008550
0.0000009820
0.0000008100
0.0000008400
0.0000007220
0.0000006700
0.0000006560
0.0000007970
0.0000016660
0.0000009950
0.0000007700
0.0000010240
0.0000010590
0.0000008570
0.0000004940
0.0000004470
0.0000004070
0.0000005290
0.0000020900
0.0000008360
0.0000008530
0.0000016580
0.0000006050
0.0000005800
0.0000004190
0.0000003820
0.0000003680
0.0000005200
0.0000011950
0.0000008660
0.0000008400
0.0000009630
0.0000008100
0.0000005980
0.0000004390
0.0000004110
0.0000003740
0.0000005310
0.0000011860
0.0000009740
0.0000008830
0.0000010040
0.0000008720
0.0000008120
0.0000006940
0.0000006360
0.0000006210
0.0000005410
0.0000017130
0.0000010550
0.0000008870
0.0000011610
0.0000008230
0.0000008400
0.0000008780
0.0000007940
0.0000006870
0.0000008600
0.0000016170
0.0000010390
0.0000007140
0.0000008860
0.0000006810
0.0000006450
0.0000005380
0.0000005090
0.0000004350
0.0000005710
0.0000011330
0.0000006940
0.0000006750
0.0000008460
0.0000006900
0.0000006220
0.0000005280
0.0000004740
0.0000004320
0.0000006140
0.0000012760
0.0000009860
0.0000007180
0.0000008130
0.0000006630
0.0000006700
0.0000004580
0.0000004780
0.0000004400
0.0000006480
0.0000013000
0.0000009810
0.0000010110
0.0000011510
0.0000010010
0.0000009710
0.0000008070
0.0000006710
0.0000004350
0.0000005850
0.0000013280
0.0000010350
0.0000009670
0.0000011310
0.0000009580
0.0000009430
0.0000005210
0.0000004610
0.0000004700
0.0000006200
0.0000014070
0.0000009730
0.0000010130
0.0000012840
0.0000013220
0.0000009350
0.0000007400
0.0000006480
0.0000005700
0.0000008850
0.0000015770
0.0000008280
0.0000007690
0.0000008720
0.0000006950
0.0000006880
0.0000005790
0.0000006250
0.0000006070
0.0000006340
0.0000013770
0.0000009410
0.0000007440
0.0000008920
0.0000007480
0.0000007070
0.0000005860
0.0000005400
0.0000004830
0.0000006440
0.0000014710
0.0000007700
0.0000007340
0.0000008960
0.0000007520
0.0000006700
0.0000006080
0.0000004730
0.0000004620
0.0000006210
0.0000013910
0.0000009540
0.0000009660
0.0000008250
0.0000006850
0.0000006430
0.0000005640
0.0000004850
0.0000004430
0.0000005900
