0.0000392180
0.0000143210
0.0000144160
0.0000245610
0.0000213460
0.0000139070
0.0000138490
0.0000137720
0.0000137130
0.0000137250
0.0000381890
0.0000146230
0.0000142320
0.0000141560
0.0000140110
0.0000140010
0.0000140370
0.0000144600
0.0000140600
0.0000198550
0.0000376110
0.0000120930
0.0000119460
0.0000120170
0.0000120110
0.0000118730
0.0000119310
0.0000124700
0.0000118480
0.0000119820
0.0000407080
0.0000122660
0.0000118300
0.0000119150
0.0000118200
0.0000118160
0.0000119100
0.0000121750
0.0000117090
0.0000116460
0.0000383990
0.0000122180
0.0000120080
0.0000119680
0.0000119870
0.0000119060
0.0000119490
0.0000118510
0.0000118690
0.0000117940
0.0000371450
0.0000116360
0.0000116870
0.0000118990
0.0000117240
0.0000117500
0.0000116520
0.0000120950
0.0000116760
0.0000116780
0.0000373480
0.0000128260
0.0000120380
0.0000116990
0.0000116570
0.0000117220
0.0000116260
0.0000122330
0.0000115890
0.0000115160
0.0000371920
0.0000121230
0.0000120480
0.0000118840
0.0000118220
0.0000119550
0.0000118560
0.0000118510
0.0000118970
0.0000116850
0.0000417370
0.0000121790
0.0000145000
0.0000122410
0.0000178190
0.0000128680
0.0000126190
0.0000126730
0.0000116770
0.0000116490
0.0000340720
0.0000118600
0.0000117460
0.0000116310
0.0000117110
0.0000116970
0.0000116720
0.0000117730
0.0000116920
0.0000114800
0.0000339580
0.0000118450
0.0000119030
0.0000118670
0.0000118260
0.0000118420
0.0000119060
0.0000118070
0.0000118330
0.0000118700
0.0000375850
0.0000138240
0.0000129260
0.0000128710
0.0000128220
0.0000127970
0.0000128820
0.0000132390
0.0000128680
0.0000129940
0.0000378660
0.0000122370
0.0000121650
0.0000120230
0.0000120480
0.0000120220
0.0000121020
0.0000119370
0.0000120900
0.0000119910
0.0000479270
0.0000148090
0.0000145240
0.0000143780
0.0000143480
0.0000143770
0.0000142760
0.0000148020
0.0000144120
0.0000143610
0.0000410040
0.0000126410
0.0000121750
0.0000119230
0.0000119670
0.0000120080
0.0000118620
0.0000119430
0.0000119120
0.0000119070
0.0000427760
0.0000147620
0.0000143810
0.0000143480
0.0000142800
0.0000142290
0.0000141650
0.0000142610
0.0000141990
0.0000139490
0.0000378570
0.0000129470
0.0000128240
0.0000130220
0.0000127440
0.0000128790
0.0000130100
0.0000129820
0.0000129520
0.0000130130
0.0000400930
0.0000121910
0.0000118230
0.0000117070
0.0000116900
0.0000117760
0.0000116780
0.0000118740
0.0000117790
0.0000118410
0.0000486400
0.0000147630
0.0000144240
0.0000143410
0.0000144850
0.0000143850
0.0000143040
0.0000145500
0.0000141720
0.0000141600
0.0000635620
0.0000129470
0.0000130410
0.0000127290
0.0000126700
0.0000126970
0.0000126330
0.0000137210
0.0000128900
0.0000127370
