0.0012121490
0.0004230530
0.0003078260
0.0002990050
0.0002607210
0.0002667410
0.0002898350
0.0002591920
0.0002634000
0.0002578310
0.0012354900
0.0004434980
0.0004040470
0.0004111120
0.0004837420
0.0004534370
0.0004736750
0.0003682180
0.0003516450
0.0004188950
0.0011222350
0.0002295400
0.0002294090
0.0002109350
0.0002189460
0.0002151500
0.0002120220
0.0002195800
0.0002369180
0.0002425170
0.0016443370
0.0010067400
0.0009362720
0.0010364980
0.0010063560
0.0010566360
0.0010020630
0.0009674090
0.0008594330
0.0008560670
0.0015309070
0.0008866200
0.0008665910
0.0008933590
0.0007975490
0.0007499890
0.0005563780
0.0004513970
0.0005240990
0.0005639550
0.0017798200
0.0006319880
0.0006038680
0.0006172690
0.0005808370
0.0005639640
0.0005009990
0.0004567360
0.0004048090
0.0004137740
0.0012741380
0.0002812780
0.0002688290
0.0002290420
0.0002424410
0.0002391080
0.0002349560
0.0002441670
0.0002383330
0.0002569940
0.0012294440
0.0002518730
0.0002613590
0.0002401230
0.0002579630
0.0002405830
0.0002405090
0.0002382780
0.0002394820
0.0002380640
0.0017179190
0.0003092220
0.0002849020
0.0002588850
0.0002736040
0.0002758100
0.0002743590
0.0002582560
0.0002598910
0.0002642750
0.0012991430
0.0003046370
0.0002930180
0.0002689640
0.0002895440
0.0002797250
0.0002812010
0.0002750120
0.0002747040
0.0002684370
0.0012553370
0.0002456880
0.0002404170
0.0002259300
0.0002315600
0.0002273580
0.0002329920
0.0002282520
0.0002263460
0.0002316480
0.0021039140
0.0006596990
0.0006237040
0.0006271410
0.0006139030
0.0006054400
0.0006038830
0.0005955510
0.0006082180
0.0006040620
0.0016703380
0.0007431800
0.0006219900
0.0005895610
0.0005249690
0.0004993580
0.0005334940
0.0005479740
0.0005483600
0.0005200060
0.0017004670
0.0008439570
0.0007179920
0.0006826920
0.0006122970
0.0006044270
0.0006169680
0.0005883110
0.0005587540
0.0005682740
0.0012539080
0.0002500580
0.0002458870
0.0002209350
0.0002391470
0.0002315120
0.0002307300
0.0002302140
0.0002319280
0.0002464280
0.0015398820
0.0007115610
0.0006088990
0.0005181720
0.0004161770
0.0004213530
0.0004024760
0.0003990770
0.0003848390
0.0003633000
0.0014614450
0.0003197780
0.0002893870
0.0002835530
0.0002958480
0.0002902720
0.0002829180
0.0002707010
0.0002787690
0.0002706270
