0.0129049490
0.0073336650
0.0073093490
0.0072986590
0.0072979920
0.0073018030
0.0073302860
0.0074104630
0.0073226980
0.0073484060
0.0130099830
0.0073797930
0.0073230740
0.0073265730
0.0073147910
0.0073240890
0.0073307290
0.0077520570
0.0074385740
0.0073566640
0.0129136210
0.0074046760
0.0073367440
0.0073651110
0.0074700670
0.0075880460
0.0074177680
0.0073975730
0.0073529740
0.0073837970
0.0130961490
0.0073553820
0.0073201850
0.0073178710
0.0073342730
0.0073576980
0.0074062140
0.0073874410
0.0073843710
0.0073636040
0.0128101100
0.0076435460
0.0074483000
0.0074077570
0.0073620160
0.0074493440
0.0074362790
0.0073851690
0.0073779890
0.0073471030
0.0129589450
0.0073590660
0.0073163250
0.0073066610
0.0073314590
0.0073534510
0.0073264960
0.0073339360
0.0073983480
0.0073656630
0.0127497420
0.0073641080
0.0073179140
0.0072903290
0.0072863830
0.0072958290
0.0073207250
0.0073089730
0.0073000080
0.0072908660
0.0128285040
0.0073245830
0.0073143350
0.0073098070
0.0073805750
0.0073117100
0.0074435530
0.0073680100
0.0073469140
0.0073023830
0.0128609100
0.0073525980
0.0073516080
0.0073191570
0.0073276280
0.0073526400
0.0073524730
0.0073998840
0.0073716290
0.0073940060
0.0157975700
0.0079971620
0.0078891530
0.0079641070
0.0168621860
0.0079972270
0.0080687740
0.0079458530
0.0079410640
0.0078336690
0.0127631180
0.0073223140
0.0073078170
0.0073166390
0.0073084510
0.0073076130
0.0074397670
0.0073831380
0.0073579360
0.0072928990
0.0128884330
0.0074285050
0.0073929100
0.0075950760
0.0074000740
0.0074183020
0.0073798370
0.0073830130
0.0073870940
0.0073590590
0.0128002580
0.0073699310
0.0073403180
0.0073430920
0.0073562450
0.0073871980
0.0073695700
0.0073426760
0.0073176090
0.0073270590
0.0127665420
0.0076104740
0.0074397240
0.0076952680
0.0074270350
0.0073342320
0.0073123960
0.0073101960
0.0073585320
0.0072899350
0.0131689610
0.0074928340
0.0073671170
0.0073323350
0.0073291080
0.0073601630
0.0073259500
0.0073598010
0.0073323240
0.0073873430
0.0128456620
0.0076902880
0.0074313860
0.0073821780
0.0073736790
0.0076448300
0.0074193460
0.0073742360
0.0073229950
0.0073411730
0.0128016900
0.0074262770
0.0076716240
0.0075124130
0.0073869870
0.0073403550
0.0074251440
0.0074068520
0.0073300230
0.0073044210
0.0133255720
0.0073898410
0.0073966910
0.0073869940
0.0073857510
0.0073799460
0.0073507840
0.0073478710
0.0073203130
0.0073028630
0.0132813310
0.0076199100
0.0073403070
0.0074224710
0.0073907020
0.0073329850
0.0073194510
0.0073214460
0.0073105150
0.0072941740
0.0128107040
0.0073266440
0.0073185910
0.0073087690
0.0074021330
0.0073796250
0.0073476270
0.0073285800
0.0073613090
0.0073054260
