0.0000006520
0.0000003370
0.0000002940
0.0000002370
0.0000002320
0.0000002350
0.0000002680
0.0000002100
0.0000002480
0.0000002260
0.0000016470
0.0000012590
0.0000007450
0.0000008890
0.0000007600
0.0000007520
0.0000008980
0.0000007340
0.0000005430
0.0000007150
0.0000018390
0.0000010000
0.0000008460
0.0000010170
0.0000008390
0.0000007640
0.0000010680
0.0000006550
0.0000005860
0.0000007920
0.0000015950
0.0000012450
0.0000012190
0.0000013910
0.0000012800
0.0000010680
0.0000005740
0.0000006060
0.0000005660
0.0000007310
0.0000017810
0.0000009450
0.0000008310
0.0000009920
0.0000008460
0.0000008200
0.0000005680
0.0000006150
0.0000006010
0.0000007960
0.0000016090
0.0000009770
0.0000007830
0.0000009180
0.0000008110
0.0000008170
0.0000006110
0.0000005810
0.0000005960
0.0000007270
0.0000016860
0.0000013480
0.0000012830
0.0000014140
0.0000012800
0.0000012280
0.0000006070
0.0000005560
0.0000005660
0.0000007340
0.0000019120
0.0000014310
0.0000014140
0.0000010640
0.0000009420
0.0000009060
0.0000007170
0.0000007040
0.0000006110
0.0000008780
0.0000018750
0.0000015210
0.0000014910
0.0000016070
0.0000014480
0.0000009190
0.0000007110
0.0000009450
0.0000006890
0.0000008700
0.0000023900
0.0000011190
0.0000009940
0.0000011010
0.0000009710
0.0000009440
0.0000007650
0.0000007620
0.0000006790
0.0000009180
0.0000023210
0.0000009650
0.0000009500
0.0000011510
0.0000009660
0.0000009260
0.0000007090
0.0000013700
0.0000006470
0.0000008960
0.0000017450
0.0000014730
0.0000009070
0.0000011000
0.0000009810
0.0000008850
0.0000007600
0.0000007150
0.0000006580
0.0000008810
0.0000020600
0.0000015630
0.0000014770
0.0000015160
0.0000009320
0.0000009270
0.0000007390
0.0000006950
0.0000006880
0.0000008630
0.0000018130
0.0000008980
0.0000008820
0.0000010830
0.0000009360
0.0000009230
0.0000006790
0.0000006930
0.0000006690
0.0000008370
0.0000018190
0.0000014370
0.0000013980
0.0000010580
0.0000009160
0.0000009070
0.0000006920
0.0000006740
0.0000006430
0.0000008490
0.0000018520
0.0000016070
0.0000009080
0.0000010390
0.0000009130
0.0000009510
0.0000007080
0.0000007310
0.0000006500
0.0000008620
0.0000016170
0.0000009420
0.0000009630
0.0000011020
0.0000009280
0.0000009080
0.0000007100
0.0000006740
0.0000006710
0.0000008260
0.0000015360
0.0000010100
0.0000009500
0.0000011430
0.0000009240
0.0000009460
0.0000007420
0.0000007340
0.0000006430
0.0000008800
