0.0000006760
0.0000003960
0.0000003510
0.0000003730
0.0000003440
0.0000003750
0.0000003740
0.0000003430
0.0000003440
0.0000003450
0.0000009670
0.0000008530
0.0000012580
0.0000007840
0.0000006130
0.0000003740
0.0000003750
0.0000004240
0.0000003680
0.0000003850
0.0000007350
0.0000005640
0.0000005400
0.0000005370
0.0000005390
0.0000005390
0.0000005440
0.0000005420
0.0000005400
0.0000005400
0.0000007870
0.0000005740
0.0000005440
0.0000005600
0.0000005390
0.0000005590
0.0000005560
0.0000005380
0.0000005370
0.0000005200
0.0000007710
0.0000005730
0.0000005400
0.0000004910
0.0000002110
0.0000002530
0.0000002340
0.0000002220
0.0000002150
0.0000002040
0.0000007680
0.0000005650
0.0000005340
0.0000005510
0.0000005300
0.0000005500
0.0000005270
0.0000005280
0.0000005280
0.0000005270
0.0000008180
0.0000005880
0.0000005520
0.0000005520
0.0000002320
0.0000002170
0.0000002020
0.0000002450
0.0000002180
0.0000002080
0.0000012580
0.0000005730
0.0000003540
0.0000002580
0.0000002110
0.0000002480
0.0000002290
0.0000002340
0.0000002240
0.0000002050
0.0000007340
0.0000002800
0.0000002380
0.0000002090
0.0000002190
0.0000002090
0.0000001930
0.0000002180
0.0000002220
0.0000002060
0.0000007330
0.0000005530
0.0000005390
0.0000005390
0.0000005380
0.0000005200
0.0000002080
0.0000002250
0.0000002150
0.0000002150
0.0000007640
0.0000005800
0.0000005510
0.0000005480
0.0000005460
0.0000005470
0.0000005490
0.0000002260
0.0000002190
0.0000002140
0.0000007190
0.0000005770
0.0000005500
0.0000005490
0.0000005510
0.0000005500
0.0000005520
0.0000002310
0.0000002200
0.0000002100
0.0000007990
0.0000005790
0.0000005400
0.0000005570
0.0000005370
0.0000005570
0.0000002380
0.0000002210
0.0000002160
0.0000002180
0.0000007490
0.0000005910
0.0000005580
0.0000005560
0.0000002530
0.0000002390
0.0000002020
0.0000002270
0.0000002290
0.0000002160
0.0000007770
0.0000005830
0.0000005580
0.0000005500
0.0000005520
0.0000005500
0.0000005070
0.0000002280
0.0000002230
0.0000002250
0.0000007540
0.0000003000
0.0000002510
0.0000002240
0.0000002220
0.0000002160
0.0000002050
0.0000002320
0.0000002260
0.0000002110
0.0000007600
0.0000005510
0.0000003850
0.0000002130
0.0000002180
0.0000002120
0.0000001970
0.0000002310
0.0000002170
0.0000002090
0.0000007440
0.0000005810
0.0000005500
0.0000005530
0.0000003720
0.0000002300
0.0000002130
0.0000002220
0.0000002190
0.0000002120
0.0000007640
0.0000005850
0.0000005580
0.0000005590
0.0000005400
0.0000003320
0.0000002300
0.0000002230
0.0000002160
0.0000002060
0.0000007520
0.0000005770
0.0000005510
0.0000005590
0.0000002740
0.0000002520
0.0000002340
0.0000002360
0.0000002210
0.0000002070
