0.0000212050
0.0000058850
0.0000057050
0.0000056930
0.0000060570
0.0000058730
0.0000058830
0.0000061500
0.0000113680
0.0000060950
0.0000185710
0.0000058990
0.0000056500
0.0000056760
0.0000060420
0.0000096330
0.0000061370
0.0000060720
0.0000060760
0.0000115180
0.0000179220
0.0000057230
0.0000055400
0.0000056410
0.0000060030
0.0000058390
0.0000057810
0.0000063280
0.0000058960
0.0000060010
0.0000173100
0.0000056050
0.0000054910
0.0000056260
0.0000059760
0.0000057420
0.0000057130
0.0000058250
0.0000059830
0.0000059370
0.0000180790
0.0000055920
0.0000054330
0.0000055030
0.0000058810
0.0000057300
0.0000057520
0.0000058070
0.0000056620
0.0000057980
0.0000507850
0.0000064100
0.0000183980
0.0000164250
0.0000063040
0.0000061330
0.0000129040
0.0000058150
0.0000060030
0.0000060650
0.0000178800
0.0000056760
0.0000056070
0.0000056030
0.0000059230
0.0000058340
0.0000057730
0.0000058630
0.0000057830
0.0000059220
0.0000181090
0.0000055670
0.0000054360
0.0000054930
0.0000058460
0.0000056800
0.0000055700
0.0000056930
0.0000057090
0.0000058810
0.0000188330
0.0000058940
0.0000059640
0.0000059550
0.0000062890
0.0000061800
0.0000061580
0.0000058360
0.0000060170
0.0000061330
0.0000185480
0.0000057570
0.0000055170
0.0000055710
0.0000059710
0.0000058480
0.0000057980
0.0000058460
0.0000057710
0.0000060150
0.0000180010
0.0000058360
0.0000056810
0.0000055190
0.0000060730
0.0000057960
0.0000057800
0.0000060370
0.0000059800
0.0000058850
0.0000186050
0.0000060780
0.0000058450
0.0000059570
0.0000061030
0.0000059620
0.0000060280
0.0000061010
0.0000061520
0.0000062170
0.0000356370
0.0000062360
0.0000062130
0.0000062000
0.0000138890
0.0000060620
0.0000059530
0.0000058430
0.0000060640
0.0000061120
0.0000197910
0.0000060610
0.0000057570
0.0000058810
0.0000062570
0.0000060730
0.0000060680
0.0000061620
0.0000059890
0.0000062620
0.0000182970
0.0000055000
0.0000053360
0.0000054630
0.0000058650
0.0000056610
0.0000056130
0.0000057150
0.0000056560
0.0000057930
0.0000181690
0.0000057910
0.0000056670
0.0000057290
0.0000060290
0.0000059030
0.0000058020
0.0000060350
0.0000059850
0.0000060940
0.0000186300
0.0000058140
0.0000056880
0.0000057730
0.0000061310
0.0000058770
0.0000058170
0.0000063280
0.0000059600
0.0000060740
0.0000170980
0.0000055960
0.0000054390
0.0000055240
0.0000059220
0.0000057350
0.0000056480
0.0000057780
0.0000058160
0.0000059570
0.0000166210
0.0000055780
0.0000054960
0.0000055010
0.0000059480
0.0000057400
0.0000056580
0.0000063010
0.0000058340
0.0000058570
0.0000182180
0.0000055540
0.0000054300
0.0000054450
0.0000058590
0.0000057580
0.0000056030
0.0000057250
0.0000057310
0.0000058950
