0.0005412030
0.0001020900
0.0000996410
0.0000994000
0.0000991860
0.0000992740
0.0000986380
0.0000993850
0.0000987990
0.0000982940
0.0005507410
0.0001006910
0.0000962340
0.0000957680
0.0000960960
0.0000949720
0.0000953730
0.0000953960
0.0002407340
0.0000959590
0.0010336750
0.0003300760
0.0002399340
0.0001728000
0.0001548480
0.0001507180
0.0001395690
0.0001252670
0.0001276060
0.0001303270
0.0005191350
0.0001051880
0.0000996430
0.0000936080
0.0000945800
0.0000930860
0.0000938210
0.0000926970
0.0000926950
0.0000940970
0.0006145780
0.0001132820
0.0001075350
0.0001070670
0.0001115380
0.0001089700
0.0001091860
0.0001089900
0.0001081110
0.0001088230
0.0007004680
0.0001344860
0.0001123030
0.0001041310
0.0001054340
0.0001044070
0.0001077260
0.0001078650
0.0001128240
0.0001154160
0.0007031460
0.0001026240
0.0000970580
0.0000959550
0.0000954970
0.0000958910
0.0001069130
0.0000980520
0.0001015420
0.0000983360
0.0007800670
0.0002654970
0.0001804800
0.0001425910
0.0001242570
0.0001210760
0.0001195040
0.0001162600
0.0001288570
0.0001231830
0.0008495400
0.0001199530
0.0001034260
0.0000978380
0.0000979790
0.0000982610
0.0000996380
0.0001003900
0.0000992210
0.0000987740
0.0005974340
0.0000993800
0.0000938730
0.0000948290
0.0001027650
0.0000964770
0.0000975860
0.0000958790
0.0000959530
0.0000972410
0.0006765820
0.0001998020
0.0001364890
0.0001160990
0.0001095210
0.0001081210
0.0001096690
0.0001082190
0.0001149300
0.0001071050
0.0007296430
0.0002880460
0.0001641360
0.0001337300
0.0001226130
0.0001251400
0.0001213220
0.0001202310
0.0001179340
0.0001144920
0.0009978870
0.0005233780
0.0003637380
0.0002679300
0.0002401280
0.0002117620
0.0001704790
0.0001571930
0.0001648230
0.0001455590
0.0008530920
0.0003863520
0.0002506680
0.0001825590
0.0001441210
0.0001375390
0.0001265720
0.0001266430
0.0001234890
0.0001270010
0.0006263580
0.0001137730
0.0001060840
0.0001050570
0.0001037750
0.0001054880
0.0001019690
0.0001036030
0.0001044860
0.0001031990
0.0007377030
0.0002166440
0.0001464060
0.0001355650
0.0001180730
0.0001171410
0.0001145430
0.0001242490
0.0001170200
0.0001176220
0.0007625160
0.0002942740
0.0001920070
0.0001365440
0.0001243800
0.0001284900
0.0001215920
0.0001216320
0.0001222450
0.0001335630
0.0007060400
0.0002366750
0.0001764610
0.0001562060
0.0001403590
0.0001349480
0.0001327810
0.0001282810
0.0001311040
0.0001279960
