0.0000165900
0.0000024470
0.0000025840
0.0000024100
0.0000025500
0.0000021020
0.0000024370
0.0000026610
0.0000021010
0.0000022940
0.0000177970
0.0000025540
0.0000024670
0.0000024060
0.0000027100
0.0000021910
0.0000025600
0.0000025500
0.0000020910
0.0000022660
0.0000149960
0.0000023260
0.0000027180
0.0000024290
0.0000024920
0.0000022970
0.0000023950
0.0000025430
0.0000021110
0.0000022620
0.0000240230
0.0000031760
0.0000032370
0.0000031950
0.0000032100
0.0000028160
0.0000029450
0.0000030390
0.0000025440
0.0000027280
0.0000162200
0.0000026770
0.0000028920
0.0000027770
0.0000028880
0.0000025460
0.0000027930
0.0000029520
0.0000024060
0.0000025740
0.0000213970
0.0000030070
0.0000031560
0.0000031830
0.0000031820
0.0000027670
0.0000029750
0.0000032180
0.0000025080
0.0000026640
0.0000184820
0.0000028470
0.0000036150
0.0000029260
0.0000029840
0.0000027520
0.0000028540
0.0000032460
0.0000025260
0.0000026910
0.0000166540
0.0000026870
0.0000029210
0.0000027540
0.0000028530
0.0000027070
0.0000027420
0.0000029430
0.0000024170
0.0000026390
0.0000167860
0.0000027750
0.0000030390
0.0000028320
0.0000029710
0.0000025480
0.0000027940
0.0000029690
0.0000024780
0.0000026780
0.0000173700
0.0000027990
0.0000029500
0.0000028080
0.0000028600
0.0000025670
0.0000027940
0.0000029420
0.0000024050
0.0000025560
0.0000205900
0.0000031330
0.0000029920
0.0000028660
0.0000029100
0.0000025390
0.0000029130
0.0000030340
0.0000024910
0.0000026130
0.0000181340
0.0000027150
0.0000029280
0.0000031430
0.0000031690
0.0000026170
0.0000030990
0.0000032010
0.0000024440
0.0000028730
0.0000220290
0.0000028030
0.0000030260
0.0000029030
0.0000030040
0.0000027250
0.0000029110
0.0000031400
0.0000026310
0.0000026960
0.0000170410
0.0000027370
0.0000029710
0.0000027750
0.0000028650
0.0000025350
0.0000028070
0.0000028910
0.0000024380
0.0000026040
0.0000187420
0.0000027790
0.0000030150
0.0000029310
0.0000030180
0.0000025650
0.0000029120
0.0000030540
0.0000025800
0.0000026770
0.0000182220
0.0000027960
0.0000029670
0.0000028920
0.0000029830
0.0000027450
0.0000032290
0.0000030210
0.0000025030
0.0000026520
0.0000162470
0.0000027480
0.0000029080
0.0000025310
0.0000026540
0.0000023590
0.0000027660
0.0000028870
0.0000024850
0.0000023820
0.0000155480
0.0000026920
0.0000028300
0.0000027790
0.0000028750
0.0000025150
0.0000025160
0.0000027010
0.0000022470
0.0000023870
0.0000160980
0.0000024960
0.0000027850
0.0000026410
0.0000027470
0.0000023920
0.0000026360
0.0000027780
0.0000023170
0.0000025050
