0.0000003820
0.0000000880
0.0000000610
0.0000000590
0.0000000620
0.0000000540
0.0000000600
0.0000000640
0.0000000630
0.0000000610
0.0000008670
0.0000005750
0.0000004940
0.0000006030
0.0000004470
0.0000004200
0.0000004090
0.0000003110
0.0000003630
0.0000004080
0.0000009290
0.0000006600
0.0000005390
0.0000006770
0.0000005230
0.0000005310
0.0000004110
0.0000003290
0.0000003310
0.0000004430
0.0000009380
0.0000005810
0.0000005410
0.0000006610
0.0000005190
0.0000004480
0.0000003300
0.0000002740
0.0000002530
0.0000003900
0.0000010000
0.0000006140
0.0000006060
0.0000007820
0.0000006040
0.0000004990
0.0000004450
0.0000006050
0.0000002970
0.0000004450
0.0000011600
0.0000008210
0.0000007570
0.0000007770
0.0000006690
0.0000006480
0.0000005300
0.0000003460
0.0000003490
0.0000005050
0.0000010590
0.0000007390
0.0000006470
0.0000007640
0.0000005410
0.0000005320
0.0000004560
0.0000003920
0.0000003340
0.0000004550
0.0000009780
0.0000006140
0.0000005590
0.0000013440
0.0000004960
0.0000005180
0.0000005180
0.0000003360
0.0000002730
0.0000004780
0.0000010040
0.0000006890
0.0000006600
0.0000007770
0.0000005980
0.0000006400
0.0000004510
0.0000004070
0.0000003080
0.0000004680
0.0000010540
0.0000006880
0.0000005880
0.0000007830
0.0000005160
0.0000005390
0.0000003790
0.0000003910
0.0000003060
0.0000005050
0.0000013880
0.0000006140
0.0000005920
0.0000007990
0.0000006440
0.0000005730
0.0000004210
0.0000004150
0.0000003360
0.0000005100
0.0000010020
0.0000006680
0.0000006260
0.0000007230
0.0000006050
0.0000005550
0.0000004140
0.0000003810
0.0000003440
0.0000004440
0.0000012630
0.0000006710
0.0000006150
0.0000007660
0.0000005330
0.0000005150
0.0000004280
0.0000003740
0.0000003630
0.0000005090
0.0000010520
0.0000006650
0.0000005550
0.0000007100
0.0000005780
0.0000005360
0.0000004540
0.0000008010
0.0000003760
0.0000004840
0.0000018470
0.0000007030
0.0000006220
0.0000008110
0.0000005830
0.0000005590
0.0000004950
0.0000003640
0.0000003020
0.0000004360
0.0000012400
0.0000008620
0.0000007740
0.0000009750
0.0000012820
0.0000007510
0.0000006400
0.0000011220
0.0000005040
0.0000006660
0.0000010530
0.0000006430
0.0000006490
0.0000008060
0.0000006850
0.0000006630
0.0000004530
0.0000003570
0.0000003670
0.0000005060
