0.0253299110
0.0151040300
0.0150441050
0.0149988980
0.0149573840
0.0149915690
0.0149089130
0.0148592920
0.0149564300
0.0148056720
0.0254084960
0.0149262110
0.0149046420
0.0149080890
0.0149173360
0.0149698910
0.0149294970
0.0148679820
0.0149188210
0.0149084890
0.0253664860
0.0149084200
0.0148435970
0.0149758210
0.0149564550
0.0152692070
0.0149232970
0.0148832710
0.0149234260
0.0148185520
0.0254153690
0.0149032040
0.0148581000
0.0149331810
0.0149035880
0.0149656620
0.0149275650
0.0148369330
0.0152159510
0.0149147990
0.0253585830
0.0149187290
0.0149103150
0.0149917010
0.0149723130
0.0150638050
0.0150168130
0.0149569970
0.0149294610
0.0148253610
0.0253795520
0.0149086650
0.0149711310
0.0150087170
0.0152089620
0.0151287640
0.0149509350
0.0148799710
0.0148723030
0.0148441540
0.0254061610
0.0149233670
0.0148831920
0.0148583790
0.0149014920
0.0150083800
0.0149241060
0.0149305990
0.0149526750
0.0148308980
0.0252642590
0.0149458280
0.0148801620
0.0148670940
0.0149008750
0.0150124350
0.0150207660
0.0150111140
0.0148683360
0.0152883570
0.0253171770
0.0149421630
0.0148568310
0.0148237210
0.0149338290
0.0150237610
0.0149230230
0.0149559260
0.0149585230
0.0148118720
0.0253571330
0.0148948970
0.0148304770
0.0149652240
0.0148943310
0.0149606150
0.0150165230
0.0149143250
0.0149517430
0.0147949230
0.0254233520
0.0152629270
0.0148678260
0.0150091850
0.0149819440
0.0149764860
0.0150352800
0.0149056280
0.0150106950
0.0149292810
0.0250980400
0.0152560400
0.0149150790
0.0149412170
0.0149659270
0.0150290030
0.0150793130
0.0148856240
0.0149223800
0.0148346010
0.0253339370
0.0150573930
0.0150117330
0.0151160270
0.0149775910
0.0150847470
0.0152498850
0.0150366560
0.0149867110
0.0148460940
0.0259887780
0.0149376350
0.0148685930
0.0148762490
0.0149404530
0.0150236720
0.0149485880
0.0148852270
0.0149223610
0.0149196370
0.0250420940
0.0151029280
0.0150668380
0.0149090450
0.0149587730
0.0150035880
0.0149336090
0.0149771340
0.0148834210
0.0148746270
0.0252412100
0.0149531910
0.0149481730
0.0152866720
0.0150075400
0.0150171330
0.0150190750
0.0148899950
0.0149453960
0.0149612040
0.0253507490
0.0149244800
0.0148898240
0.0148614260
0.0149461090
0.0150219860
0.0150303380
0.0148802760
0.0149446210
0.0148285590
0.0251914540
0.0151208740
0.0149541270
0.0149560190
0.0150323000
0.0151619710
0.0150487850
0.0149682730
0.0148662280
0.0150616010
0.0251168400
0.0151153990
0.0151176860
0.0149808130
0.0149303540
0.0150696770
0.0150043990
0.0149223770
0.0148968280
0.0148302740
0.0250527260
0.0149426650
0.0149718700
0.0148562950
0.0149089710
0.0152634740
0.0150719180
0.0150718710
0.0148832180
0.0149662850
