0.0065269020
0.0035955350
0.0035712580
0.0035623040
0.0035641970
0.0035780420
0.0035515800
0.0035831710
0.0035334710
0.0035551610
0.0064224180
0.0035745760
0.0035413010
0.0035445200
0.0035690340
0.0035838680
0.0035371070
0.0035505320
0.0035309690
0.0035232220
0.0064468290
0.0035625590
0.0035455880
0.0035434210
0.0035726720
0.0035532660
0.0035428550
0.0035455050
0.0035397330
0.0035450320
0.0064504990
0.0035509140
0.0035376130
0.0035729690
0.0035600720
0.0035705080
0.0035418820
0.0035827890
0.0035554200
0.0035448860
0.0064193630
0.0035732470
0.0035402300
0.0042220960
0.0037931150
0.0036544640
0.0036297240
0.0036157500
0.0036050340
0.0036046870
0.0065674900
0.0035853040
0.0035363110
0.0035305650
0.0035384280
0.0035390280
0.0035356310
0.0035244420
0.0035131710
0.0035066540
0.0064294620
0.0038012510
0.0035855690
0.0035743890
0.0035800000
0.0035512440
0.0035666670
0.0035381690
0.0035270500
0.0035192910
0.0064369700
0.0036220330
0.0035423170
0.0035637750
0.0035412650
0.0035500970
0.0035462340
0.0035380030
0.0035366690
0.0035227780
0.0064834220
0.0037012210
0.0035739290
0.0035495960
0.0035453950
0.0035475450
0.0035535170
0.0035569060
0.0035336050
0.0035254010
0.0064783690
0.0035752670
0.0035762550
0.0035492820
0.0035573890
0.0035605570
0.0035498770
0.0036069210
0.0035658170
0.0035291330
0.0064513280
0.0035627420
0.0035383750
0.0035269060
0.0035339160
0.0035362910
0.0035223400
0.0035305590
0.0035246570
0.0035138710
0.0065475550
0.0035949930
0.0035573930
0.0035406240
0.0035355570
0.0035688280
0.0035458780
0.0035342990
0.0035158640
0.0035075080
0.0064275390
0.0036196570
0.0035628770
0.0035628920
0.0035589480
0.0035342700
0.0035333290
0.0035453860
0.0035207370
0.0035213200
0.0064598890
0.0036127680
0.0035788150
0.0035621540
0.0035607990
0.0035576760
0.0035398980
0.0035188930
0.0035188760
0.0035119270
0.0064275240
0.0036032050
0.0035396830
0.0035323470
0.0035350030
0.0035286420
0.0035301640
0.0035371130
0.0035528500
0.0035473950
0.0064715540
0.0035501460
0.0035287530
0.0035306670
0.0035331760
0.0035332270
0.0035564780
0.0035377720
0.0035741100
0.0035178430
0.0064916600
0.0035818410
0.0036131570
0.0035626600
0.0035642790
0.0035634520
0.0035677360
0.0035280520
0.0035330370
0.0035270030
0.0064255600
0.0035624190
0.0035353950
0.0035344810
0.0035800540
0.0035546280
0.0035349040
0.0035338740
0.0035312960
0.0035214150
