0.0002063400
0.0001052490
0.0000783550
0.0000572070
0.0000764540
0.0000639590
0.0000444100
0.0000393360
0.0000372050
0.0000370070
0.0006068810
0.0000762970
0.0000472330
0.0000464200
0.0000482170
0.0000462750
0.0000470580
0.0000476190
0.0000472340
0.0000490760
0.0003553660
0.0000517700
0.0000477550
0.0000483950
0.0000476130
0.0000474200
0.0000469420
0.0000503170
0.0000483280
0.0000473220
0.0002651710
0.0000473840
0.0000467030
0.0000472390
0.0000468500
0.0000466160
0.0000467860
0.0000463700
0.0000463430
0.0000468900
0.0002919360
0.0000465700
0.0000473190
0.0000508180
0.0000508700
0.0000506720
0.0000502520
0.0000499110
0.0000503440
0.0000504060
0.0003714760
0.0000834800
0.0000611340
0.0000553590
0.0000535860
0.0000541940
0.0000539360
0.0000540650
0.0000535940
0.0000535670
0.0003706110
0.0000935370
0.0000733280
0.0000582860
0.0000559560
0.0000555410
0.0000548110
0.0000554600
0.0000547120
0.0000556670
0.0002911870
0.0000477120
0.0000463810
0.0000476450
0.0000471680
0.0000469610
0.0000468710
0.0000469880
0.0000483550
0.0000471460
0.0003060440
0.0000500280
0.0000481410
0.0000475190
0.0000476540
0.0000479940
0.0000478340
0.0000476790
0.0000479350
0.0000479440
0.0003983420
0.0000863890
0.0000592150
0.0000569950
0.0000557600
0.0000562420
0.0000549470
0.0000549920
0.0000555730
0.0000556060
0.0003402460
0.0000521870
0.0000497250
0.0000495500
0.0000510250
0.0000494500
0.0000492380
0.0000489700
0.0000488340
0.0000491000
0.0004287360
0.0001390470
0.0001387540
0.0001389840
0.0001389490
0.0001389500
0.0001390070
0.0001389490
0.0001389470
0.0001390760
0.0002973870
0.0000509360
0.0000478430
0.0000472790
0.0000470230
0.0000482400
0.0000468740
0.0000467550
0.0000467560
0.0000470550
0.0004719070
0.0001805190
0.0000938610
0.0000620610
0.0000575090
0.0000558720
0.0000552240
0.0000573690
0.0000605080
0.0000587170
0.0005787040
0.0002045830
0.0000896780
0.0000586040
0.0000562190
0.0000536510
0.0000560000
0.0000568700
0.0000572600
0.0000571500
0.0002952360
0.0000484060
0.0000478930
0.0000481720
0.0000479740
0.0000482090
0.0000477370
0.0000478710
0.0000479420
0.0000481460
0.0002790360
0.0000491030
0.0000474680
0.0000477850
0.0000487550
0.0000477860
0.0000481260
0.0000532500
0.0000479000
0.0000475980
0.0004099700
0.0000616330
0.0000568390
0.0000571610
0.0000563850
0.0000564870
0.0000562050
0.0000565050
0.0000562370
0.0000571840
0.0003580560
0.0000686460
0.0000551890
0.0000570850
0.0000565740
0.0000567490
0.0000566200
0.0000559660
0.0000561890
0.0000559260
