0.0645370870
0.0506502940
0.0521680050
0.0534591140
0.0361776600
0.0361032700
0.0365633810
0.0343539130
0.0367364530
0.0355017310
0.0697824400
0.0487320350
0.0539647580
0.0447225230
0.0452551900
0.0452891190
0.0467200220
0.0473631720
0.0539855210
0.0511539910
0.0571630640
0.0393002500
0.0442129160
0.0483284350
0.0439969420
0.0447033470
0.0445569970
0.0445655660
0.0448021180
0.0279307980
0.0453275880
0.0302515150
0.0358476550
0.0371790820
0.0347128730
0.0346888720
0.0384911080
0.0446795700
0.0446265230
0.0276192030
0.0458509810
0.0363553850
0.0390950600
0.0515314580
0.0542796030
0.0497682490
0.0432322940
0.0492731200
0.0435860250
0.0355614750
0.0555980790
0.0586956240
0.0497109810
0.0346099520
0.0346058190
0.0348387710
0.0356284180
0.0329437020
0.0322336310
0.0304278150
0.0601896020
0.0439114970
0.0349910960
0.0448364240
0.0454997980
0.0420881170
0.0357439760
0.0461681730
0.0384299020
0.0353238530
0.0481561000
0.0407264430
0.0449270530
0.0516111100
0.0560393500
0.0564368570
0.0650807370
0.0420429160
0.0446434090
0.0347895710
0.0371211700
0.0266710540
0.0266021780
0.0316248460
0.0315863610
0.0315852120
0.0375037890
0.0410583410
0.0411109180
0.0318054210
0.0444865840
0.0148847520
0.0145341020
0.0146964470
0.0146019000
0.0145499370
0.0198718550
0.0219394840
0.0217924460
0.0302079320
0.0409766930
0.0147503570
0.0144514710
0.0143907570
0.0147262570
0.0143398430
0.0142744130
0.0143662940
0.0144642830
0.0167543860
0.0543289180
0.0333862290
0.0371284850
0.0432582000
0.0307052590
0.0240798830
0.0160785250
0.0180878630
0.0218751610
0.0219231750
0.0438018270
0.0230338550
0.0228980450
0.0231934240
0.0226797060
0.0149527080
0.0144350040
0.0143931760
0.0143634090
0.0142336410
0.0492881270
0.0144919320
0.0175421680
0.0236859660
0.0297252600
0.0235912930
0.0233876760
0.0234448450
0.0260341240
0.0234298760
0.0405211350
0.0143580910
0.0142925510
0.0163416590
0.0175472210
0.0175983070
0.0179046390
0.0244274820
0.0242884250
0.0245419890
0.0404169490
0.0167828460
0.0174627370
0.0234823480
0.0234454410
0.0281608940
0.0280983220
0.0286122610
0.0233344100
0.0232331030
0.0414675070
0.0185582000
0.0230155840
0.0231255280
0.0213383980
0.0233054170
0.0182028740
0.0148939430
0.0144324950
0.0143956840
0.0436847760
0.0143214920
0.0152419380
0.0147649390
0.0145700200
0.0146022620
0.0145018980
0.0144683090
0.0143484880
0.0142343680
0.0530931980
0.0140409020
0.0140277440
0.0137139400
0.0139178010
0.0139320970
0.0165784230
0.0274961790
0.0175237340
0.0232034000
