0.0003749940
0.0001265780
0.0001082190
0.0001013250
0.0001008850
0.0001002290
0.0001017330
0.0001188160
0.0001027210
0.0000997730
0.0003513430
0.0001263470
0.0001068590
0.0000980430
0.0000967570
0.0000984360
0.0000968530
0.0001178830
0.0000998010
0.0000990720
0.0003460970
0.0001220210
0.0001082310
0.0000991320
0.0000975460
0.0000975480
0.0000974390
0.0001145530
0.0001045310
0.0001075360
0.0003543310
0.0001313940
0.0001085140
0.0001012380
0.0000977780
0.0000987060
0.0001185150
0.0001200960
0.0001017910
0.0000996300
0.0003469690
0.0001315650
0.0001103740
0.0001029530
0.0001001760
0.0001003700
0.0001005850
0.0001178280
0.0001032740
0.0001000850
0.0003666690
0.0001275840
0.0001111210
0.0001004610
0.0000986700
0.0000989000
0.0000990530
0.0001218980
0.0001003690
0.0000988190
0.0003433020
0.0001293870
0.0001339870
0.0000994810
0.0000992460
0.0000993690
0.0000987990
0.0001189530
0.0001026040
0.0000981000
0.0003420760
0.0001267910
0.0001099330
0.0001022350
0.0000997280
0.0001002810
0.0001001500
0.0001192380
0.0001167670
0.0001024290
0.0003443970
0.0001275370
0.0001066120
0.0001000110
0.0000984460
0.0000988230
0.0000990550
0.0001152370
0.0001034070
0.0000989020
0.0003513750
0.0001226170
0.0001076150
0.0001016870
0.0001004830
0.0001003920
0.0001003660
0.0001169760
0.0001018080
0.0000987270
0.0003503910
0.0001253770
0.0001077350
0.0001011770
0.0001002080
0.0001008690
0.0001011180
0.0001170340
0.0001006830
0.0000990020
0.0003485370
0.0001265540
0.0001038480
0.0000989600
0.0000976390
0.0000982220
0.0000978940
0.0001184410
0.0001005510
0.0001007940
0.0003571090
0.0001323770
0.0001088110
0.0001007370
0.0000982990
0.0000983490
0.0000985690
0.0001178050
0.0001007670
0.0000985690
0.0003448050
0.0001300030
0.0001099290
0.0001019090
0.0000997480
0.0000988800
0.0000989320
0.0001242360
0.0001030970
0.0001005050
0.0003753510
0.0001267580
0.0001065330
0.0000984770
0.0000977320
0.0000981440
0.0000966110
0.0001143810
0.0001017460
0.0000993500
0.0003495160
0.0001247770
0.0001057150
0.0000988870
0.0000981290
0.0000981860
0.0000985540
0.0001158080
0.0000991640
0.0000966790
0.0003779410
0.0001244800
0.0001066050
0.0000993640
0.0000969980
0.0000970350
0.0000979640
0.0001159320
0.0001007660
0.0000986480
0.0003547610
0.0001218860
0.0001067500
0.0000993940
0.0000973590
0.0000971950
0.0000971030
0.0001150020
0.0000990270
0.0000983640
0.0003486290
0.0001275250
0.0001114300
0.0001007200
0.0000994010
0.0001003550
0.0001001440
0.0001199000
0.0001006230
0.0001001020
0.0003532620
0.0001263110
0.0001085060
0.0001009880
0.0000984870
0.0001001180
0.0001291360
0.0001190170
0.0001049100
0.0001026570
