0.0000752930
0.0000199750
0.0000155970
0.0000145810
0.0000148910
0.0000148690
0.0000148260
0.0000148670
0.0000144200
0.0000152450
0.0001607340
0.0000277690
0.0000277720
0.0000273710
0.0000271370
0.0000276250
0.0000268270
0.0000273480
0.0000274150
0.0000274580
0.0001868090
0.0000325310
0.0000326760
0.0000323110
0.0000323750
0.0000324660
0.0000312580
0.0000322620
0.0000324670
0.0000333270
0.0001700720
0.0000317050
0.0000290780
0.0000281640
0.0000283490
0.0000288630
0.0000280050
0.0000298620
0.0000335790
0.0000287440
0.0001405260
0.0000241110
0.0000241070
0.0000241980
0.0000239790
0.0000240160
0.0000234920
0.0000243110
0.0000236040
0.0000239050
0.0002441590
0.0000367070
0.0000307260
0.0000305750
0.0000314700
0.0000324240
0.0000321440
0.0000310990
0.0000304660
0.0000302760
0.0002212420
0.0000370430
0.0000318590
0.0000318680
0.0000322940
0.0000313090
0.0000318480
0.0000391640
0.0000321610
0.0000321480
0.0001479760
0.0000263830
0.0000275520
0.0000258950
0.0000258320
0.0000260940
0.0000265810
0.0000261990
0.0000270270
0.0000273150
0.0002587480
0.0000372560
0.0000305150
0.0000304170
0.0000314870
0.0000299370
0.0000303200
0.0000305300
0.0000305130
0.0000306920
0.0001447460
0.0000235530
0.0000232380
0.0000233810
0.0000232090
0.0000229020
0.0000234500
0.0000229320
0.0000229290
0.0000230010
0.0001438010
0.0000242250
0.0000240020
0.0000236830
0.0000237630
0.0000235590
0.0000233660
0.0000237980
0.0000234710
0.0000235270
0.0001483070
0.0000240560
0.0000237630
0.0000235360
0.0000239390
0.0000235010
0.0000237300
0.0000241050
0.0000241100
0.0000239470
0.0001524040
0.0000251900
0.0000252520
0.0000252690
0.0000299510
0.0000256190
0.0000246220
0.0000251120
0.0000251250
0.0000250740
0.0001791180
0.0000279870
0.0000267140
0.0000272130
0.0000268230
0.0000270450
0.0000265920
0.0000271580
0.0000261730
0.0000267580
0.0001688860
0.0000281480
0.0000258010
0.0000265200
0.0000268570
0.0000266160
0.0000257590
0.0000263490
0.0000264820
0.0000263070
0.0001420050
0.0000229860
0.0000226740
0.0000226450
0.0000229260
0.0000226600
0.0000221130
0.0000226600
0.0000226710
0.0000225970
0.0001487710
0.0000240040
0.0000241730
0.0000241680
0.0000241690
0.0000307070
0.0000237360
0.0000237690
0.0000236340
0.0000239130
0.0001519260
0.0000237650
0.0000236820
0.0000240260
0.0000238530
0.0000238120
0.0000237050
0.0000233860
0.0000233150
0.0000238390
