0.0007817040
0.0003303290
0.0003248810
0.0003153890
0.0004378460
0.0003229920
0.0003167820
0.0003004100
0.0003182360
0.0003127120
0.0007241350
0.0003280830
0.0003233420
0.0003013900
0.0002899160
0.0003273530
0.0002936710
0.0003258490
0.0003223200
0.0003172740
0.0007288340
0.0003266220
0.0003248260
0.0003094130
0.0002936130
0.0002939570
0.0002965320
0.0003289730
0.0003114440
0.0003213180
0.0007295900
0.0003270990
0.0003283220
0.0003011460
0.0002881860
0.0002886760
0.0002882770
0.0003548530
0.0003165640
0.0003179980
0.0007196960
0.0003186100
0.0003223830
0.0003003320
0.0002884660
0.0002929470
0.0002857800
0.0003241120
0.0003395750
0.0003110440
0.0007263200
0.0003241170
0.0003570170
0.0003026160
0.0002958600
0.0002927970
0.0002922460
0.0003251920
0.0003151540
0.0003176240
0.0007239480
0.0003202630
0.0003219740
0.0002952320
0.0002812410
0.0002848100
0.0002850980
0.0003353620
0.0003143530
0.0003174490
0.0007384630
0.0003218600
0.0003210160
0.0003043490
0.0002924840
0.0002900290
0.0002910290
0.0003238380
0.0003228300
0.0003406950
0.0007262640
0.0003251930
0.0003309370
0.0003064750
0.0002966250
0.0002937020
0.0002919280
0.0003307250
0.0003194940
0.0003162820
0.0007160110
0.0003201920
0.0003208990
0.0003071710
0.0002944130
0.0002910170
0.0002903350
0.0003263310
0.0003248090
0.0003159280
0.0007224770
0.0003281080
0.0003109990
0.0003117670
0.0002886320
0.0002933470
0.0002913300
0.0003266250
0.0003250140
0.0003141430
0.0009311600
0.0003887100
0.0003966590
0.0003565690
0.0003466440
0.0003482750
0.0003533650
0.0003861730
0.0003713580
0.0003713100
0.0009354900
0.0003924470
0.0003855160
0.0003614190
0.0003453690
0.0003510260
0.0003599620
0.0003875740
0.0003810940
0.0003642890
0.0007196890
0.0003361430
0.0003304780
0.0003048060
0.0002965930
0.0002960440
0.0002898390
0.0003308580
0.0003806340
0.0003244200
0.0007240700
0.0003169700
0.0003206760
0.0002970020
0.0002988980
0.0002967880
0.0002956240
0.0003292620
0.0003172770
0.0003208330
0.0007245440
0.0003282720
0.0003156210
0.0003022440
0.0002850520
0.0002844120
0.0002871430
0.0003256190
0.0003184490
0.0003117550
0.0007293000
0.0003425020
0.0003312980
0.0002941340
0.0002960970
0.0002941210
0.0002937000
0.0003311860
0.0003185450
0.0003244210
0.0007390620
0.0003219480
0.0003206330
0.0002944820
0.0002969680
0.0002941050
0.0002917610
0.0003297800
0.0003204080
0.0003101010
0.0009256460
0.0003874450
0.0003655800
0.0003795350
0.0003425780
0.0003457950
0.0003467080
0.0003878900
0.0003733880
0.0003564740
0.0007227260
0.0003186330
0.0003191060
0.0002965620
0.0002881630
0.0002844530
0.0002883800
0.0003435330
0.0003209220
0.0003101350
