0.0000009930
0.0000007250
0.0000005990
0.0000007070
0.0000006140
0.0000122780
0.0000006550
0.0000006830
0.0000006080
0.0000006200
0.0000012820
0.0000006820
0.0000005810
0.0000006520
0.0000005650
0.0000008200
0.0000006090
0.0000006190
0.0000005650
0.0000005690
0.0000013040
0.0000010970
0.0000010620
0.0000006950
0.0000006090
0.0000011100
0.0000006210
0.0000006320
0.0000005690
0.0000005860
0.0000013150
0.0000011020
0.0000010590
0.0000071560
0.0000005880
0.0000006150
0.0000006190
0.0000006280
0.0000005710
0.0000005860
0.0000012960
0.0000006690
0.0000005760
0.0000006180
0.0000005650
0.0000006140
0.0000005770
0.0000006650
0.0000005760
0.0000005710
0.0000012350
0.0000010750
0.0000010500
0.0000005700
0.0000005700
0.0000005710
0.0000005840
0.0000006380
0.0000005630
0.0000005770
0.0000018080
0.0000011090
0.0000010560
0.0000012700
0.0000005810
0.0000006170
0.0000006290
0.0000006400
0.0000005840
0.0000005760
0.0000012970
0.0000010960
0.0000005970
0.0000005820
0.0000005830
0.0000005790
0.0000005840
0.0000006370
0.0000005840
0.0000005810
0.0000013560
0.0000006590
0.0000005950
0.0000005980
0.0000005930
0.0000006000
0.0000005940
0.0000006540
0.0000005930
0.0000006000
0.0000012890
0.0000011120
0.0000010670
0.0000010550
0.0000010550
0.0000010600
0.0000010520
0.0000010590
0.0000008720
0.0000005810
0.0000012150
0.0000010880
0.0000010650
0.0000010600
0.0000010570
0.0000010560
0.0000010550
0.0000010520
0.0000007400
0.0000005790
0.0000013020
0.0000011130
0.0000011000
0.0000010800
0.0000010730
0.0000010790
0.0000010750
0.0000006510
0.0000005910
0.0000006070
0.0000012660
0.0000011120
0.0000010770
0.0000008820
0.0000005940
0.0000005910
0.0000006070
0.0000006560
0.0000005860
0.0000005930
0.0000012910
0.0000011230
0.0000010840
0.0000010810
0.0000010820
0.0000009190
0.0000006030
0.0000006440
0.0000005900
0.0000005940
0.0000012950
0.0000010980
0.0000010740
0.0000010280
0.0000005890
0.0000005980
0.0000005980
0.0000006440
0.0000005980
0.0000005990
0.0000008800
0.0000006820
0.0000005700
0.0000006140
0.0000005830
0.0000006080
0.0000006220
0.0000006300
0.0000005710
0.0000005770
0.0000012620
0.0000011120
0.0000010780
0.0000011020
0.0000010800
0.0000010770
0.0000010780
0.0000010760
0.0000010750
0.0000010750
0.0000013140
0.0000011310
0.0000010890
0.0000009100
0.0000005870
0.0000005860
0.0000005990
0.0000006440
0.0000005870
0.0000005910
0.0000014190
0.0000012370
0.0000010590
0.0000011430
0.0000011360
0.0000011020
0.0000007740
0.0000008320
0.0000005690
0.0000007720
0.0000016720
0.0000006720
0.0000005990
0.0000006000
0.0000005900
0.0000006270
0.0000005950
0.0000006430
0.0000005860
0.0000006010
