0.0015384340
0.0008021730
0.0008134920
0.0007768060
0.0007508170
0.0007502750
0.0007657290
0.0007342190
0.0007242640
0.0007251670
0.0015137350
0.0008019590
0.0007507260
0.0007408020
0.0007473170
0.0007436550
0.0007448980
0.0007756410
0.0007296080
0.0007227890
0.0015508850
0.0008002570
0.0007420670
0.0007335630
0.0007430660
0.0007427640
0.0007343980
0.0007364480
0.0007235830
0.0007183380
0.0015447350
0.0008034140
0.0007419970
0.0007371850
0.0007410630
0.0007423460
0.0007374120
0.0007392270
0.0007326160
0.0007219780
0.0015157580
0.0008034440
0.0007472470
0.0007442910
0.0007502690
0.0007468170
0.0007413520
0.0007437400
0.0007339290
0.0007256940
0.0015094730
0.0007991920
0.0007833270
0.0007394100
0.0007471540
0.0007531780
0.0007526140
0.0007413880
0.0007299520
0.0007288170
0.0015735510
0.0007934100
0.0007504030
0.0007420820
0.0007814790
0.0007482900
0.0007401390
0.0007355360
0.0007351540
0.0007318550
0.0015024690
0.0008069020
0.0007509150
0.0007317820
0.0007396720
0.0007390340
0.0007718600
0.0007301220
0.0007291970
0.0007201380
0.0015099430
0.0007971320
0.0007403930
0.0007748570
0.0007493610
0.0007472340
0.0007375230
0.0007434390
0.0007311890
0.0007246900
0.0015395530
0.0008005950
0.0007627010
0.0007411810
0.0007445580
0.0007514690
0.0007425550
0.0007341780
0.0007341860
0.0007237330
0.0015454760
0.0007966360
0.0007529940
0.0007771280
0.0007497360
0.0007503190
0.0007453340
0.0007454350
0.0007333560
0.0007262440
0.0015028720
0.0008033500
0.0007885440
0.0007427670
0.0007463140
0.0007475480
0.0007504280
0.0007339620
0.0007312190
0.0007217430
0.0015836990
0.0008036340
0.0007436760
0.0007385390
0.0007804530
0.0007410350
0.0007391760
0.0007331930
0.0007844560
0.0007206070
0.0015170540
0.0008089760
0.0007505270
0.0007425980
0.0007525120
0.0007454240
0.0007549880
0.0007407170
0.0007330500
0.0007267200
0.0019006060
0.0008832380
0.0008518520
0.0008395390
0.0008398790
0.0008514090
0.0008593720
0.0008371350
0.0008298780
0.0008302330
0.0015071180
0.0007973630
0.0007453800
0.0007409440
0.0007403240
0.0007415740
0.0007377840
0.0007629650
0.0007293660
0.0007208800
0.0015249050
0.0008001000
0.0007511660
0.0007532350
0.0007520030
0.0007480020
0.0007383700
0.0007448830
0.0007347300
0.0007247790
0.0015391440
0.0007899660
0.0007453610
0.0007424810
0.0007459870
0.0007438310
0.0007385500
0.0007783950
0.0007331980
0.0007266810
0.0015126540
0.0007926060
0.0007473980
0.0007363040
0.0007513820
0.0007415360
0.0007397710
0.0007288860
0.0007256180
0.0007202860
0.0015119090
0.0008098360
0.0007439180
0.0007336450
0.0007470630
0.0007930720
0.0007363700
0.0007360020
0.0007249250
0.0007274790
