0.0015318390
0.0015100490
0.0017217050
0.0017109630
0.0017265260
0.0017547320
0.0018486260
0.0017462010
0.0016430330
0.0016349910
0.0028022060
0.0014729740
0.0013887740
0.0011627030
0.0011036410
0.0012834370
0.0012974770
0.0011392860
0.0010500220
0.0008221510
0.0029020670
0.0012326980
0.0011571320
0.0013694600
0.0013136760
0.0012720600
0.0013649680
0.0017738400
0.0012848550
0.0013350460
0.0033555100
0.0013819510
0.0012974570
0.0013902110
0.0014749120
0.0014184080
0.0014097880
0.0013875520
0.0012686430
0.0011239690
0.0025709360
0.0007987040
0.0007293480
0.0007203980
0.0007070870
0.0006889960
0.0006840250
0.0006875070
0.0006828790
0.0006637500
0.0028021060
0.0009690970
0.0008138520
0.0008092670
0.0007593180
0.0007723400
0.0007474380
0.0006968050
0.0006919310
0.0006602960
0.0036174450
0.0017398150
0.0016817120
0.0016766430
0.0016470860
0.0017617420
0.0017733220
0.0017499580
0.0019181160
0.0019331910
0.0033985720
0.0014880690
0.0014815060
0.0014518450
0.0013731200
0.0012302850
0.0010816190
0.0010364400
0.0011374120
0.0012479140
0.0026888090
0.0010528790
0.0009427190
0.0009248470
0.0008680450
0.0008634690
0.0008438420
0.0008306270
0.0009809940
0.0009393440
0.0025534460
0.0008044600
0.0007186890
0.0007006990
0.0006749690
0.0006619900
0.0006518100
0.0006777500
0.0006712980
0.0006323940
0.0025566310
0.0007589370
0.0006922110
0.0006789520
0.0006597770
0.0006563490
0.0006451730
0.0006550250
0.0006478730
0.0006496270
0.0025596190
0.0007776420
0.0007184650
0.0007063000
0.0006717190
0.0006638180
0.0006747270
0.0006787970
0.0006714780
0.0006616260
0.0030506350
0.0015943570
0.0015264530
0.0015334550
0.0016198500
0.0016634570
0.0016227800
0.0016147450
0.0017585590
0.0017891930
0.0025706180
0.0007919040
0.0007283980
0.0007203910
0.0006907620
0.0006897010
0.0006993440
0.0007083560
0.0006964390
0.0006652760
0.0025456590
0.0007836820
0.0007024910
0.0007073690
0.0006866100
0.0006515730
0.0006660000
0.0006678220
0.0006666850
0.0006547180
0.0037185680
0.0019526220
0.0018983130
0.0019829740
0.0020642940
0.0019076800
0.0017894660
0.0017495280
0.0016548920
0.0015112150
0.0027296570
0.0012312400
0.0011424940
0.0013298170
0.0012970600
0.0012944030
0.0012324970
0.0012145570
0.0012063640
0.0011892650
0.0024083540
0.0007136000
0.0006507220
0.0006693740
0.0006225960
0.0006129610
0.0006260750
0.0006214200
0.0006119690
0.0005971320
