0.0000039910
0.0000012760
0.0000012500
0.0000011850
0.0000011810
0.0000011900
0.0000011910
0.0000012010
0.0000012390
0.0000011790
0.0000050020
0.0000021640
0.0000021300
0.0000019800
0.0000011770
0.0000012020
0.0000011960
0.0000011880
0.0000012430
0.0000011710
0.0000047480
0.0000021670
0.0000021390
0.0000021280
0.0000021190
0.0000018780
0.0000011920
0.0000011960
0.0000013160
0.0000012410
0.0000043740
0.0000020240
0.0000012650
0.0000012320
0.0000012140
0.0000012370
0.0000011480
0.0000012320
0.0000012740
0.0000012220
0.0000048610
0.0000037310
0.0000012050
0.0000012160
0.0000011320
0.0000011480
0.0000011530
0.0000011410
0.0000011970
0.0000011300
0.0000045620
0.0000022540
0.0000017950
0.0000012280
0.0000012330
0.0000012390
0.0000012430
0.0000012250
0.0000012830
0.0000012220
0.0000047170
0.0000022290
0.0000021240
0.0000012120
0.0000011980
0.0000011950
0.0000011950
0.0000011880
0.0000012450
0.0000011710
0.0000046720
0.0000021900
0.0000021350
0.0000021310
0.0000021200
0.0000018600
0.0000011980
0.0000011810
0.0000012400
0.0000011650
0.0000035070
0.0000011930
0.0000012010
0.0000012200
0.0000011410
0.0000011480
0.0000011480
0.0000011650
0.0000011940
0.0000011350
0.0000048490
0.0000012340
0.0000012070
0.0000011330
0.0000011370
0.0000011470
0.0000011400
0.0000011410
0.0000011890
0.0000011330
0.0000048790
0.0000021130
0.0000020880
0.0000020790
0.0000020730
0.0000020790
0.0000020800
0.0000020800
0.0000020800
0.0000020770
0.0000045340
0.0000021200
0.0000013020
0.0000011380
0.0000011480
0.0000011490
0.0000011490
0.0000011390
0.0000011940
0.0000011260
0.0000045000
0.0000021440
0.0000021300
0.0000021550
0.0000020270
0.0000016300
0.0000012220
0.0000011880
0.0000012340
0.0000032680
0.0000045610
0.0000021770
0.0000021260
0.0000021260
0.0000011870
0.0000011910
0.0000011890
0.0000011800
0.0000012430
0.0000011750
0.0000045960
0.0000021500
0.0000012380
0.0000011890
0.0000011810
0.0000011980
0.0000011920
0.0000011840
0.0000012530
0.0000011620
0.0000063110
0.0000012390
0.0000012230
0.0000011570
0.0000011560
0.0000011780
0.0000011710
0.0000011530
0.0000012040
0.0000011530
0.0000045360
0.0000021290
0.0000020910
0.0000020840
0.0000020770
0.0000011730
0.0000011770
0.0000011610
0.0000012060
0.0000011480
0.0000044390
0.0000012270
0.0000011950
0.0000011370
0.0000011390
0.0000011490
0.0000011530
0.0000011320
0.0000011960
0.0000011330
0.0000052250
0.0000013520
0.0000013110
0.0000013950
0.0000013080
0.0000013410
0.0000013510
0.0000013090
0.0000013150
0.0000013110
0.0000043910
0.0000021110
0.0000021400
0.0000021160
0.0000021170
0.0000011920
0.0000011990
0.0000011810
0.0000012320
0.0000032260
