0.0084558890
0.0072526770
0.0077397460
0.0079537540
0.0078467070
0.0081800870
0.0081848080
0.0080982530
0.0078920920
0.0079042310
0.0109824200
0.0059340450
0.0060185960
0.0058389390
0.0057883230
0.0037882490
0.0036999890
0.0037168890
0.0036452290
0.0040967900
0.0104795540
0.0035473720
0.0034926440
0.0034984140
0.0042436280
0.0043161330
0.0042198360
0.0047189140
0.0054332320
0.0054309860
0.0116424300
0.0056990730
0.0064891710
0.0066208950
0.0080368310
0.0086026850
0.0098590480
0.0108575990
0.0128602650
0.0130993300
0.0106859300
0.0035352820
0.0040299850
0.0054043120
0.0054508190
0.0045180720
0.0037175230
0.0036346690
0.0036506220
0.0034833530
0.0103198520
0.0035031680
0.0034869740
0.0034926210
0.0034670290
0.0034483750
0.0034213020
0.0034411000
0.0034157960
0.0034146880
0.0108742670
0.0035861030
0.0037465230
0.0035155120
0.0034441450
0.0034244060
0.0033868440
0.0034024400
0.0034467480
0.0033359860
0.0159826390
0.0108232330
0.0098965580
0.0097935320
0.0111439050
0.0109875000
0.0102273770
0.0096857510
0.0107560580
0.0111676450
0.0109588860
0.0043136440
0.0042549300
0.0042443170
0.0046164110
0.0045343010
0.0050694370
0.0056819000
0.0065635630
0.0064380130
0.0105673590
0.0034483330
0.0034129020
0.0034091290
0.0033840120
0.0033763930
0.0033274630
0.0033586840
0.0033509420
0.0033098990
0.0163389260
0.0105331940
0.0098408220
0.0112788130
0.0106352960
0.0106562940
0.0097788950
0.0111196450
0.0123181360
0.0133955040
0.0123053590
0.0039021930
0.0053116730
0.0064155930
0.0057501490
0.0054426580
0.0036624890
0.0035724390
0.0033827090
0.0034034210
0.0102000180
0.0034370190
0.0034026560
0.0034714700
0.0034372140
0.0034564550
0.0033749180
0.0033910950
0.0034113760
0.0033522070
0.0135743540
0.0101947260
0.0121389290
0.0130902470
0.0124665190
0.0140802220
0.0128800920
0.0105077650
0.0101638050
0.0109689640
0.0108666950
0.0036982710
0.0036147710
0.0034806350
0.0036114840
0.0036264970
0.0035632170
0.0035412720
0.0036176360
0.0034091060
0.0105376560
0.0034861960
0.0034424940
0.0036101130
0.0036088130
0.0034077930
0.0033800200
0.0033904470
0.0033608120
0.0033580920
0.0144586570
0.0080776680
0.0082077910
0.0060177890
0.0058572530
0.0069101640
0.0069052260
0.0066211630
0.0065912560
0.0045554360
0.0109928630
0.0068686310
0.0068489020
0.0070220170
0.0084092140
0.0064854380
0.0073160700
0.0074555350
0.0075646010
0.0088947370
0.0132611760
0.0073072660
0.0062806650
0.0063509370
0.0073493200
0.0073317310
0.0062752050
0.0063457340
0.0057968920
0.0057086460
