0.0032322470
0.0017121810
0.0016759430
0.0016712850
0.0016681290
0.0016765770
0.0017025910
0.0016655800
0.0016585920
0.0016520170
0.0031504020
0.0017127720
0.0016844220
0.0016919030
0.0016857600
0.0016922370
0.0016783930
0.0016727120
0.0016568160
0.0016848090
0.0031512280
0.0017087080
0.0016827830
0.0016752810
0.0016837880
0.0016769830
0.0016771860
0.0016654710
0.0016584820
0.0016457710
0.0032851690
0.0017177980
0.0016911930
0.0016798490
0.0016726080
0.0016795410
0.0016642670
0.0018116920
0.0016671200
0.0016578080
0.0032015490
0.0017083380
0.0017109950
0.0016905570
0.0017275410
0.0016951040
0.0017044660
0.0016690100
0.0016702400
0.0016525440
0.0031425900
0.0016988080
0.0016885210
0.0016780970
0.0017123870
0.0016772040
0.0017013370
0.0016965010
0.0016703620
0.0016562790
0.0033165400
0.0018191050
0.0017331370
0.0017517680
0.0017185760
0.0017449070
0.0017093550
0.0020954570
0.0017783800
0.0017079520
0.0031581400
0.0017198800
0.0016849720
0.0016785230
0.0016850930
0.0016833150
0.0016756880
0.0016672760
0.0016619150
0.0016585480
0.0031575610
0.0017168630
0.0016889660
0.0016803670
0.0016940780
0.0017181360
0.0016926180
0.0016872980
0.0016623730
0.0016796580
0.0031396500
0.0016986720
0.0016812160
0.0016673720
0.0017355440
0.0016809860
0.0017032600
0.0016643060
0.0016917470
0.0016476070
0.0031494890
0.0017141890
0.0016774260
0.0017047790
0.0016791670
0.0016863690
0.0016764200
0.0016668630
0.0016673010
0.0016518970
0.0031877480
0.0017114220
0.0017058120
0.0016996220
0.0016967440
0.0016889360
0.0016816990
0.0017101810
0.0016707550
0.0016596410
0.0031619330
0.0017048450
0.0016838290
0.0016780200
0.0016775540
0.0017053310
0.0016689410
0.0017058020
0.0016652200
0.0016865400
0.0032117300
0.0017238800
0.0017471380
0.0016845690
0.0017297280
0.0016925000
0.0016860310
0.0016719790
0.0016605340
0.0016982930
0.0039389460
0.0018879120
0.0018432060
0.0018708350
0.0018550200
0.0018626770
0.0018829780
0.0018477810
0.0018427270
0.0017989750
0.0031355180
0.0017016090
0.0016772390
0.0016604470
0.0016757990
0.0016764000
0.0016697070
0.0016598230
0.0016575150
0.0016348520
0.0032898310
0.0017359880
0.0016712540
0.0016717850
0.0016710800
0.0016759260
0.0017001090
0.0016643610
0.0016920210
0.0016371650
0.0031514700
0.0016990380
0.0017011630
0.0016679530
0.0017155430
0.0016776330
0.0016727490
0.0016559470
0.0016574830
0.0016493590
