0.0000363020
0.0000116350
0.0000075730
0.0000074820
0.0000070750
0.0000074230
0.0000081330
0.0000070880
0.0000062060
0.0000068760
0.0000403090
0.0000088040
0.0000081960
0.0000069960
0.0000071310
0.0000067290
0.0000069770
0.0000067740
0.0000064700
0.0000066880
0.0000731080
0.0000112040
0.0000092940
0.0000090820
0.0000095220
0.0000093590
0.0000090090
0.0000096470
0.0000092460
0.0000094210
0.0000811780
0.0000110730
0.0000113170
0.0000107910
0.0000113780
0.0000111670
0.0000110360
0.0000109720
0.0000108750
0.0000109360
0.0000878130
0.0000122520
0.0000120630
0.0000110790
0.0000116410
0.0000118910
0.0000111400
0.0000119070
0.0000116740
0.0000120980
0.0000791460
0.0000114150
0.0000109220
0.0000110480
0.0000107830
0.0000106600
0.0000104240
0.0000106730
0.0000104680
0.0000106960
0.0000741490
0.0000104240
0.0000106870
0.0000101760
0.0000104830
0.0000107970
0.0000099380
0.0000103290
0.0000102430
0.0000103050
0.0000659790
0.0000109940
0.0000107640
0.0000104730
0.0000107340
0.0000107350
0.0000100350
0.0000104850
0.0000104160
0.0000104280
0.0000831150
0.0000121960
0.0000126310
0.0000115760
0.0000122440
0.0000122310
0.0000111430
0.0000118390
0.0000116300
0.0000119890
0.0000734280
0.0000108000
0.0000112130
0.0000106530
0.0000112290
0.0000112900
0.0000104010
0.0000108980
0.0000108690
0.0000109640
0.0000722730
0.0000107450
0.0000111730
0.0000104470
0.0000109910
0.0000106770
0.0000101760
0.0000108030
0.0000105650
0.0000109610
0.0000851340
0.0000129250
0.0000125260
0.0000114570
0.0000121080
0.0000123080
0.0000114060
0.0000123710
0.0000122750
0.0000119260
0.0000875970
0.0000116560
0.0000119680
0.0000112260
0.0000125050
0.0000119470
0.0000109470
0.0000122020
0.0000117000
0.0000118180
0.0000706580
0.0000111820
0.0000106550
0.0000105840
0.0000109790
0.0000108360
0.0000104510
0.0000103800
0.0000103510
0.0000104820
0.0000741200
0.0000107130
0.0000106490
0.0000103870
0.0000104990
0.0000106710
0.0000102530
0.0000105030
0.0000104990
0.0000108060
0.0000912780
0.0000126620
0.0000124600
0.0000119660
0.0000123660
0.0000123180
0.0000110060
0.0000125710
0.0000127880
0.0000129350
0.0000721220
0.0000115200
0.0000114790
0.0000109060
0.0000114550
0.0000113540
0.0000106920
0.0000116660
0.0000113210
0.0000115510
0.0000799990
0.0000113370
0.0000112790
0.0000105720
0.0000110420
0.0000111820
0.0000107640
0.0000110350
0.0000109160
0.0000108310
0.0000805940
0.0000112050
0.0000107370
0.0000104560
0.0000112120
0.0000107400
0.0000103370
0.0000105860
0.0000105660
0.0000105370
