0.0000163620
0.0000033660
0.0000028590
0.0000028630
0.0000028090
0.0000031810
0.0000029010
0.0000028580
0.0000031240
0.0000031460
0.0000369780
0.0000062810
0.0000063670
0.0000053580
0.0000053120
0.0000058060
0.0000049740
0.0000051990
0.0000054990
0.0000051650
0.0000365620
0.0000061430
0.0000057430
0.0000053420
0.0000053520
0.0000058730
0.0000056370
0.0000051060
0.0000056850
0.0000052990
0.0000297180
0.0000059390
0.0000060020
0.0000053490
0.0000053140
0.0000058040
0.0000053930
0.0000052720
0.0000056490
0.0000051900
0.0000409870
0.0000081050
0.0000079230
0.0000072340
0.0000072460
0.0000078660
0.0000068670
0.0000071590
0.0000074280
0.0000070340
0.0000385400
0.0000066900
0.0000068500
0.0000060830
0.0000063270
0.0000067970
0.0000057540
0.0000061110
0.0000064480
0.0000061550
0.0000580020
0.0000142050
0.0000072440
0.0000066300
0.0000068520
0.0000071600
0.0000068720
0.0000066010
0.0000067090
0.0000063730
0.0000338550
0.0000066120
0.0000065700
0.0000061120
0.0000060810
0.0000064660
0.0000060640
0.0000059160
0.0000061930
0.0000058740
0.0000326320
0.0000071880
0.0000067720
0.0000063590
0.0000060810
0.0000068370
0.0000061320
0.0000059890
0.0000065910
0.0000061160
0.0000390770
0.0000075050
0.0000067090
0.0000063880
0.0000062080
0.0000065870
0.0000058210
0.0000060960
0.0000063120
0.0000060120
0.0000371650
0.0000066940
0.0000068070
0.0000060600
0.0000063230
0.0000067470
0.0000057390
0.0000061190
0.0000064590
0.0000061110
0.0000376580
0.0000069530
0.0000073670
0.0000066780
0.0000062750
0.0000068570
0.0000060980
0.0000060720
0.0000065730
0.0000061470
0.0000325900
0.0000069260
0.0000067060
0.0000063800
0.0000060770
0.0000068110
0.0000059560
0.0000059020
0.0000064540
0.0000061840
0.0000520020
0.0000071830
0.0000071770
0.0000064870
0.0000067670
0.0000071380
0.0000061270
0.0000061370
0.0000065570
0.0000061470
0.0000378490
0.0000068540
0.0000069780
0.0000064670
0.0000064310
0.0000068950
0.0000061510
0.0000061520
0.0000067410
0.0000062020
0.0000413650
0.0000071650
0.0000070790
0.0000075220
0.0000065260
0.0000071530
0.0000060520
0.0000062280
0.0000068270
0.0000064430
0.0000338660
0.0000066390
0.0000066700
0.0000061850
0.0000061540
0.0000066200
0.0000057980
0.0000059680
0.0000063230
0.0000059530
0.0000382380
0.0000068910
0.0000067010
0.0000061720
0.0000061120
0.0000067120
0.0000057260
0.0000058950
0.0000063340
0.0000059570
0.0000372570
0.0000070920
0.0000067850
0.0000064770
0.0000062870
0.0000068760
0.0000065810
0.0000061050
0.0000066350
0.0000062350
