0.0000004870
0.0000001880
0.0000001260
0.0000001120
0.0000001670
0.0000002140
0.0000001100
0.0000001220
0.0000001560
0.0000001450
0.0000013270
0.0000006970
0.0000006560
0.0000007550
0.0000005840
0.0000005860
0.0000004650
0.0000004420
0.0000004000
0.0000005310
0.0000010040
0.0000006570
0.0000006360
0.0000007870
0.0000006060
0.0000005820
0.0000005000
0.0000011850
0.0000002910
0.0000004460
0.0000012170
0.0000007880
0.0000006470
0.0000009090
0.0000006000
0.0000005670
0.0000005040
0.0000008110
0.0000003640
0.0000005040
0.0000011670
0.0000007520
0.0000007070
0.0000008590
0.0000005910
0.0000006280
0.0000005370
0.0000007270
0.0000003990
0.0000005330
0.0000012460
0.0000008300
0.0000008510
0.0000009230
0.0000007220
0.0000006860
0.0000005660
0.0000004920
0.0000004800
0.0000006370
0.0000017720
0.0000010190
0.0000008020
0.0000014070
0.0000006660
0.0000006800
0.0000005860
0.0000005100
0.0000004300
0.0000006410
0.0000014430
0.0000009810
0.0000008390
0.0000009440
0.0000008190
0.0000007440
0.0000006650
0.0000004540
0.0000004800
0.0000006130
0.0000010650
0.0000008380
0.0000007570
0.0000008730
0.0000007000
0.0000007410
0.0000006230
0.0000004130
0.0000004090
0.0000005360
0.0000011410
0.0000007850
0.0000007970
0.0000009560
0.0000007210
0.0000006060
0.0000004610
0.0000004030
0.0000003700
0.0000005350
0.0000009600
0.0000006430
0.0000006370
0.0000007490
0.0000006130
0.0000005860
0.0000004550
0.0000003510
0.0000003870
0.0000005410
0.0000011740
0.0000007510
0.0000007890
0.0000008890
0.0000007690
0.0000006830
0.0000006370
0.0000005460
0.0000003490
0.0000005140
0.0000011030
0.0000006740
0.0000006380
0.0000007970
0.0000006020
0.0000005810
0.0000004770
0.0000003980
0.0000003570
0.0000005120
0.0000011020
0.0000010440
0.0000006630
0.0000008440
0.0000006610
0.0000006180
0.0000004960
0.0000004480
0.0000003560
0.0000005690
0.0000014570
0.0000007380
0.0000007230
0.0000008600
0.0000007510
0.0000006640
0.0000005630
0.0000005030
0.0000004720
0.0000006810
0.0000011370
0.0000006950
0.0000006510
0.0000010710
0.0000005980
0.0000006230
0.0000007930
0.0000005750
0.0000004520
0.0000005480
0.0000010510
0.0000006840
0.0000006550
0.0000008420
0.0000006140
0.0000005800
0.0000005000
0.0000004350
0.0000004110
0.0000005790
0.0000012610
0.0000006890
0.0000006470
0.0000008390
0.0000006240
0.0000005670
0.0000004530
0.0000004630
0.0000003760
0.0000005280
0.0000011190
0.0000007060
0.0000006840
0.0000008440
0.0000006310
0.0000006210
0.0000005370
0.0000004420
0.0000004270
0.0000005290
