0.0000022710
0.0000015170
0.0000015100
0.0000015830
0.0000013970
0.0000013750
0.0000012200
0.0000097160
0.0000013650
0.0000012170
0.0000021850
0.0000013170
0.0000012550
0.0000014160
0.0000013360
0.0000012430
0.0000012490
0.0000016760
0.0000010760
0.0000012040
0.0000024250
0.0000020230
0.0000021640
0.0000021910
0.0000012720
0.0000012260
0.0000011610
0.0000010720
0.0000010210
0.0000011440
0.0000024360
0.0000020890
0.0000020580
0.0000013940
0.0000019420
0.0000012190
0.0000011890
0.0000011060
0.0000010530
0.0000011700
0.0000039540
0.0000017670
0.0000022040
0.0000018230
0.0000017350
0.0000023570
0.0000014790
0.0000013460
0.0000014260
0.0000016580
0.0000027530
0.0000016270
0.0000015370
0.0000016810
0.0000014360
0.0000014010
0.0000016930
0.0000013940
0.0000012360
0.0000013990
0.0000033840
0.0000023830
0.0000016480
0.0000017960
0.0000017370
0.0000015470
0.0000013750
0.0000013100
0.0000011740
0.0000013660
0.0000022680
0.0000018280
0.0000015350
0.0000016740
0.0000015700
0.0000015050
0.0000014240
0.0000013190
0.0000012830
0.0000016770
0.0000026310
0.0000016190
0.0000015250
0.0000017370
0.0000015190
0.0000014700
0.0000014220
0.0000013430
0.0000016500
0.0000013880
0.0000027680
0.0000024200
0.0000024030
0.0000015900
0.0000015030
0.0000014010
0.0000013800
0.0000012640
0.0000011960
0.0000013410
0.0000027690
0.0000015340
0.0000014450
0.0000015320
0.0000014370
0.0000013920
0.0000013500
0.0000012520
0.0000011840
0.0000013310
0.0000031350
0.0000016000
0.0000016950
0.0000016830
0.0000015210
0.0000014360
0.0000013900
0.0000013880
0.0000012630
0.0000013830
0.0000027420
0.0000025030
0.0000019290
0.0000015650
0.0000014970
0.0000014530
0.0000013510
0.0000012670
0.0000012280
0.0000013540
0.0000029300
0.0000016950
0.0000015280
0.0000017290
0.0000015830
0.0000014830
0.0000014520
0.0000013960
0.0000012710
0.0000013930
0.0000028790
0.0000017060
0.0000015640
0.0000016400
0.0000015220
0.0000015620
0.0000016980
0.0000013690
0.0000012300
0.0000014310
0.0000028330
0.0000024290
0.0000024240
0.0000016330
0.0000014530
0.0000013420
0.0000013780
0.0000012870
0.0000011700
0.0000014090
0.0000028490
0.0000024880
0.0000014680
0.0000016370
0.0000014660
0.0000013460
0.0000014060
0.0000013180
0.0000012360
0.0000013650
0.0000030520
0.0000017500
0.0000015180
0.0000016390
0.0000015390
0.0000014740
0.0000014810
0.0000013590
0.0000012350
0.0000014260
0.0000025760
0.0000015710
0.0000015610
0.0000016580
0.0000015250
0.0000014200
0.0000014580
0.0000013210
0.0000012250
0.0000013920
