0.0000097620
0.0000027700
0.0000027540
0.0000026680
0.0000026090
0.0000025550
0.0000027020
0.0000023640
0.0000025450
0.0000024800
0.0000085640
0.0000026620
0.0000026750
0.0000025390
0.0000025310
0.0000025350
0.0000026350
0.0000021770
0.0000024480
0.0000024000
0.0000086080
0.0000026960
0.0000026680
0.0000025260
0.0000025070
0.0000025410
0.0000026340
0.0000021860
0.0000024700
0.0000023910
0.0000127080
0.0000027330
0.0000026780
0.0000025490
0.0000026580
0.0000072130
0.0000028580
0.0000023540
0.0000026820
0.0000026240
0.0000098070
0.0000032950
0.0000030540
0.0000027070
0.0000028590
0.0000028950
0.0000029970
0.0000025600
0.0000028100
0.0000025770
0.0000094060
0.0000027910
0.0000026860
0.0000026070
0.0000025330
0.0000025620
0.0000026550
0.0000021770
0.0000024540
0.0000024300
0.0000088310
0.0000029000
0.0000026650
0.0000027450
0.0000027240
0.0000027490
0.0000027750
0.0000024350
0.0000024610
0.0000030330
0.0000088660
0.0000027230
0.0000026910
0.0000025430
0.0000025210
0.0000025250
0.0000026690
0.0000021720
0.0000024500
0.0000023990
0.0000084370
0.0000026570
0.0000027360
0.0000024950
0.0000024750
0.0000024810
0.0000025910
0.0000021300
0.0000023980
0.0000023560
0.0000093810
0.0000027370
0.0000026900
0.0000025690
0.0000025290
0.0000025480
0.0000026340
0.0000022130
0.0000024540
0.0000023940
0.0000086300
0.0000028740
0.0000028860
0.0000027380
0.0000025450
0.0000026760
0.0000027780
0.0000023880
0.0000026460
0.0000025890
0.0000090470
0.0000028990
0.0000028160
0.0000027310
0.0000025430
0.0000026770
0.0000027920
0.0000023780
0.0000026260
0.0000025950
0.0000084610
0.0000026780
0.0000026190
0.0000025240
0.0000025010
0.0000025210
0.0000025990
0.0000021700
0.0000024200
0.0000023620
0.0000090560
0.0000027580
0.0000027080
0.0000025830
0.0000025380
0.0000025750
0.0000026440
0.0000021980
0.0000024650
0.0000024130
0.0000090220
0.0000026920
0.0000026210
0.0000025460
0.0000024840
0.0000025500
0.0000026290
0.0000021410
0.0000024030
0.0000023420
0.0000092630
0.0000027060
0.0000026800
0.0000025760
0.0000025370
0.0000025390
0.0000026540
0.0000021760
0.0000024470
0.0000024040
0.0000089260
0.0000028420
0.0000027320
0.0000026560
0.0000024870
0.0000026210
0.0000027020
0.0000023540
0.0000025630
0.0000025060
0.0000096620
0.0000027590
0.0000027060
0.0000025930
0.0000025670
0.0000026390
0.0000027000
0.0000022150
0.0000024700
0.0000024230
0.0000090150
0.0000027200
0.0000026790
0.0000025310
0.0000025130
0.0000025300
0.0000026350
0.0000022180
0.0000024540
0.0000023840
0.0000109210
0.0000027170
0.0000026790
0.0000025360
0.0000025280
0.0000025330
0.0000026380
0.0000021930
0.0000024540
0.0000024020
