0.0000003820
0.0000001290
0.0000001100
0.0000000750
0.0000000730
0.0000000670
0.0000000660
0.0000000790
0.0000000690
0.0000000680
0.0000003230
0.0000001770
0.0000001500
0.0000001520
0.0000001490
0.0000001500
0.0000001500
0.0000001720
0.0000001550
0.0000001570
0.0000003780
0.0000001940
0.0000001660
0.0000001750
0.0000001560
0.0000001540
0.0000001720
0.0000001540
0.0000001460
0.0000001570
0.0000004230
0.0000001470
0.0000000840
0.0000001180
0.0000000660
0.0000000770
0.0000001120
0.0000000920
0.0000000730
0.0000000730
0.0000003640
0.0000001790
0.0000001520
0.0000001510
0.0000001500
0.0000001510
0.0000001550
0.0000001580
0.0000001520
0.0000001590
0.0000003970
0.0000001950
0.0000001660
0.0000001610
0.0000001600
0.0000001610
0.0000001610
0.0000001590
0.0000001600
0.0000001590
0.0000003550
0.0000001260
0.0000000770
0.0000000790
0.0000000880
0.0000000720
0.0000000860
0.0000000920
0.0000000810
0.0000000970
0.0000003510
0.0000001950
0.0000001680
0.0000001630
0.0000001570
0.0000001550
0.0000001590
0.0000001580
0.0000001500
0.0000001570
0.0000004110
0.0000001970
0.0000001660
0.0000001740
0.0000001530
0.0000001750
0.0000001590
0.0000000840
0.0000000750
0.0000000680
0.0000003380
0.0000001290
0.0000000800
0.0000001130
0.0000000850
0.0000000760
0.0000001240
0.0000000820
0.0000000790
0.0000000790
0.0000003800
0.0000002100
0.0000001730
0.0000001560
0.0000001510
0.0000001570
0.0000001490
0.0000001500
0.0000001490
0.0000001570
0.0000003590
0.0000001840
0.0000001650
0.0000001560
0.0000001580
0.0000001820
0.0000001570
0.0000001550
0.0000001580
0.0000001570
0.0000003280
0.0000001280
0.0000000740
0.0000001120
0.0000000820
0.0000000800
0.0000001150
0.0000000790
0.0000000720
0.0000000670
0.0000003460
0.0000001830
0.0000001480
0.0000001540
0.0000001490
0.0000001560
0.0000001530
0.0000001490
0.0000001470
0.0000001470
0.0000003820
0.0000001910
0.0000001650
0.0000001740
0.0000001490
0.0000001480
0.0000001700
0.0000001570
0.0000000680
0.0000000720
0.0000003450
0.0000001820
0.0000001500
0.0000001560
0.0000001500
0.0000001540
0.0000001550
0.0000001470
0.0000001530
0.0000001490
0.0000003590
0.0000002210
0.0000001730
0.0000001670
0.0000001590
0.0000001610
0.0000001650
0.0000001540
0.0000001530
0.0000001530
0.0000004440
0.0000002170
0.0000001470
0.0000001500
0.0000001480
0.0000001470
0.0000001480
0.0000001480
0.0000001470
0.0000001590
0.0000003470
0.0000001920
0.0000001650
0.0000001570
0.0000001560
0.0000001530
0.0000001550
0.0000001550
0.0000001560
0.0000001550
0.0000003960
0.0000002090
0.0000001510
0.0000001800
0.0000001500
0.0000001730
0.0000001770
0.0000001530
0.0000001500
0.0000001550
