0.0034798300
0.0037242650
0.0038022690
0.0037082200
0.0040110860
0.0039130320
0.0039914340
0.0040442200
0.0039414220
0.0037949670
0.0046352370
0.0018726060
0.0020326410
0.0021249310
0.0021815400
0.0035200780
0.0032248940
0.0030608380
0.0028713530
0.0030993650
0.0052154650
0.0017950680
0.0016755630
0.0017460300
0.0016481450
0.0016543650
0.0016178530
0.0016711960
0.0016005290
0.0015996010
0.0052927720
0.0018029810
0.0016716320
0.0017200670
0.0016272340
0.0016040460
0.0017834740
0.0017697280
0.0017240540
0.0016758590
0.0075404310
0.0045572740
0.0047859980
0.0053298150
0.0046933290
0.0053490850
0.0045776100
0.0053747740
0.0043695010
0.0046448840
0.0076844980
0.0048132550
0.0050215000
0.0047883080
0.0050529050
0.0055316490
0.0051163940
0.0043745000
0.0042183260
0.0050947490
0.0057799440
0.0025590090
0.0029223040
0.0029624210
0.0029098310
0.0028836800
0.0028425120
0.0023855430
0.0023422560
0.0023443760
0.0054772890
0.0020724650
0.0019897590
0.0020191890
0.0023372820
0.0027428610
0.0022885520
0.0027362340
0.0023291730
0.0026941570
0.0091689780
0.0064343550
0.0059565270
0.0062803150
0.0048186170
0.0046780520
0.0048781290
0.0064559540
0.0055723850
0.0043859380
0.0050728770
0.0017356950
0.0016316140
0.0016321020
0.0016138700
0.0015993380
0.0016285190
0.0015970750
0.0015917940
0.0015470030
0.0051131150
0.0017445160
0.0016295060
0.0016432130
0.0015932000
0.0016080010
0.0015784720
0.0015908210
0.0016254610
0.0015360340
0.0076557220
0.0039541650
0.0035158160
0.0035783160
0.0049469660
0.0049939530
0.0045038280
0.0044877990
0.0050649090
0.0057446530
0.0078033590
0.0028631400
0.0020449240
0.0017290310
0.0017010600
0.0016262880
0.0016442950
0.0015488110
0.0015662920
0.0016009070
0.0069154140
0.0038921330
0.0043400110
0.0046224090
0.0043057520
0.0048067280
0.0052173400
0.0050499910
0.0048250600
0.0047483610
0.0052477030
0.0018000840
0.0017057060
0.0017368900
0.0016537610
0.0016848090
0.0016258580
0.0019653130
0.0019625370
0.0019412880
0.0048503070
0.0016939590
0.0015756920
0.0016304260
0.0015734710
0.0015784380
0.0015404710
0.0015609970
0.0015621050
0.0015192050
0.0055929740
0.0017531900
0.0016319560
0.0016651020
0.0015947690
0.0015660950
0.0016232070
0.0015772130
0.0015677100
0.0015489940
0.0049135550
0.0017171880
0.0016500810
0.0016875790
0.0016319030
0.0015900900
0.0016047910
0.0015795540
0.0015775730
0.0015919990
0.0052427800
0.0017579640
0.0016723030
0.0016715430
0.0016087120
0.0016146000
0.0015764830
0.0015866810
0.0015742980
0.0015431650
