0.0322567200
0.0209725650
0.0210338720
0.0228896160
0.0251462250
0.0215235630
0.0155687730
0.0135456410
0.0128626030
0.0125819630
0.0259797440
0.0149721590
0.0175341440
0.0199427700
0.0215426110
0.0207575130
0.0248019640
0.0237065240
0.0221668200
0.0203648090
0.0207834750
0.0096425670
0.0107862150
0.0123052460
0.0135479260
0.0163794950
0.0216781130
0.0215845730
0.0212699180
0.0174110070
0.0234435500
0.0136324180
0.0206821080
0.0210038510
0.0250018050
0.0255102010
0.0269033500
0.0252111660
0.0269144820
0.0250799040
0.0235387650
0.0106003830
0.0150372300
0.0157022070
0.0196471100
0.0205799500
0.0223079740
0.0205493090
0.0232862700
0.0225137860
0.0229566190
0.0091406380
0.0088883920
0.0112992410
0.0172739000
0.0184115060
0.0207808090
0.0225081090
0.0206120980
0.0235188240
0.0275273170
0.0151874930
0.0175228940
0.0152026420
0.0175502210
0.0152247110
0.0129376430
0.0125138430
0.0124120930
0.0116778690
0.0238358060
0.0067634070
0.0067775120
0.0068065930
0.0068899630
0.0067801090
0.0068764600
0.0072726840
0.0104495330
0.0074261460
0.0210936850
0.0071511220
0.0071596620
0.0071359170
0.0070751860
0.0070998650
0.0070192390
0.0071137340
0.0070953990
0.0070004790
0.0279689860
0.0160969790
0.0178622170
0.0159800400
0.0178494970
0.0158661250
0.0176397150
0.0157966800
0.0175903170
0.0123993670
0.0242887560
0.0119599810
0.0118913640
0.0117691820
0.0078056030
0.0077410640
0.0071844620
0.0071908300
0.0073456600
0.0071872240
0.0204425870
0.0108288590
0.0107937020
0.0108451880
0.0107802650
0.0107476040
0.0119352320
0.0164335050
0.0169573950
0.0162330150
0.0239337530
0.0067182310
0.0066613210
0.0066702000
0.0067976880
0.0066827990
0.0067838570
0.0067004240
0.0066749220
0.0067771570
0.0230053790
0.0096064500
0.0120153400
0.0119081500
0.0116715450
0.0128097370
0.0121924650
0.0078894020
0.0074133450
0.0074682340
0.0278158560
0.0152145570
0.0126292750
0.0125050200
0.0117372820
0.0122046290
0.0083392680
0.0077868200
0.0073348910
0.0073734060
0.0207150390
0.0074149330
0.0073816250
0.0074382730
0.0073431310
0.0073492160
0.0071987150
0.0073614330
0.0094543300
0.0132379920
0.0246160810
0.0113152920
0.0122665510
0.0096402580
0.0079682660
0.0077691350
0.0072865980
0.0072307970
0.0071678310
0.0071161210
0.0226666090
0.0077380950
0.0073592020
0.0072369020
0.0071690380
0.0071526610
0.0070835470
0.0077638780
0.0072092580
0.0086031130
