0.0389606240
0.0344426720
0.0343820710
0.0344107960
0.0343904420
0.0344098880
0.0343888970
0.0343651970
0.0343885460
0.0344461590
0.0387158170
0.0344394300
0.0343991590
0.0343658340
0.0344241170
0.0344012320
0.0343624690
0.0343925720
0.0343698340
0.0343845580
0.0386847770
0.0343756690
0.0343874710
0.0343735180
0.0343719880
0.0343748200
0.0343702670
0.0344017960
0.0343671830
0.0343880340
0.0395305510
0.0344730190
0.0344109210
0.0343863990
0.0343645960
0.0343639690
0.0344109550
0.0343723060
0.0343761610
0.0343847330
0.0386264820
0.0343699980
0.0344183580
0.0344208760
0.0343634890
0.0343645310
0.0343650510
0.0343648400
0.0343629780
0.0343799270
0.0387130310
0.0343656910
0.0343821670
0.0343706290
0.0343665150
0.0343836390
0.0344042430
0.0343639770
0.0343643900
0.0343936370
0.0385798100
0.0343795060
0.0343607790
0.0344159240
0.0344015980
0.0343660020
0.0343736560
0.0344065400
0.0344032410
0.0343608210
0.0385645770
0.0344390770
0.0343618520
0.0343760500
0.0343684720
0.0343666910
0.0343871280
0.0343751890
0.0343651020
0.0343661220
0.0386048040
0.0343687130
0.0344167460
0.0343830890
0.0343864160
0.0343616910
0.0343949700
0.0343749510
0.0343584440
0.0343923200
0.0385604830
0.0343875410
0.0343940680
0.0343691080
0.0344094450
0.0343828980
0.0344314210
0.0344137070
0.0344088990
0.0344089520
0.0385722610
0.0343714750
0.0343636710
0.0343627010
0.0343697370
0.0343696920
0.0343650950
0.0343793170
0.0343612390
0.0343951920
0.0385276520
0.0343757820
0.0343737900
0.0343630800
0.0343608100
0.0343603330
0.0343847970
0.0343849370
0.0343790100
0.0343615620
0.0385344020
0.0344087860
0.0343698410
0.0343940260
0.0343627020
0.0343618480
0.0343941180
0.0343644150
0.0343821570
0.0343795930
0.0385488870
0.0343912430
0.0343991110
0.0343986230
0.0343730670
0.0343655300
0.0344757310
0.0343587320
0.0344361330
0.0343603600
0.0385991970
0.0343680710
0.0343862810
0.0343632380
0.0343863280
0.0343671340
0.0343745540
0.0343622690
0.0343812130
0.0343964740
0.0385665840
0.0343612240
0.0343712940
0.0343887190
0.0344453240
0.0343791000
0.0343628580
0.0343586210
0.0343875280
0.0343641100
0.0386139810
0.0344147950
0.0344284150
0.0343612940
0.0344341090
0.0345179830
0.0343742210
0.0343869060
0.0344173470
0.0343616710
0.0385371950
0.0343754330
0.0343847560
0.0343726480
0.0343695440
0.0343910700
0.0343698930
0.0343718130
0.0344144810
0.0343721140
0.0385823210
0.0343712920
0.0343762380
0.0343713950
0.0344299180
0.0344021320
0.0343969960
0.0343775210
0.0344010300
0.0345364690
0.0387275400
0.0343659850
0.0343684470
0.0343674680
0.0343707050
0.0343698700
0.0343732890
0.0343705820
0.0343689750
0.0344573150
