0.0045071220
0.0000434950
0.0000415490
0.0000402540
0.0000404300
0.0000401390
0.0000401250
0.0000409960
0.0000400620
0.0000409350
0.0044942310
0.0000432860
0.0000405050
0.0000402220
0.0000401590
0.0000402890
0.0000403070
0.0000402370
0.0000403330
0.0000401310
0.0047013550
0.0000454410
0.0000426720
0.0000421710
0.0000414740
0.0000419630
0.0000420810
0.0000419120
0.0000418240
0.0000420920
0.0046099430
0.0000450060
0.0000417540
0.0000413690
0.0000407320
0.0000407240
0.0000411110
0.0000406000
0.0000408170
0.0000409210
0.0053875360
0.0000517810
0.0000494320
0.0000490390
0.0000481840
0.0000472530
0.0000471680
0.0000471470
0.0000478460
0.0000473740
0.0045031130
0.0000438620
0.0000406680
0.0000405090
0.0000401480
0.0000397350
0.0000406910
0.0000412260
0.0000396660
0.0000408540
0.0045123080
0.0000435480
0.0000411860
0.0000412990
0.0000407390
0.0000407090
0.0000405580
0.0000406290
0.0000404790
0.0000404490
0.0047151070
0.0000451280
0.0000431310
0.0000416720
0.0000417040
0.0000419080
0.0000416710
0.0000419170
0.0000417540
0.0000417760
0.0046811370
0.0000452260
0.0000423790
0.0000419800
0.0000417300
0.0000415310
0.0000418120
0.0000417790
0.0000416400
0.0000419400
0.0045461960
0.0000436520
0.0000406870
0.0000407430
0.0000404870
0.0000405710
0.0000403850
0.0000415120
0.0000403530
0.0000410020
0.0046350360
0.0000455270
0.0000432580
0.0000425490
0.0000419720
0.0000474480
0.0000417760
0.0000413060
0.0000407540
0.0000410580
0.0046621090
0.0000449650
0.0000426110
0.0000419960
0.0000414750
0.0000410800
0.0000409090
0.0000407830
0.0000410420
0.0000418010
0.0047043950
0.0000446440
0.0000431390
0.0000423710
0.0000421000
0.0000417270
0.0000420670
0.0000418790
0.0000427830
0.0000421370
0.0053713710
0.0000510700
0.0000489620
0.0000471860
0.0000475910
0.0000478500
0.0000472950
0.0000475690
0.0000483080
0.0000471370
0.0047382410
0.0000452580
0.0000425550
0.0000417460
0.0000422230
0.0000415840
0.0000413770
0.0000415130
0.0000414100
0.0000418570
0.0045311190
0.0000432930
0.0000411880
0.0000407730
0.0000405000
0.0000403520
0.0000403790
0.0000402130
0.0000402480
0.0000403160
0.0047130400
0.0000445580
0.0000426740
0.0000419750
0.0000420080
0.0000419570
0.0000416230
0.0000417940
0.0000414210
0.0000417480
0.0047011990
0.0000446130
0.0000424050
0.0000424370
0.0000416760
0.0000415250
0.0000414320
0.0000414660
0.0000416110
0.0000414930
0.0047058800
0.0000452940
0.0000429210
0.0000417290
0.0000418530
0.0000414470
0.0000421980
0.0000415650
0.0000413890
0.0000421050
0.0045245610
0.0000430710
0.0000410820
0.0000405430
0.0000411130
0.0000405210
0.0000405330
0.0000406600
0.0000409410
0.0000404840
