0.0047753350
0.0002981800
0.0002977920
0.0002974630
0.0002975570
0.0002990170
0.0002978680
0.0002971440
0.0002970220
0.0002969360
0.0049751360
0.0002992080
0.0003014070
0.0002976280
0.0002988290
0.0002978370
0.0002979560
0.0002968770
0.0002985980
0.0002988700
0.0047573120
0.0002984470
0.0002971240
0.0002982650
0.0002972290
0.0002961470
0.0002990320
0.0003119570
0.0002974620
0.0002968870
0.0047751540
0.0002977750
0.0002980480
0.0002969240
0.0002959710
0.0002974480
0.0002975720
0.0002974630
0.0002971520
0.0002968080
0.0047960020
0.0002987890
0.0002963900
0.0002989570
0.0003005940
0.0002976370
0.0002958100
0.0002971760
0.0002957660
0.0002987140
0.0047882100
0.0002978940
0.0002972290
0.0002978460
0.0003031120
0.0002949520
0.0002965400
0.0002969800
0.0002961740
0.0002969440
0.0049566500
0.0003016510
0.0002989560
0.0002977040
0.0002977950
0.0003009220
0.0002982150
0.0002988080
0.0002985470
0.0002970880
0.0049754690
0.0002994870
0.0002982770
0.0003000660
0.0002979910
0.0002971030
0.0002981420
0.0002955450
0.0002966160
0.0002970440
0.0048814340
0.0002995240
0.0002978570
0.0002985230
0.0002971470
0.0002970250
0.0002977860
0.0002964220
0.0002974190
0.0002977860
0.0048674490
0.0002988320
0.0002977460
0.0002970510
0.0003001060
0.0002994390
0.0002976070
0.0002972140
0.0002967750
0.0002976210
0.0056757440
0.0003031700
0.0003059640
0.0003046370
0.0003021420
0.0003011340
0.0003032280
0.0003060440
0.0003039120
0.0003004560
0.0049357810
0.0003007040
0.0002996020
0.0002986020
0.0002997070
0.0003014830
0.0002974910
0.0002974210
0.0002972710
0.0002963320
0.0047836980
0.0002981130
0.0002981750
0.0002969920
0.0002977770
0.0002996160
0.0002957980
0.0002962310
0.0002953760
0.0002970930
0.0047968230
0.0002988200
0.0002972180
0.0002968530
0.0002971700
0.0002968830
0.0002964020
0.0003151480
0.0002961300
0.0002968360
0.0047675530
0.0002977720
0.0002969440
0.0002955490
0.0002962550
0.0002961100
0.0003077200
0.0002957630
0.0002939410
0.0002961820
0.0088213470
0.0002997300
0.0002986930
0.0002970660
0.0002969760
0.0002953200
0.0003058250
0.0002963940
0.0002971110
0.0002962170
0.0047534430
0.0002982290
0.0002979170
0.0002975360
0.0002983020
0.0002998950
0.0002982560
0.0002979450
0.0002963820
0.0002972030
0.0049035830
0.0002992890
0.0002984410
0.0002997930
0.0002977660
0.0002967290
0.0002952300
0.0002960960
0.0002971080
0.0002967110
0.0047210090
0.0002973920
0.0002980870
0.0002978650
0.0002977670
0.0002964080
0.0002967820
0.0003036390
0.0002960810
0.0002951010
0.0056154360
0.0003034960
0.0003024490
0.0003017430
0.0003003620
0.0002987250
0.0003013020
0.0003006840
0.0002987850
0.0002997900
