0.0050183570
0.0005738800
0.0005709990
0.0005730070
0.0005720840
0.0005710090
0.0005699680
0.0005725650
0.0005713960
0.0005713040
0.0051772730
0.0005855560
0.0005724580
0.0005735080
0.0005721150
0.0005710120
0.0005705940
0.0005712650
0.0005711630
0.0005713560
0.0050110830
0.0005721840
0.0005715640
0.0005728480
0.0005721310
0.0005725700
0.0005745720
0.0005726780
0.0005726800
0.0005729960
0.0050718920
0.0005736040
0.0005720430
0.0005712370
0.0005736490
0.0005708210
0.0005742990
0.0005711370
0.0005699190
0.0005699560
0.0050405820
0.0005720400
0.0005704940
0.0005706930
0.0005719780
0.0005697510
0.0005717750
0.0005722710
0.0005706990
0.0005708880
0.0052034990
0.0005755710
0.0005781400
0.0005743490
0.0005728850
0.0005721780
0.0005721480
0.0005726140
0.0005710920
0.0005730070
0.0051312270
0.0005737780
0.0005739110
0.0005738220
0.0005721260
0.0005723490
0.0005690680
0.0005714360
0.0005742040
0.0005732920
0.0051320290
0.0005777510
0.0005731900
0.0005781940
0.0005775530
0.0005726940
0.0005713810
0.0005806000
0.0005719510
0.0005709400
0.0058865960
0.0005753490
0.0005781010
0.0005793990
0.0005779410
0.0005779380
0.0005794770
0.0005792250
0.0005791730
0.0005774140
0.0049950110
0.0005730440
0.0005753200
0.0005735940
0.0005703970
0.0005756980
0.0005722340
0.0005738590
0.0005734980
0.0005689400
0.0049827710
0.0005754230
0.0005730060
0.0005729180
0.0005731920
0.0005729400
0.0005727090
0.0005712340
0.0005716430
0.0005727370
0.0050495090
0.0005742960
0.0005748300
0.0005752250
0.0005712460
0.0005699090
0.0005723180
0.0005748880
0.0005727560
0.0005733890
0.0050445970
0.0005715380
0.0005709920
0.0005695830
0.0005738970
0.0005742940
0.0005774520
0.0005761970
0.0005733040
0.0005732720
0.0049938140
0.0005733730
0.0005709810
0.0005910000
0.0005716240
0.0005705020
0.0005715070
0.0005723690
0.0005704570
0.0005722170
0.0049237450
0.0005742870
0.0005712890
0.0005720020
0.0005713970
0.0005705570
0.0005703330
0.0005716810
0.0005709820
0.0005673940
0.0049407260
0.0005736610
0.0005729730
0.0005729860
0.0005729350
0.0005703050
0.0005723980
0.0005703450
0.0005712770
0.0005708320
0.0050641300
0.0005719990
0.0005710930
0.0005742130
0.0005727270
0.0005696470
0.0005725080
0.0005710100
0.0005731760
0.0005750110
0.0049635670
0.0005723170
0.0005719560
0.0005773950
0.0005736800
0.0005721380
0.0005779780
0.0005739410
0.0005721680
0.0005722500
0.0050470270
0.0005716110
0.0005711430
0.0005721150
0.0005741040
0.0005710950
0.0005700480
0.0005734850
0.0005717900
0.0005722130
0.0049035090
0.0005749260
0.0005730880
0.0005720960
0.0005719940
0.0005725400
0.0005721240
0.0005687270
0.0005705140
0.0005722810
