0.0045245890
0.0000932460
0.0000914440
0.0000901680
0.0000896780
0.0000982310
0.0000939720
0.0000933590
0.0000932660
0.0000984280
0.0045305630
0.0000935760
0.0000912790
0.0000911850
0.0000905490
0.0000904410
0.0000905290
0.0000902210
0.0000915260
0.0000983750
0.0044722410
0.0000966250
0.0000942080
0.0000942260
0.0000938790
0.0000932700
0.0000943630
0.0000903180
0.0000931700
0.0000941430
0.0045135080
0.0000963630
0.0000941530
0.0000935890
0.0000935610
0.0000928890
0.0000930070
0.0000932950
0.0000932660
0.0000891730
0.0046546340
0.0000936850
0.0000922630
0.0000904920
0.0000903560
0.0000954800
0.0000946960
0.0000901750
0.0000953150
0.0001022970
0.0054322620
0.0001015610
0.0000982220
0.0000970990
0.0000963780
0.0000974430
0.0000971140
0.0000965060
0.0000960550
0.0000960260
0.0045684570
0.0000968520
0.0000966270
0.0000941760
0.0000929820
0.0000936190
0.0000932870
0.0000932270
0.0000933590
0.0000936530
0.0045673090
0.0000966880
0.0000938340
0.0000939730
0.0000938210
0.0000932700
0.0000935130
0.0000937780
0.0000939500
0.0000929510
0.0054059770
0.0001017250
0.0000990170
0.0000976920
0.0000970590
0.0000977410
0.0001013390
0.0000993260
0.0000964420
0.0001011740
0.0045476150
0.0000968190
0.0000938740
0.0000932790
0.0000932360
0.0000932800
0.0000933140
0.0000930140
0.0000935060
0.0000892070
0.0047727350
0.0000949540
0.0000922570
0.0000920960
0.0000940760
0.0000911560
0.0000911720
0.0000913900
0.0000916030
0.0000908890
0.0047408890
0.0000949820
0.0000922200
0.0000915660
0.0000916410
0.0000916960
0.0000913040
0.0000908380
0.0000911710
0.0000910410
0.0047478930
0.0000953130
0.0000929420
0.0000911360
0.0000909370
0.0000913040
0.0000911460
0.0000914050
0.0000910400
0.0000905870
0.0047483920
0.0000944840
0.0000913780
0.0000917980
0.0000945200
0.0000915380
0.0000905240
0.0000915370
0.0000906760
0.0000916270
0.0045711070
0.0000975490
0.0000935670
0.0000893880
0.0000942750
0.0000940380
0.0000929720
0.0000933620
0.0000930020
0.0000941430
0.0046419270
0.0000934340
0.0000914980
0.0000913420
0.0000900340
0.0000907860
0.0000903090
0.0000955910
0.0000903540
0.0000957700
0.0047269700
0.0000949810
0.0000929480
0.0000917700
0.0000949870
0.0000908080
0.0000929440
0.0000903390
0.0000976960
0.0000909720
0.0047927850
0.0000952030
0.0000921580
0.0000922470
0.0000911960
0.0000916490
0.0000913980
0.0000913960
0.0000910900
0.0000909140
0.0047905650
0.0000940270
0.0000915530
0.0000914370
0.0000920580
0.0000907140
0.0000913030
0.0000909460
0.0000911250
0.0000908900
0.0047670020
0.0000945020
0.0000908440
0.0000910530
0.0000955510
0.0000909210
0.0000918330
0.0000910230
0.0000911490
0.0000905240
