0.0045042010
0.0000317070
0.0000286160
0.0000283010
0.0000279270
0.0000280090
0.0000275870
0.0000282080
0.0000257600
0.0000272470
0.0044669570
0.0000291500
0.0000279330
0.0000267440
0.0000270940
0.0000268350
0.0000267330
0.0000269630
0.0000263330
0.0000267780
0.0044325620
0.0000295170
0.0000281720
0.0000270170
0.0000268570
0.0000404040
0.0000279980
0.0000256430
0.0000279210
0.0000265080
0.0044544150
0.0000292880
0.0000271860
0.0000267800
0.0000266260
0.0000268500
0.0000260860
0.0000267490
0.0000271440
0.0000266680
0.0045574240
0.0000309900
0.0000285630
0.0000285580
0.0000285580
0.0000309340
0.0000285480
0.0000271670
0.0000269160
0.0000267750
0.0044603360
0.0000293930
0.0000264120
0.0000270910
0.0000269160
0.0000267380
0.0000270590
0.0000265630
0.0000268730
0.0000265400
0.0045478260
0.0000309260
0.0000285430
0.0000278840
0.0000275970
0.0000280650
0.0000272930
0.0000278370
0.0000275670
0.0000272000
0.0044446950
0.0000294410
0.0000283860
0.0000271540
0.0000268390
0.0000270000
0.0000265000
0.0000268890
0.0000265080
0.0000264440
0.0053867300
0.0000309570
0.0000288770
0.0000281460
0.0000275330
0.0000274380
0.0000272520
0.0000268290
0.0000319420
0.0000275970
0.0044313880
0.0000299760
0.0000282410
0.0000270710
0.0000267400
0.0000270940
0.0000270740
0.0000266860
0.0000269440
0.0000268490
0.0044627460
0.0000295870
0.0000276410
0.0000267930
0.0000266180
0.0000271450
0.0000262460
0.0000269350
0.0000270850
0.0000267080
0.0044626320
0.0000297660
0.0000276470
0.0000271340
0.0000268860
0.0000264710
0.0000267940
0.0000273260
0.0000273980
0.0000267250
0.0044849550
0.0000288790
0.0000274660
0.0000271930
0.0000265920
0.0000261460
0.0000285660
0.0000274790
0.0000270020
0.0000267220
0.0046183850
0.0000307400
0.0000285860
0.0000280090
0.0000279740
0.0000279740
0.0000276740
0.0000276660
0.0000276020
0.0000274360
0.0044726960
0.0000300490
0.0000284250
0.0000275740
0.0000270250
0.0000273700
0.0000271180
0.0000271030
0.0000271020
0.0000270110
0.0045576300
0.0000306270
0.0000282910
0.0000279020
0.0000275800
0.0000274300
0.0000270070
0.0000269730
0.0000271100
0.0000270390
0.0045587320
0.0000302940
0.0000287680
0.0000276880
0.0000275390
0.0000279820
0.0000275790
0.0000273990
0.0000272420
0.0000268810
0.0044902250
0.0000304660
0.0000280430
0.0000275360
0.0000270760
0.0000271530
0.0000270110
0.0000265190
0.0000267770
0.0000269840
0.0046732680
0.0000316720
0.0000298110
0.0000281830
0.0000280010
0.0000280050
0.0000278420
0.0000279150
0.0000278670
0.0000275270
0.0044855710
0.0000302240
0.0000269910
0.0000270450
0.0000265880
0.0000272260
0.0000268210
0.0000270330
0.0000263010
0.0000270500
