0.0037601850
0.0000320970
0.0000281750
0.0000276600
0.0000274460
0.0000272360
0.0000273610
0.0000272560
0.0000283180
0.0000272470
0.0037392800
0.0000314980
0.0000290390
0.0000279780
0.0000284340
0.0000284980
0.0000282610
0.0000281220
0.0000279170
0.0000280330
0.0035568910
0.0000308480
0.0000275170
0.0000272010
0.0000275530
0.0000270030
0.0000272860
0.0000274040
0.0000283620
0.0000276380
0.0043486040
0.0000315960
0.0000282580
0.0000282350
0.0000282080
0.0000313710
0.0000272760
0.0000337700
0.0000273880
0.0000270390
0.0035518680
0.0000318540
0.0000284750
0.0000284130
0.0000357520
0.0000286990
0.0000282120
0.0000280840
0.0000285600
0.0000287370
0.0043542550
0.0000311480
0.0000335110
0.0000336950
0.0000268480
0.0000266830
0.0000270470
0.0000264010
0.0000266300
0.0000328460
0.0035624530
0.0000298940
0.0000285310
0.0000277040
0.0000282030
0.0000286330
0.0000280240
0.0000283400
0.0000281500
0.0000276720
0.0035743860
0.0000310020
0.0000278310
0.0000275590
0.0000275660
0.0000282490
0.0000276210
0.0000280130
0.0000283300
0.0000291260
0.0037384250
0.0000315550
0.0000289580
0.0000284530
0.0000291750
0.0000324780
0.0000329400
0.0000275100
0.0000281900
0.0000278380
0.0035875610
0.0000315240
0.0000279750
0.0000273380
0.0000283640
0.0000280170
0.0000278050
0.0000279740
0.0000281250
0.0000279240
0.0035684250
0.0000305240
0.0000282730
0.0000269310
0.0000268090
0.0000273540
0.0000284790
0.0000279010
0.0000277970
0.0000273660
0.0037136050
0.0000322370
0.0000295770
0.0000284750
0.0000292180
0.0000288630
0.0000285810
0.0000292030
0.0000286910
0.0000289360
0.0035682260
0.0000301420
0.0000289710
0.0000280300
0.0000271650
0.0000277790
0.0000277320
0.0000274000
0.0000272640
0.0000274030
0.0035522280
0.0000303270
0.0000279910
0.0000279670
0.0000272270
0.0000275230
0.0000268740
0.0000277580
0.0000273090
0.0000272200
0.0037027370
0.0000319130
0.0000290570
0.0000285070
0.0000278790
0.0000285910
0.0000284160
0.0000280750
0.0000319260
0.0000291450
0.0036472440
0.0000311700
0.0000289690
0.0000277030
0.0000278470
0.0000273040
0.0000287240
0.0000283570
0.0000278540
0.0000278690
0.0037336320
0.0000317610
0.0000292880
0.0000290230
0.0000284350
0.0000282220
0.0000284710
0.0000282530
0.0000285920
0.0000283980
0.0037131530
0.0000268810
0.0000291000
0.0000284470
0.0000286690
0.0000280610
0.0000285710
0.0000284170
0.0000275220
0.0000284360
0.0035665180
0.0000301140
0.0000277180
0.0000273600
0.0000271780
0.0000271260
0.0000274590
0.0000279420
0.0000286710
0.0000279930
0.0035966250
0.0000316420
0.0000285510
0.0000278530
0.0000422790
0.0000271590
0.0000275970
0.0000274160
0.0000278910
0.0000388030
