0.0044501730
0.0000309210
0.0000277680
0.0000276330
0.0000275900
0.0000273670
0.0000274370
0.0000272360
0.0000274400
0.0000283020
0.0044853400
0.0000300280
0.0000278070
0.0000277310
0.0000278360
0.0000277360
0.0000276980
0.0000274840
0.0000277660
0.0000275780
0.0045045510
0.0000301330
0.0000276090
0.0000274990
0.0000275640
0.0000276140
0.0000274680
0.0000273950
0.0000278610
0.0000272510
0.0046347640
0.0000319570
0.0000290260
0.0000291850
0.0000287500
0.0000281940
0.0000287170
0.0000283210
0.0000287340
0.0000281840
0.0049820040
0.0000356150
0.0000284400
0.0000278920
0.0000275730
0.0000275460
0.0000274000
0.0000276760
0.0000277810
0.0000280740
0.0045181090
0.0000306570
0.0000285540
0.0000278280
0.0000277650
0.0000277170
0.0000281220
0.0000276370
0.0000280150
0.0000278390
0.0046269780
0.0000310260
0.0000286510
0.0000283420
0.0000282110
0.0000284490
0.0000286920
0.0000282110
0.0000283150
0.0000276760
0.0045020200
0.0000304200
0.0000274490
0.0000275020
0.0000274160
0.0000274390
0.0000271480
0.0000271230
0.0000270920
0.0000273080
0.0044921340
0.0000307520
0.0000275330
0.0000275150
0.0000276770
0.0000275400
0.0000276500
0.0000273380
0.0000273350
0.0000271710
0.0044793300
0.0000304960
0.0000278400
0.0000274610
0.0000272910
0.0000276950
0.0000272910
0.0000273100
0.0000271220
0.0000272090
0.0046432130
0.0000322580
0.0000288980
0.0000286760
0.0000285020
0.0000287750
0.0000284420
0.0000283390
0.0000281590
0.0000284070
0.0053558150
0.0000357180
0.0000338630
0.0000325730
0.0000317520
0.0000323320
0.0000330150
0.0000330880
0.0000321780
0.0000318520
0.0045136280
0.0000309030
0.0000282720
0.0000278730
0.0000280300
0.0000281650
0.0000278010
0.0000278740
0.0000274890
0.0000276340
0.0044965300
0.0000305420
0.0000280120
0.0000277530
0.0000277080
0.0000277690
0.0000273510
0.0000275930
0.0000276020
0.0000272190
0.0046871090
0.0000317000
0.0000294590
0.0000288450
0.0000290340
0.0000286520
0.0000290600
0.0000289560
0.0000289420
0.0000287520
0.0046049780
0.0000321520
0.0000289080
0.0000287630
0.0000283750
0.0000284600
0.0000280700
0.0000287490
0.0000283110
0.0000281430
0.0046532150
0.0000313820
0.0000297900
0.0000296130
0.0000290080
0.0000290310
0.0000291450
0.0000291230
0.0000288380
0.0000287860
0.0046616840
0.0000322880
0.0000295350
0.0000292280
0.0000289070
0.0000289010
0.0000290890
0.0000288290
0.0000289020
0.0000288650
0.0045030880
0.0000298710
0.0000277650
0.0000277040
0.0000275790
0.0000277930
0.0000272780
0.0000273310
0.0000272510
0.0000270670
0.0044876770
0.0000308820
0.0000279740
0.0000281130
0.0000278020
0.0000278710
0.0000280100
0.0000275730
0.0000281390
0.0000278600
