0.0048102990
0.0011304970
0.0011338990
0.0011358210
0.0011370260
0.0011588590
0.0011505770
0.0011349280
0.0011330610
0.0011331830
0.0047525890
0.0011302140
0.0011293200
0.0011304280
0.0011312160
0.0011506410
0.0011479730
0.0011327120
0.0011316130
0.0011309690
0.0046162570
0.0011283950
0.0011302520
0.0011321960
0.0011319980
0.0011303280
0.0011330470
0.0011315090
0.0011403070
0.0011447170
0.0047983640
0.0011313970
0.0011341490
0.0011325480
0.0011343650
0.0011336380
0.0011327410
0.0011456240
0.0011303440
0.0011315350
0.0048051560
0.0011314820
0.0011320520
0.0011320930
0.0011319920
0.0011620380
0.0011349670
0.0011319750
0.0011327140
0.0011329370
0.0047980690
0.0011280030
0.0011304370
0.0011313840
0.0011307910
0.0011467080
0.0011464230
0.0011446510
0.0011319760
0.0011314250
0.0046279080
0.0011331780
0.0011419970
0.0011323930
0.0011308030
0.0011317930
0.0011310530
0.0011330070
0.0011299950
0.0011332030
0.0046397050
0.0011432940
0.0011300890
0.0011319680
0.0011293710
0.0011324300
0.0011323620
0.0011336660
0.0011320690
0.0011293720
0.0046141080
0.0011301630
0.0011383160
0.0011312240
0.0011312180
0.0011317320
0.0011330610
0.0011306330
0.0011318940
0.0011290470
0.0054802470
0.0011392690
0.0011396320
0.0011380290
0.0011429830
0.0011405430
0.0011359560
0.0011389250
0.0011403240
0.0011398020
0.0047551820
0.0011321240
0.0011330880
0.0011284540
0.0011324730
0.0011343000
0.0011349860
0.0011302510
0.0011325670
0.0011322150
0.0046477510
0.0011377430
0.0011418230
0.0011318230
0.0011308380
0.0011310660
0.0011352950
0.0011295610
0.0011328030
0.0011297870
0.0047994770
0.0011307900
0.0011322050
0.0011334180
0.0011338350
0.0011484670
0.0011344880
0.0011333940
0.0011341910
0.0011340310
0.0046575820
0.0011410010
0.0011303940
0.0011326500
0.0011285270
0.0011316500
0.0011298800
0.0011334790
0.0011325650
0.0011330340
0.0047529890
0.0011286190
0.0011311440
0.0011356440
0.0011304550
0.0011338410
0.0011337730
0.0011330750
0.0011338220
0.0011324860
0.0047278850
0.0011454460
0.0011316720
0.0011343380
0.0011309760
0.0011349990
0.0011456400
0.0011425970
0.0011308870
0.0011327210
0.0046340850
0.0011323120
0.0011434570
0.0011359040
0.0011319900
0.0011344430
0.0011340690
0.0011323440
0.0011336630
0.0011444290
0.0046255880
0.0011405720
0.0011415290
0.0011310790
0.0011294250
0.0011281640
0.0011336480
0.0011320260
0.0011310330
0.0011688990
0.0047650220
0.0011323800
0.0011311960
0.0011313640
0.0011331720
0.0011333790
0.0011338290
0.0011341610
0.0011312210
0.0011347620
0.0046250050
0.0011263530
0.0011385810
0.0011342640
0.0011288710
0.0011303880
0.0011391200
0.0011318900
0.0011446640
0.0011426660
