0.0129397800
0.0086287290
0.0086189580
0.0086523160
0.0087098250
0.0087299450
0.0087444750
0.0086191380
0.0086201540
0.0087721150
0.0128193970
0.0086526220
0.0086208110
0.0086214620
0.0086330320
0.0086422630
0.0086212770
0.0086300160
0.0086839010
0.0086221790
0.0129035280
0.0086430690
0.0086154020
0.0086182970
0.0086377300
0.0086640120
0.0086217100
0.0086416070
0.0086203660
0.0086207650
0.0128732690
0.0086442210
0.0086490840
0.0086217790
0.0086215310
0.0086692050
0.0086205360
0.0086198320
0.0086290040
0.0086265760
0.0129700130
0.0086240100
0.0086154200
0.0086209690
0.0086392290
0.0086214850
0.0086321640
0.0086231890
0.0086225190
0.0086204410
0.0128163480
0.0086437390
0.0086134110
0.0086161670
0.0086315860
0.0086170580
0.0086180040
0.0086158660
0.0086351610
0.0086202760
0.0129936210
0.0086239730
0.0086135900
0.0086230970
0.0086239520
0.0086422190
0.0086344050
0.0086441270
0.0086191530
0.0086294040
0.0128264330
0.0086229760
0.0086803310
0.0086298290
0.0086154590
0.0086213930
0.0087069460
0.0086311180
0.0086323400
0.0086195300
0.0128487060
0.0086246690
0.0097578560
0.0086272890
0.0086441300
0.0086139640
0.0086344500
0.0086296430
0.0086416370
0.0086360200
0.0127876820
0.0086250690
0.0086555570
0.0086424390
0.0086757370
0.0086342390
0.0086214870
0.0086414920
0.0086205310
0.0086204970
0.0128342760
0.0086237150
0.0086137240
0.0086420840
0.0086350330
0.0086291200
0.0086304130
0.0086196600
0.0086150560
0.0086171260
0.0128333910
0.0086356930
0.0086383540
0.0086284170
0.0086215120
0.0086296490
0.0086343250
0.0086166950
0.0086266920
0.0086408750
0.0130003670
0.0086250230
0.0086125880
0.0086213160
0.0086371420
0.0086166710
0.0086394220
0.0086320280
0.0086282140
0.0086212100
0.0137740440
0.0086307820
0.0086222670
0.0086603410
0.0086305420
0.0086242720
0.0086252310
0.0086288210
0.0086250940
0.0086257170
0.0128149800
0.0086795570
0.0086437490
0.0086254750
0.0086204030
0.0086229900
0.0086143180
0.0086355050
0.0086221500
0.0086176640
0.0128204500
0.0086440130
0.0086583750
0.0086172760
0.0086190190
0.0086460450
0.0086339620
0.0086177180
0.0086492440
0.0086188770
0.0130231980
0.0086267900
0.0086170070
0.0086181510
0.0086214820
0.0086151800
0.0086164510
0.0086203920
0.0086304420
0.0086354330
0.0128219710
0.0086450930
0.0086170250
0.0086232960
0.0086218410
0.0086196760
0.0086235960
0.0086220550
0.0086931290
0.0086433510
0.0128044450
0.0086236930
0.0086203190
0.0086237870
0.0086317880
0.0086336430
0.0086198420
0.0086439870
0.0086183620
0.0086332730
0.0137567570
0.0086341790
0.0086229980
0.0086338930
0.0086304750
0.0086156560
0.0086689860
0.0086196860
0.0086314110
0.0086187950
