0.0043854580
0.0000367800
0.0000331340
0.0000326600
0.0000325730
0.0000322360
0.0000323330
0.0000321080
0.0000321030
0.0000324790
0.0036850090
0.0000306120
0.0000289080
0.0000287300
0.0000284740
0.0000282720
0.0000284500
0.0000284130
0.0000282350
0.0000281270
0.0035301500
0.0000306550
0.0000278780
0.0000274950
0.0000274050
0.0000275180
0.0000275950
0.0000278010
0.0000286590
0.0000275410
0.0036854390
0.0000311180
0.0000292540
0.0000285570
0.0000280300
0.0000280790
0.0000278070
0.0000282460
0.0000281270
0.0000278360
0.0035429940
0.0000305470
0.0000281370
0.0000279220
0.0000325990
0.0000274290
0.0000275120
0.0000279130
0.0000278890
0.0000277980
0.0035852110
0.0000303250
0.0000279730
0.0000278250
0.0000278440
0.0000280020
0.0000441240
0.0000280440
0.0000277770
0.0000277050
0.0035780000
0.0000303890
0.0000279740
0.0000277120
0.0000275860
0.0000276030
0.0000274460
0.0000277090
0.0000278870
0.0000278420
0.0036721830
0.0000321370
0.0000291740
0.0000287940
0.0000281420
0.0000282540
0.0000283430
0.0000283410
0.0000282430
0.0000283490
0.0035776260
0.0000301610
0.0000281320
0.0000276590
0.0000271780
0.0000270210
0.0000271840
0.0000280250
0.0000283180
0.0000282200
0.0037203890
0.0000324660
0.0000297540
0.0000290200
0.0000290030
0.0000282030
0.0000287720
0.0000285100
0.0000285920
0.0000284180
0.0035538520
0.0000304750
0.0000281470
0.0000275380
0.0000276670
0.0000275600
0.0000278630
0.0000284640
0.0000285830
0.0000275180
0.0035545840
0.0000301420
0.0000279110
0.0000275200
0.0000343690
0.0000271780
0.0000273180
0.0000272250
0.0000272600
0.0000276400
0.0037070630
0.0000316140
0.0000293860
0.0000289890
0.0000286660
0.0000287570
0.0000288950
0.0000289040
0.0000288100
0.0000287400
0.0037144020
0.0000314840
0.0000294410
0.0000287090
0.0000288540
0.0000285580
0.0000288740
0.0000287800
0.0000289460
0.0000285340
0.0035869410
0.0000303530
0.0000281220
0.0000281560
0.0000277340
0.0000277970
0.0000283110
0.0000277470
0.0000277270
0.0000275630
0.0037273560
0.0000309750
0.0000294170
0.0000292060
0.0000291420
0.0000290250
0.0000288300
0.0000287400
0.0000290630
0.0000287850
0.0037209570
0.0000315110
0.0000293400
0.0000290800
0.0000292880
0.0000286940
0.0000286730
0.0000289080
0.0000291580
0.0000288940
0.0043542090
0.0000352250
0.0000329970
0.0000319290
0.0000320910
0.0000318630
0.0000316290
0.0000315770
0.0000330680
0.0000318050
0.0035604350
0.0000316700
0.0000278860
0.0000275440
0.0000276420
0.0000275240
0.0000310680
0.0000279830
0.0000291440
0.0000279020
0.0037312670
0.0000317830
0.0000296220
0.0000289370
0.0000290190
0.0000291040
0.0000289740
0.0000290640
0.0000288880
0.0000288700
