0.0035696630
0.0000293790
0.0000269810
0.0000266160
0.0000265750
0.0000262840
0.0000266270
0.0000265810
0.0000270020
0.0000265580
0.0035490720
0.0000295440
0.0000276800
0.0000274430
0.0000265440
0.0000262610
0.0000262790
0.0000262770
0.0000269530
0.0000264350
0.0043342100
0.0000303250
0.0000275440
0.0000263880
0.0000266190
0.0000260340
0.0000260170
0.0000257560
0.0000310490
0.0000328480
0.0043458580
0.0000301590
0.0000282490
0.0000270020
0.0000265300
0.0000263330
0.0000326740
0.0000264730
0.0000269750
0.0000267540
0.0035521670
0.0000288010
0.0000267410
0.0000263060
0.0000262170
0.0000265600
0.0000310770
0.0000264430
0.0000268440
0.0000262590
0.0036373650
0.0000297260
0.0000273880
0.0000269960
0.0000268290
0.0000268640
0.0000266840
0.0000270850
0.0000269040
0.0000267330
0.0037506900
0.0000309100
0.0000279580
0.0000274880
0.0000272220
0.0000271630
0.0000272740
0.0000272990
0.0000271340
0.0000272460
0.0035536950
0.0000294040
0.0000267280
0.0000262720
0.0000263370
0.0000259230
0.0000261170
0.0000261810
0.0000268980
0.0000264750
0.0035648960
0.0000293080
0.0000268420
0.0000263710
0.0000265760
0.0000262170
0.0000260560
0.0000264480
0.0000262790
0.0000259770
0.0043708250
0.0000305180
0.0000333670
0.0000272500
0.0000273750
0.0000268050
0.0000315870
0.0000291280
0.0000278110
0.0000274610
0.0037604730
0.0000297610
0.0000305240
0.0000271160
0.0000265710
0.0000261610
0.0000264940
0.0000262490
0.0000263160
0.0000261860
0.0036744760
0.0000310730
0.0000276680
0.0000275520
0.0000272650
0.0000272340
0.0000272260
0.0000274260
0.0000270730
0.0000271960
0.0037265700
0.0000307000
0.0000281990
0.0000276090
0.0000273160
0.0000270960
0.0000269530
0.0000271460
0.0000270380
0.0000271780
0.0036689890
0.0000293270
0.0000276440
0.0000272300
0.0000269370
0.0000269300
0.0000270410
0.0000265440
0.0000264820
0.0000269570
0.0035527490
0.0000290360
0.0000271210
0.0000265030
0.0000265390
0.0000300150
0.0000269560
0.0000268890
0.0000267690
0.0000266010
0.0043854860
0.0000304410
0.0000271050
0.0000324880
0.0000270920
0.0000268820
0.0000265340
0.0000321910
0.0000321910
0.0000324020
0.0035332320
0.0000291680
0.0000263800
0.0000261250
0.0000259670
0.0000259050
0.0000259430
0.0000261640
0.0000268120
0.0000264470
0.0037097080
0.0000307160
0.0000280090
0.0000275820
0.0000278460
0.0000280840
0.0000275160
0.0000277370
0.0000275740
0.0000277490
0.0037383740
0.0000304830
0.0000281220
0.0000277580
0.0000277790
0.0000274860
0.0000276420
0.0000278690
0.0000276140
0.0000275750
0.0036549120
0.0000301290
0.0000275250
0.0000270190
0.0000270010
0.0000267500
0.0000271070
0.0000267840
0.0000267590
0.0000268420
