0.0124070460
0.0087763300
0.0087784810
0.0087866240
0.0087845030
0.0087890800
0.0087884270
0.0087868430
0.0087943090
0.0087904010
0.0123513990
0.0087760140
0.0087821970
0.0087853750
0.0087949300
0.0087891690
0.0088012870
0.0088099990
0.0088106340
0.0088012940
0.0123197790
0.0087791730
0.0087782390
0.0087734910
0.0087805770
0.0087862020
0.0087963610
0.0087875980
0.0087996630
0.0087798840
0.0124051880
0.0087810690
0.0087849570
0.0087745070
0.0087831070
0.0087803920
0.0087748710
0.0087812720
0.0087752370
0.0087712330
0.0123402760
0.0087797290
0.0087832690
0.0087974010
0.0087748260
0.0088145610
0.0087940010
0.0087782170
0.0087771340
0.0087844370
0.0123301120
0.0087805960
0.0087823220
0.0088347840
0.0087857800
0.0087862070
0.0087959110
0.0087755500
0.0087905790
0.0087774220
0.0123466110
0.0087861390
0.0087757510
0.0087779900
0.0087740510
0.0087756220
0.0087771760
0.0087919930
0.0087857290
0.0087754160
0.0123547960
0.0087760590
0.0087742520
0.0087933320
0.0087765460
0.0088005220
0.0087782930
0.0087849060
0.0087756610
0.0087841200
0.0123205010
0.0087795600
0.0087731730
0.0087913450
0.0087784420
0.0087767210
0.0087777480
0.0087844610
0.0087752200
0.0087846990
0.0122824710
0.0087836380
0.0087857220
0.0087894620
0.0087872470
0.0088014360
0.0087754760
0.0087748740
0.0087774530
0.0087960190
0.0131183620
0.0087855820
0.0087797770
0.0087820310
0.0087785770
0.0087784420
0.0087797950
0.0087822900
0.0087827970
0.0087838690
0.0123284880
0.0087754650
0.0087833510
0.0087856340
0.0087823830
0.0087922980
0.0088012000
0.0087887160
0.0088033130
0.0088045870
0.0123078970
0.0087781270
0.0087728640
0.0087741020
0.0087727160
0.0088097040
0.0087787160
0.0087766330
0.0087768590
0.0087838800
0.0124266350
0.0087815540
0.0087738610
0.0087778520
0.0087882830
0.0087766700
0.0087782860
0.0087777830
0.0087774890
0.0087970530
0.0123252070
0.0087789300
0.0087845010
0.0087956010
0.0087868700
0.0088073190
0.0087873520
0.0087869690
0.0087876920
0.0087984600
0.0124407370
0.0087759100
0.0087769790
0.0087741040
0.0087886790
0.0088057500
0.0087899410
0.0087879120
0.0087868230
0.0087733070
0.0123038960
0.0087798220
0.0087888470
0.0087875930
0.0087786710
0.0087980620
0.0087888540
0.0088092040
0.0087813790
0.0088103170
0.0123643680
0.0087838420
0.0087826580
0.0088055400
0.0087836950
0.0087843200
0.0087885890
0.0087926850
0.0088064250
0.0088109850
0.0124351700
0.0087785430
0.0087848510
0.0087882970
0.0087959500
0.0087869540
0.0087940550
0.0087908840
0.0087906660
0.0087899210
0.0123549430
0.0087804310
0.0087868820
0.0087896290
0.0087826060
0.0087966690
0.0087982510
0.0088126550
0.0088003630
0.0088005090
