0.0041197790
0.0005814720
0.0005805770
0.0005818150
0.0005839490
0.0005949620
0.0005839410
0.0005828240
0.0005851050
0.0005825890
0.0049691940
0.0005913730
0.0005927560
0.0005929840
0.0005915420
0.0005934850
0.0005942700
0.0005940270
0.0005951410
0.0005880040
0.0041320580
0.0005856030
0.0005838670
0.0005851730
0.0005838820
0.0006012220
0.0005820150
0.0005831560
0.0005836630
0.0005815820
0.0041071990
0.0005834770
0.0005825780
0.0005856030
0.0005815840
0.0005970390
0.0005846080
0.0005857380
0.0005840030
0.0005839430
0.0042587590
0.0005833730
0.0005824450
0.0005859610
0.0005813690
0.0005821680
0.0005864370
0.0005843490
0.0005819170
0.0005815400
0.0044019610
0.0005848570
0.0005826430
0.0005840930
0.0005849610
0.0005962780
0.0005834800
0.0005825470
0.0005835280
0.0005829620
0.0040993030
0.0005822650
0.0005850540
0.0005842680
0.0005910460
0.0005806980
0.0005862050
0.0005826780
0.0005837730
0.0005840860
0.0041015800
0.0005806960
0.0005815360
0.0005851160
0.0005838370
0.0005805830
0.0005806430
0.0005792460
0.0005841770
0.0005988340
0.0042906300
0.0005857140
0.0005848590
0.0005851930
0.0005874350
0.0005845470
0.0005865820
0.0005826460
0.0005809120
0.0005816060
0.0042115910
0.0005839890
0.0005818810
0.0005829280
0.0005811110
0.0005847210
0.0005853000
0.0005819830
0.0005800760
0.0005841320
0.0041287460
0.0005861860
0.0005828970
0.0005833880
0.0005944770
0.0005852130
0.0005840970
0.0005841400
0.0005783920
0.0005937400
0.0041819320
0.0005865800
0.0005828270
0.0005831970
0.0005848300
0.0005842570
0.0005848740
0.0005825450
0.0005807230
0.0005823610
0.0040855930
0.0005843250
0.0005835040
0.0005822150
0.0005831810
0.0005825730
0.0005834010
0.0005841720
0.0005837450
0.0005935710
0.0042681860
0.0005861100
0.0005827220
0.0005817860
0.0005849330
0.0005850400
0.0005835240
0.0005843620
0.0005835680
0.0005851560
0.0041107870
0.0005931530
0.0005823990
0.0005832730
0.0005828100
0.0005808280
0.0005850040
0.0005823280
0.0005825280
0.0005960030
0.0042597360
0.0005840510
0.0005846070
0.0005868790
0.0005896100
0.0005829340
0.0005938790
0.0005836510
0.0005851810
0.0005787640
0.0041211960
0.0005830970
0.0005831400
0.0005846400
0.0005992430
0.0005823810
0.0005822920
0.0005840290
0.0005839170
0.0005833700
0.0042213260
0.0005844240
0.0005807230
0.0005828490
0.0005849210
0.0005824900
0.0005862610
0.0005836900
0.0005824370
0.0005812990
0.0041117050
0.0005859110
0.0005841590
0.0005816920
0.0006042500
0.0005829100
0.0005825100
0.0005797360
0.0005788710
0.0005800550
0.0042100460
0.0005825810
0.0005860180
0.0005862580
0.0005832220
0.0005833530
0.0005852070
0.0005847200
0.0005898020
0.0005844750
