0.0047631980
0.0001630450
0.0001592020
0.0001591920
0.0001597050
0.0001600640
0.0001598410
0.0001604000
0.0001593420
0.0001597830
0.0047770900
0.0001636930
0.0001617460
0.0001619570
0.0001614460
0.0001594030
0.0001590250
0.0001619460
0.0001580900
0.0001574270
0.0045707000
0.0001626350
0.0001623170
0.0001604490
0.0001605320
0.0001592700
0.0001599060
0.0001602470
0.0001590300
0.0001575610
0.0046135150
0.0001619510
0.0001619540
0.0001619230
0.0001614080
0.0001618760
0.0001612860
0.0001618650
0.0001583050
0.0001614300
0.0047192950
0.0001620990
0.0001595980
0.0001598280
0.0001590450
0.0001587060
0.0001591030
0.0001589150
0.0001590270
0.0001586770
0.0046092760
0.0001636630
0.0001678100
0.0001603080
0.0001596130
0.0001598800
0.0001612860
0.0001593110
0.0001605690
0.0001598810
0.0046446460
0.0001632860
0.0001600950
0.0001581610
0.0001576710
0.0001576700
0.0001585150
0.0001618820
0.0001601300
0.0001613660
0.0046246820
0.0001632900
0.0001609270
0.0001615430
0.0001619230
0.0001596590
0.0001600280
0.0001595400
0.0001595630
0.0001611750
0.0046472480
0.0001618370
0.0001625880
0.0001621330
0.0001627950
0.0001608300
0.0001602240
0.0001571580
0.0001606640
0.0001586270
0.0048185830
0.0001626410
0.0001614320
0.0001604380
0.0001593080
0.0001611290
0.0001590490
0.0001587920
0.0001595990
0.0001600960
0.0047358610
0.0001614500
0.0001610970
0.0001600760
0.0001584470
0.0001589320
0.0001587210
0.0001586910
0.0001584870
0.0001588130
0.0048017490
0.0001631810
0.0001609660
0.0001596870
0.0001648380
0.0001596590
0.0001589390
0.0001592450
0.0001600290
0.0001591570
0.0046205600
0.0001640640
0.0001633430
0.0001622000
0.0001620970
0.0001605870
0.0001603560
0.0001605840
0.0001606390
0.0001619370
0.0046266370
0.0001632700
0.0001624770
0.0001608740
0.0001597920
0.0001602710
0.0001601850
0.0001587490
0.0001606690
0.0001604650
0.0046303900
0.0001636420
0.0001661360
0.0001620730
0.0001605330
0.0001603350
0.0001626280
0.0001614040
0.0001605910
0.0001605320
0.0048103130
0.0001620230
0.0001601680
0.0001596290
0.0001589450
0.0001595950
0.0001590790
0.0001596330
0.0001586200
0.0001593690
0.0048158730
0.0001650700
0.0001609420
0.0001613140
0.0001598330
0.0001609120
0.0001590350
0.0001596560
0.0001595470
0.0001598000
0.0046150160
0.0001641330
0.0001611530
0.0001612210
0.0001599580
0.0001599140
0.0001592730
0.0001604510
0.0001620430
0.0001571110
0.0048220630
0.0001637520
0.0001617990
0.0001620200
0.0001598550
0.0001616430
0.0001596600
0.0001606640
0.0001610460
0.0001601790
0.0048582290
0.0001624110
0.0001605440
0.0001613110
0.0001596270
0.0001590620
0.0001589850
0.0001585720
0.0001592060
0.0001598630
