0.0036776670
0.0000446040
0.0000425140
0.0000420980
0.0000416610
0.0000417650
0.0000419740
0.0000413040
0.0000417260
0.0000417860
0.0035961780
0.0000437600
0.0000422890
0.0000414670
0.0000415920
0.0000408930
0.0000409520
0.0000411650
0.0000413730
0.0000412710
0.0037171970
0.0000449220
0.0000428850
0.0000426570
0.0000425990
0.0000421330
0.0000418530
0.0000420160
0.0000417400
0.0000429280
0.0035816350
0.0000436780
0.0000419110
0.0000414720
0.0000410740
0.0000416220
0.0000409110
0.0000415460
0.0000406500
0.0000410240
0.0035856290
0.0000437640
0.0000419080
0.0000419750
0.0000417500
0.0000411150
0.0000414140
0.0000416550
0.0000416560
0.0000416060
0.0035668560
0.0000432110
0.0000414340
0.0000407160
0.0000406260
0.0000404770
0.0000413050
0.0000399580
0.0000409070
0.0000409940
0.0035633230
0.0000444630
0.0000416540
0.0000409410
0.0000405840
0.0000410350
0.0000408840
0.0000409010
0.0000409290
0.0000410420
0.0037219610
0.0000455410
0.0000440200
0.0000439780
0.0000431100
0.0000427830
0.0000432380
0.0000427890
0.0000424520
0.0000418510
0.0035882840
0.0000452860
0.0000424010
0.0000411530
0.0000415490
0.0000412870
0.0000404340
0.0000412790
0.0000405650
0.0000417750
0.0035766700
0.0000436860
0.0000420230
0.0000411530
0.0000412490
0.0000413710
0.0000406090
0.0000405820
0.0000416720
0.0000413710
0.0035945840
0.0000434200
0.0000411330
0.0000408380
0.0000411230
0.0000412660
0.0000411410
0.0000403240
0.0000406080
0.0000414080
0.0036936220
0.0000455450
0.0000435800
0.0000423730
0.0000419280
0.0000424670
0.0000419750
0.0000416970
0.0000417380
0.0000420760
0.0037336170
0.0000456800
0.0000438310
0.0000428340
0.0000430670
0.0000427650
0.0000424920
0.0000430190
0.0000428450
0.0000426060
0.0035697860
0.0000440880
0.0000421580
0.0000413300
0.0000409800
0.0000415960
0.0000407580
0.0000405790
0.0000414340
0.0000407550
0.0036916220
0.0000451200
0.0000428740
0.0000420980
0.0000421700
0.0000425240
0.0000423060
0.0000420700
0.0000421960
0.0000420790
0.0035743020
0.0000432180
0.0000417280
0.0000407920
0.0000406420
0.0000405060
0.0000407490
0.0000410540
0.0000401910
0.0000407870
0.0036169860
0.0000438560
0.0000426080
0.0000409150
0.0000414460
0.0000415340
0.0000406020
0.0000411580
0.0000413280
0.0000412530
0.0035876660
0.0000433330
0.0000416960
0.0000414490
0.0000401520
0.0000409170
0.0000409460
0.0000405930
0.0000406620
0.0000411030
0.0035596490
0.0000436780
0.0000417850
0.0000411080
0.0000411610
0.0000407990
0.0000410210
0.0000407420
0.0000406850
0.0000414750
0.0037107820
0.0000447530
0.0000423440
0.0000423320
0.0000423270
0.0000427100
0.0000418570
0.0000421920
0.0000416700
0.0000421290
