0.0211143600
0.0175208730
0.0175319310
0.0175421660
0.0175167800
0.0175183970
0.0175227870
0.0175189850
0.0175194670
0.0175188040
0.0212028670
0.0175283590
0.0175141000
0.0175210580
0.0175185170
0.0175169340
0.0175144930
0.0175190380
0.0175375700
0.0175208220
0.0210859340
0.0175191800
0.0175205080
0.0175215370
0.0175246080
0.0175213210
0.0175363770
0.0175376040
0.0175188940
0.0175409420
0.0210686450
0.0175265800
0.0175471910
0.0175279210
0.0175320400
0.0175199550
0.0175386660
0.0175211890
0.0175214920
0.0175244150
0.0212073850
0.0175212370
0.0175153490
0.0175185140
0.0175422020
0.0175163420
0.0175191260
0.0175312810
0.0175217830
0.0175205020
0.0210860590
0.0175165140
0.0175215850
0.0175200970
0.0175191980
0.0175391820
0.0175182270
0.0175259680
0.0175252350
0.0175259610
0.0210493380
0.0175196790
0.0175227410
0.0175156180
0.0175135340
0.0175146280
0.0175179930
0.0175185700
0.0175178970
0.0175257960
0.0210692450
0.0175355220
0.0175152160
0.0175217900
0.0175256780
0.0175380730
0.0175192930
0.0175388130
0.0175280760
0.0175159410
0.0212255080
0.0175210920
0.0175161840
0.0175152770
0.0175181110
0.0175295190
0.0175158320
0.0175206160
0.0175198310
0.0175158510
0.0211076730
0.0175251140
0.0175147100
0.0175392180
0.0175151340
0.0175684530
0.0175393580
0.0175269370
0.0175323040
0.0175231810
0.0211295020
0.0175187130
0.0175175770
0.0175235300
0.0175164340
0.0175191780
0.0175178340
0.0175297850
0.0175182340
0.0175370440
0.0211044750
0.0175216440
0.0175415860
0.0175290730
0.0175219550
0.0175218800
0.0175165130
0.0175179770
0.0175318110
0.0175186510
0.0210799350
0.0175398660
0.0175179890
0.0175255250
0.0175396220
0.0175198160
0.0175299510
0.0175201340
0.0175179430
0.0175208200
0.0210718720
0.0175305740
0.0175138730
0.0175289430
0.0175257050
0.0175333420
0.0175199990
0.0175164080
0.0175328930
0.0175167510
0.0211562460
0.0175282550
0.0175209540
0.0175155370
0.0175367110
0.0175143020
0.0175178260
0.0175228700
0.0175241200
0.0175517290
0.0210799420
0.0175189310
0.0175173010
0.0175193090
0.0175160680
0.0175354270
0.0175176160
0.0175396800
0.0175164050
0.0175281590
0.0210551650
0.0175298510
0.0175135300
0.0175406520
0.0175176470
0.0175203480
0.0175342050
0.0175188420
0.0175167650
0.0175209430
0.0211958410
0.0175201400
0.0175281200
0.0175237110
0.0175275290
0.0175189360
0.0175199230
0.0175201550
0.0175218630
0.0175239850
0.0210620040
0.0175252210
0.0175172810
0.0175206730
0.0175247980
0.0175236970
0.0175319750
0.0175385160
0.0175258190
0.0175167190
0.0211146670
0.0175311350
0.0175154350
0.0175350820
0.0175163570
0.0175176630
0.0175307540
0.0175244160
0.0175421590
0.0175342910
