0.0059123480
0.0022283670
0.0022171410
0.0022206710
0.0022599110
0.0022227150
0.0022189160
0.0022221810
0.0022196300
0.0022181050
0.0057568890
0.0022184340
0.0022153260
0.0022168890
0.0022267110
0.0022274880
0.0022397840
0.0022185080
0.0022199330
0.0022189600
0.0058362770
0.0022224670
0.0022166630
0.0022197060
0.0022181650
0.0022179830
0.0022192430
0.0022203900
0.0022186320
0.0022183190
0.0058917830
0.0022235990
0.0022252620
0.0022200180
0.0022196450
0.0022180910
0.0022192140
0.0022207230
0.0022174480
0.0022201600
0.0058888610
0.0022232990
0.0022182610
0.0022208050
0.0022215390
0.0022200750
0.0022182760
0.0022201850
0.0022286960
0.0022300850
0.0057495560
0.0022184050
0.0022142730
0.0022179750
0.0022307900
0.0022162780
0.0022187250
0.0022298070
0.0022305770
0.0022184900
0.0057645990
0.0022209580
0.0022144310
0.0022278190
0.0022281960
0.0022270130
0.0022165320
0.0022178390
0.0022179340
0.0022274120
0.0057237240
0.0022213930
0.0022308630
0.0022275280
0.0022301150
0.0022146730
0.0022148710
0.0022172970
0.0022195230
0.0022162660
0.0057537130
0.0022185280
0.0022152600
0.0022288940
0.0022434990
0.0022235770
0.0022240330
0.0022260680
0.0022287800
0.0022261580
0.0065621840
0.0022312030
0.0022210820
0.0022219210
0.0022227940
0.0022222140
0.0022207130
0.0022322420
0.0022309300
0.0022286410
0.0058219210
0.0022174760
0.0022165760
0.0022180230
0.0022164050
0.0022288190
0.0022312620
0.0022213500
0.0022549660
0.0022206340
0.0065372690
0.0022284030
0.0022214170
0.0022223240
0.0022212950
0.0022235160
0.0022201260
0.0022299310
0.0022231920
0.0022205090
0.0065791830
0.0022271540
0.0022177150
0.0022222570
0.0022175060
0.0022241710
0.0022207880
0.0022276240
0.0022225650
0.0022233530
0.0057259480
0.0022186230
0.0022250610
0.0022277660
0.0022252030
0.0022178380
0.0022152650
0.0022281680
0.0022242420
0.0022250660
0.0058323570
0.0022264040
0.0022144200
0.0022186130
0.0022172110
0.0022158070
0.0022314230
0.0022322060
0.0022175370
0.0022165150
0.0057501310
0.0022216520
0.0022173820
0.0022271410
0.0022177800
0.0022179660
0.0022190440
0.0022266520
0.0022278270
0.0022176500
0.0057164570
0.0022205300
0.0022174890
0.0022163420
0.0022286120
0.0022161730
0.0022154190
0.0022230210
0.0022165440
0.0022189660
0.0059031640
0.0022225210
0.0022163640
0.0022201550
0.0022191350
0.0022189330
0.0022173770
0.0022181970
0.0022222580
0.0022165350
0.0057273480
0.0022184680
0.0022146330
0.0022303420
0.0022134590
0.0022149870
0.0022168100
0.0022218990
0.0022175480
0.0022154240
0.0057503900
0.0022203310
0.0022150730
0.0022289550
0.0022321950
0.0022156150
0.0022165050
0.0022162660
0.0022280690
0.0022278070
