0.0036193060
0.0000611730
0.0000601430
0.0000586210
0.0000589110
0.0000586040
0.0000584660
0.0000592970
0.0000589190
0.0000593970
0.0036027360
0.0000616430
0.0000608140
0.0000594550
0.0000593220
0.0000593810
0.0000584220
0.0000590530
0.0000584360
0.0000638700
0.0036033010
0.0000621860
0.0000599690
0.0000590490
0.0000589600
0.0000587700
0.0000591190
0.0000597180
0.0000584580
0.0000693280
0.0035924450
0.0000610550
0.0000592150
0.0000592510
0.0000592780
0.0000593040
0.0000584830
0.0000706690
0.0000589340
0.0000585620
0.0036945350
0.0000624200
0.0000605880
0.0000596780
0.0000595720
0.0000606850
0.0000591840
0.0000596730
0.0000588410
0.0000591300
0.0043994840
0.0000719600
0.0000649160
0.0000633090
0.0000635370
0.0000639690
0.0000628280
0.0000645460
0.0000639000
0.0000633680
0.0035835090
0.0000620470
0.0000595640
0.0000585170
0.0000580420
0.0000585230
0.0000579330
0.0000586070
0.0000589290
0.0000789660
0.0037708010
0.0000635520
0.0000611760
0.0000610750
0.0000606820
0.0000611880
0.0000599090
0.0000600200
0.0000604750
0.0000611220
0.0035974260
0.0000618750
0.0000608860
0.0000596550
0.0000583320
0.0000600550
0.0000586870
0.0000584120
0.0000590870
0.0000591050
0.0036104550
0.0000618910
0.0000590520
0.0000584090
0.0000593030
0.0000579970
0.0000585810
0.0000579040
0.0000580750
0.0000587290
0.0036095940
0.0000615600
0.0000592420
0.0000587060
0.0000583090
0.0000583850
0.0000579460
0.0000590340
0.0000597160
0.0000585480
0.0036858120
0.0000626040
0.0000610410
0.0000601210
0.0000601390
0.0000593250
0.0000593070
0.0000595890
0.0000594930
0.0000600110
0.0037421240
0.0000640430
0.0000608420
0.0000610680
0.0000602670
0.0000630040
0.0000594550
0.0000591930
0.0000584220
0.0000590030
0.0035858330
0.0000618590
0.0000603890
0.0000586170
0.0000587000
0.0000585790
0.0000577390
0.0000591720
0.0000589680
0.0000580180
0.0035955350
0.0000612770
0.0000596190
0.0000582350
0.0000584730
0.0000590200
0.0000586670
0.0000594320
0.0000588710
0.0000587370
0.0036860440
0.0000627090
0.0000598690
0.0000592260
0.0000591120
0.0000589370
0.0000594590
0.0000590530
0.0000591940
0.0000591970
0.0035940800
0.0000610930
0.0000594200
0.0000598880
0.0000584820
0.0000581450
0.0000586050
0.0000591320
0.0000586610
0.0000584750
0.0036903610
0.0000629880
0.0000625320
0.0000590620
0.0000584390
0.0000586970
0.0000594520
0.0000623980
0.0000589320
0.0000582360
0.0035941770
0.0000629980
0.0000597610
0.0000587500
0.0000582160
0.0000579060
0.0000591540
0.0000586970
0.0000590050
0.0000587520
0.0035788670
0.0000630930
0.0000587200
0.0000576790
0.0000590790
0.0000578770
0.0000586260
0.0000583700
0.0000576210
0.0000586270
