0.0054190730
0.0011281800
0.0011150600
0.0011253900
0.0011436910
0.0011304530
0.0011311550
0.0011293600
0.0011331630
0.0011297290
0.0055413690
0.0011282170
0.0011235960
0.0011217420
0.0011263760
0.0011254240
0.0011264090
0.0011261340
0.0011229960
0.0011201500
0.0054016110
0.0011323260
0.0011187630
0.0011188270
0.0011195130
0.0011163650
0.0011303370
0.0011314300
0.0011281310
0.0011412240
0.0063086140
0.0011224460
0.0011243120
0.0011169820
0.0011254140
0.0011254160
0.0011285490
0.0011244710
0.0011287230
0.0011265700
0.0059273260
0.0011279730
0.0011480020
0.0011370300
0.0011275590
0.0011229340
0.0011348080
0.0011637130
0.0011579450
0.0011342510
0.0054367910
0.0011256270
0.0011268670
0.0011222560
0.0011251570
0.0011265620
0.0011236960
0.0011306710
0.0011264400
0.0011281430
0.0054330590
0.0011333320
0.0011270810
0.0011236540
0.0011277310
0.0011515050
0.0011460450
0.0011295980
0.0011268360
0.0011241400
0.0054200980
0.0011095980
0.0011115080
0.0011112380
0.0011122250
0.0011128830
0.0049726790
0.0011167700
0.0011204990
0.0011124460
0.0054222070
0.0011314590
0.0011240000
0.0011331990
0.0011318480
0.0011304470
0.0011392870
0.0011274420
0.0011234850
0.0011261460
0.0054300470
0.0011102970
0.0011095350
0.0011181190
0.0011502830
0.0011132800
0.0011150150
0.0011124430
0.0011087020
0.0011125330
0.0054106480
0.0011140850
0.0011153240
0.0011137090
0.0011143940
0.0011244230
0.0011176680
0.0011141370
0.0011125880
0.0011112810
0.0054183060
0.0011125320
0.0011080150
0.0011107390
0.0011109260
0.0011293560
0.0011246060
0.0011146840
0.0011113490
0.0011113410
0.0054258400
0.0011119790
0.0011089190
0.0011124670
0.0011305780
0.0011120660
0.0011126400
0.0011141900
0.0011140880
0.0011310820
0.0053799980
0.0011132680
0.0011169130
0.0011123260
0.0011277870
0.0011097800
0.0011106460
0.0011280500
0.0011102370
0.0011105890
0.0054439900
0.0011299870
0.0011343440
0.0011278880
0.0011292080
0.0011460440
0.0011447950
0.0011279790
0.0011253220
0.0011246560
0.0063036060
0.0011185840
0.0011193680
0.0011181960
0.0011204880
0.0011177650
0.0011384150
0.0011203860
0.0011212600
0.0011188090
0.0054019310
0.0011276750
0.0011236080
0.0011217320
0.0011247920
0.0011249590
0.0011458800
0.0011246550
0.0011235370
0.0011227280
0.0054114880
0.0011261690
0.0011156380
0.0011186920
0.0011209380
0.0011182360
0.0011264940
0.0011304140
0.0011460380
0.0011236940
0.0063806880
0.0011202490
0.0011181920
0.0011176160
0.0011201310
0.0011195390
0.0011200740
0.0011181150
0.0011176590
0.0011141550
0.0054090660
0.0011112060
0.0011114000
0.0011125080
0.0011136070
0.0011335280
0.0011237850
0.0011119560
0.0011150890
0.0011147540
