0.0065020890
0.0021766580
0.0021756800
0.0021828230
0.0021948760
0.0021810360
0.0021888060
0.0021809390
0.0021856350
0.0021899810
0.0064229230
0.0021762240
0.0021846760
0.0021866630
0.0021826250
0.0021788220
0.0021807850
0.0021975440
0.0021908100
0.0021821860
0.0066348500
0.0021932630
0.0021805520
0.0021927630
0.0021846180
0.0021773070
0.0021831640
0.0021838440
0.0021844440
0.0021840820
0.0064655110
0.0021911620
0.0021755210
0.0022015120
0.0021861500
0.0021816160
0.0021866960
0.0022059110
0.0022049820
0.0021832530
0.0064721620
0.0021833290
0.0021801520
0.0022056220
0.0022039650
0.0021845290
0.0021819180
0.0022112720
0.0022151350
0.0022028300
0.0065896470
0.0021865110
0.0021847460
0.0021861300
0.0021897270
0.0021830250
0.0022128610
0.0021801820
0.0021892080
0.0021868570
0.0066845030
0.0021822950
0.0021787810
0.0021870030
0.0021920410
0.0021811420
0.0021994040
0.0022050190
0.0021829280
0.0021836020
0.0070136490
0.0021877770
0.0021763580
0.0021803600
0.0021932340
0.0021888670
0.0021809260
0.0021837340
0.0021826420
0.0021820390
0.0074176440
0.0021956910
0.0021873620
0.0021870070
0.0021939350
0.0022104360
0.0021887090
0.0021945490
0.0021905980
0.0021898760
0.0064873390
0.0021987950
0.0022036650
0.0022012040
0.0021852120
0.0021814240
0.0021807060
0.0021983310
0.0021996140
0.0022024130
0.0064895770
0.0021865380
0.0021884000
0.0021872450
0.0021850020
0.0021806210
0.0021803890
0.0021815320
0.0021813430
0.0021800180
0.0065100360
0.0022002490
0.0021801640
0.0021805150
0.0021836400
0.0021864830
0.0021861920
0.0021768960
0.0021851130
0.0021793810
0.0065947400
0.0021809130
0.0021795630
0.0021810230
0.0021872440
0.0021823280
0.0021855920
0.0021806940
0.0021791540
0.0021827900
0.0067299510
0.0021911130
0.0021767210
0.0021837110
0.0021813040
0.0021789820
0.0021794590
0.0021975560
0.0021810610
0.0021790630
0.0074462900
0.0021955960
0.0021841370
0.0021852590
0.0021934150
0.0021844210
0.0021853770
0.0021897550
0.0021890220
0.0021888150
0.0064915250
0.0021973140
0.0021770480
0.0022065620
0.0021903660
0.0021790660
0.0021817470
0.0021884250
0.0022051230
0.0021856800
0.0064730130
0.0021800860
0.0021869130
0.0021946840
0.0021914280
0.0021771990
0.0021791250
0.0021794180
0.0021809400
0.0021927550
0.0065111540
0.0021952480
0.0021766220
0.0021799390
0.0021849150
0.0021810000
0.0021825830
0.0021823180
0.0022063700
0.0022094880
0.0066393220
0.0021822110
0.0021795280
0.0021802740
0.0021832750
0.0021995900
0.0021790150
0.0021815510
0.0021837390
0.0021810400
0.0065024350
0.0022062130
0.0021955740
0.0021802730
0.0021828890
0.0021788960
0.0021927870
0.0021953300
0.0022332540
0.0021997160
