0.0036623510
0.0000361190
0.0000339760
0.0000338020
0.0000335610
0.0000334950
0.0000334790
0.0000334280
0.0000335410
0.0000333410
0.0035450070
0.0000363160
0.0000335100
0.0000329190
0.0000332680
0.0000329320
0.0000329090
0.0000326230
0.0000331200
0.0000327600
0.0035680220
0.0000355310
0.0000336810
0.0000332070
0.0000332070
0.0000329820
0.0000329310
0.0000330810
0.0000326330
0.0000329320
0.0035620580
0.0000350190
0.0000337820
0.0000333330
0.0000331080
0.0000333280
0.0000330990
0.0000328970
0.0000329550
0.0000330570
0.0035645070
0.0000359920
0.0000337810
0.0000328230
0.0000331410
0.0000327820
0.0000329710
0.0000328380
0.0000329730
0.0000325800
0.0035570720
0.0000353880
0.0000331520
0.0000330360
0.0000334200
0.0000326590
0.0000332520
0.0000330040
0.0000326490
0.0000329470
0.0036466020
0.0000367290
0.0000343890
0.0000337210
0.0000339510
0.0000334670
0.0000339700
0.0000331830
0.0000336500
0.0000333430
0.0036178150
0.0000357170
0.0000337100
0.0000333340
0.0000329390
0.0000331820
0.0000333140
0.0000339570
0.0000336060
0.0000334450
0.0037058080
0.0000374260
0.0000346380
0.0000341680
0.0000344140
0.0000340130
0.0000340930
0.0000342600
0.0000340510
0.0000340080
0.0035576200
0.0000357100
0.0000339870
0.0000338450
0.0000333400
0.0000336860
0.0000331760
0.0000333680
0.0000333610
0.0000337870
0.0035657120
0.0000362760
0.0000335300
0.0000331600
0.0000329970
0.0000325300
0.0000328210
0.0000325930
0.0000329800
0.0000330200
0.0036737750
0.0000365770
0.0000346140
0.0000339440
0.0000338580
0.0000339910
0.0000337400
0.0000337660
0.0000339290
0.0000334920
0.0035678270
0.0000355660
0.0000336580
0.0000332110
0.0000330160
0.0000330230
0.0000333560
0.0000331750
0.0000330270
0.0000332440
0.0037019450
0.0000376900
0.0000346690
0.0000341950
0.0000341250
0.0000339580
0.0000339360
0.0000339670
0.0000336930
0.0000337850
0.0036547790
0.0000366460
0.0000342960
0.0000338560
0.0000337610
0.0000334130
0.0000334910
0.0000332660
0.0000335790
0.0000338340
0.0035571710
0.0000352390
0.0000335400
0.0000330230
0.0000330760
0.0000328850
0.0000398520
0.0000329220
0.0000337640
0.0000328690
0.0035646480
0.0000349550
0.0000332010
0.0000333890
0.0000330440
0.0000324110
0.0000323860
0.0000326280
0.0000324530
0.0000326930
0.0035612620
0.0000356470
0.0000335000
0.0000331150
0.0000329050
0.0000328730
0.0000328480
0.0000330900
0.0000328320
0.0000329020
0.0035713830
0.0000359750
0.0000335350
0.0000329520
0.0000332070
0.0000329770
0.0000325310
0.0000329740
0.0000332660
0.0000326980
0.0044155510
0.0000388030
0.0000355560
0.0000410970
0.0000343660
0.0000357950
0.0000397770
0.0000401030
0.0000345050
0.0000399120
