0.6466401870
0.0000330510
0.0000275380
0.0000276900
0.0000272760
0.0000274740
0.0000272310
0.0000272730
0.0000274080
0.0000276170
0.0043865710
0.0000292570
0.0000268340
0.0000267720
0.0000265210
0.0000265490
0.0000263030
0.0000263690
0.0000263810
0.0000263050
0.0045472960
0.0000302710
0.0000276040
0.0000270480
0.0000271640
0.0000273600
0.0000267620
0.0000271150
0.0000270820
0.0000269090
0.0046275040
0.0000304870
0.0000276030
0.0000274040
0.0000272130
0.0000273680
0.0000271910
0.0000270860
0.0000269000
0.0000268010
0.0044863510
0.0000294480
0.0000266040
0.0000262690
0.0000261410
0.0000263360
0.0000259440
0.0000261410
0.0000260210
0.0000262840
0.0053350370
0.0000351670
0.0000330240
0.0000322490
0.0000314480
0.0000318430
0.0000314510
0.0000316710
0.0000317340
0.0000315250
0.0044754760
0.0000288110
0.0000265720
0.0000264110
0.0000265380
0.0000263820
0.0000263440
0.0000260640
0.0000261410
0.0000260330
0.0045326040
0.0000285270
0.0000267830
0.0000267200
0.0000263310
0.0000265230
0.0000265250
0.0000266970
0.0000265510
0.0000265380
0.0045315380
0.0000291120
0.0000268460
0.0000268790
0.0000267250
0.0000266400
0.0000264290
0.0000266830
0.0000263620
0.0000259910
0.0045002910
0.0000294250
0.0000264520
0.0000262200
0.0000266290
0.0000266230
0.0000260270
0.0000262460
0.0000262830
0.0000263030
0.0053561880
0.0000362090
0.0000330420
0.0000328550
0.0000322670
0.0000327540
0.0000330410
0.0000324570
0.0000325160
0.0000322900
0.0046540110
0.0000301140
0.0000279410
0.0000274880
0.0000272970
0.0000272250
0.0000272380
0.0000270600
0.0000271290
0.0000268290
0.0045912030
0.0000301930
0.0000277690
0.0000276140
0.0000275320
0.0000274010
0.0000270650
0.0000274720
0.0000302260
0.0000275600
0.0044954210
0.0000290560
0.0000269010
0.0000269210
0.0000266570
0.0000267070
0.0000267050
0.0000264950
0.0000265040
0.0000265800
0.0044918730
0.0000291350
0.0000266080
0.0000264780
0.0000262690
0.0000263270
0.0000263140
0.0000263580
0.0000262860
0.0000260940
0.0047117290
0.0000301630
0.0000281040
0.0000277750
0.0000277140
0.0000279470
0.0000276000
0.0000275480
0.0000274340
0.0000274470
0.0045329850
0.0000290410
0.0000267770
0.0000266190
0.0000263930
0.0000264760
0.0000265120
0.0000269730
0.0000268580
0.0000265080
0.0045470230
0.0000298670
0.0000271500
0.0000269370
0.0000268490
0.0000267920
0.0000263410
0.0000266690
0.0000265560
0.0000269490
0.0046153000
0.0000307300
0.0000271850
0.0000269560
0.0000269020
0.0000270250
0.0000268380
0.0000269460
0.0000267820
0.0000267040
0.0054156850
0.0000382290
0.0000338070
0.0000340200
0.0000334170
0.0000335120
0.0000334080
0.0000332870
0.0000334600
0.0000332090
